101579583781670
10240625507716
103887450605508
104321664443263
10758280226750
107996740184886
10905213269679
114062473644734
114318014887805
116676237681570
11761900841009
123621915489817
12675934751265
128962863544359
129950478097841
131935651655483
133304489112224
134460049880401
13601451416815
136648882733499
145600184408201
146940323005517
151906444355282
153286935844592
154185501003079
158904067847008
166858115220171
168597242065059
183055890770793
183463792166727
184857808028165
187614750168334
189167865327817
195060538418739
195904904900661
200260710570262
209908654535858
210942553705122
214653548705706
216409482365681
218395142751799
222881805776470
226054129585289
232012663760340
233001817374861
236087540813175
244391166083373
244433326111746
244751649301764
249845956083610
254303588521444
259565477162257
261086624341812
261150968003838
26185334740564
266155059293074
270575818663743
27133225752143
275605784165197
29742790838834
31652651698136
32651061522680
35150201229645
38939641084948
40458797832474
42310607233166
44475200058100
44960227893380
47589105931643
4842270494858
56910439028286
58090987923905
58910922658734
61754872639325
69363872977005
7020025969844
70964668226886
77846446986667
78496550008444
87419934593721
87791888275664
89100307327846
89500272118244
90267575344473
95005026829354
