1094909204
122311800
1248504973
1263509809
1298904578
1356780256
1392990552
143261105
1443433728
1469060397
1477684531
151154988
1526383600
1540953332
1544724634
1562713396
1571390409
157515009
1670415341
1787862030
1795211369
1833920107
1836793740
1854686817
190752530
1918492571
1920226855
1922833369
1926277992
1930763924
2016898576
2040412758
2050608893
2114266854
2168190691
2179276581
219776393
2209677572
2411968055
2418099680
2424088289
2500933354
2512757336
2534159973
2568117657
2595141369
2611706548
2626790357
2761750128
2829064737
2838671772
2867321597
2876035770
2959883069
2978690824
2985463491
2994441463
300355000
3024575567
3057565788
3068939436
3073400027
3201923139
3251425831
3260307229
3269109428
3300501616
3301534354
3359297444
3474977379
3512853423
3581079541
3584142931
3623011293
3649222262
367786404
3755206689
3757613643
3787215176
378810491
3796381060
383922413
3875925184
3927002900
3932485807
4006761890
4021120336
4021195636
4023912762
4130222365
4131268260
413435989
4155102734
4163987604
4171286022
4184387645
4212693288
424748627
4254874289
4278444216
428486712
435771046
594438800
597407951
599178506
61136688
637320041
680324040
725677071
742604431
754395789
788601537
800087264
809355501
849400076
860769173
94919832
969920429
980552973
986289370
