102787433196637
121326342301065
129221723482290
137478209137738
151398103684408
151838933388124
152868950939066
154726229348318
165597135254086
172949164379825
181000854983085
194719092407240
20598744086660
213407844284855
219278645256855
222706110459282
225999618845512
237830192891641
247346859826106
266583997614482
280616124393538
2816740180049
39420881956825
40254880437441
40738715643466
42526874296440
50781934601487
58979628620394
66540545247004
80602360639966
88477976803587
95921067257517
98086359774288
