1250030844
1273135408
130256560
1309193105
1360386596
1414870595
1417144219
1475966548
1517917667
1546759870
1564709435
163753495
169048808
1739410427
175217291
1769176331
1787707345
1815297449
1829435161
194041334
1997782306
2058697820
2097114005
2207582799
2219608590
2285770448
2390863086
2390904316
2392988454
24201643
2454326994
2472418526
2544627970
256205413
2580935948
2588589044
2643058095
2653753155
2663822230
2674518621
2725741449
2760081863
2793941898
2822398148
2825975073
2893568427
2933120780
3002188601
3040834795
3076454075
3121028730
317505089
3179293942
3213590932
3219489439
3281408169
3295607184
3343477272
3371112324
3384894837
3547977140
358310179
359687943
3618987654
3630655201
3644516444
3675130989
3710658796
3763837105
3782242237
3798951037
3812179999
3869616500
3967235620
4137138710
4190447217
4195729669
4210656934
425328783
4266277023
524545695
572651098
588390455
609793636
666776315
838656667
875812107
878224206
906791942
94325040
979309460
989641269
990818663
