114766814815786
115810367106485
12578712456779
128812670311159
130270923420674
131329260547825
132566938580496
134899700319594
135194962082430
141274107708576
146894703159950
152116105499030
152755628628694
156603367284241
158904067847008
162648078035514
163460643497933
166611383788602
17121802726063
178844416063350
182533490977786
192871782910009
197232159135800
198370703350499
201015629530946
20425406444656
205689953356160
207516098251708
214670829761004
218739329706744
220694503545062
220761418357857
221964042579429
22492790898616
232351040519789
233722210577437
236183484911686
242298738382430
253865779437253
264376238675283
273513667170844
275713582182562
276210236200426
278589834893319
279444437867406
34390962320572
40410505610584
41478002921981
49283223432489
55573879641440
5560935050871
58243464478986
58923159812858
6693333119125
69627075927074
78750017042542
80144331636029
81971223986403
84470788651699
92141530477845
9403750386547
9593242982946
99399435595222
