103328505234046
125596019625127
128452468495240
130091719041803
146369808559810
146915215408153
151209266863757
153837886887590
166858115220171
168386587758044
172697108890868
179066235954789
181975655761964
196345173115515
209228566613181
214653548705706
216035114027607
2263125347718
233651040300107
238226325293015
247307343226476
251109157850429
257826476996866
258513039973154
262771408689788
271080936167415
273280814150871
278235724623874
279144760916257
28383818015449
32621754767564
34241324506266
38720805853492
44977848556318
82550326408501
97528821911698
99247825139481
