1255691921
1334185636
1383181736
1405055482
1466495565
14679712
1500603612
1587875356
1606018245
1608915174
1675488248
1679466030
1725048003
186249972
1995655683
2125635946
2232278756
2240780070
225397924
2408570845
2438181150
2504769437
2511437416
2596821722
2613164236
2672615384
2698731628
2879084885
2886844811
2920646416
2989356377
3005733674
3053525366
3119825963
312841687
3133673543
3134834479
3207622490
3235090968
3339777359
3482753784
3545324988
3555837050
3703328132
3737879853
3828722781
3833938944
3977525624
3991983761
4109616509
4256718354
447437375
466885991
490891583
550083739
663937572
765932892
770958084
