1003683149
1015962242
1045722126
1053656882
1059751391
1063393118
1082821242
109954030
1101842015
1108011224
111171708
1131239886
1138205696
1141332621
1146484707
1241040905
124553526
1253371352
1261347876
1280936882
1293083834
131679032
1338920221
1343725070
1348673113
1376292309
138635821
140081412
1409519008
1410145272
1414194273
1419693871
143157722
1457903023
1458128366
1460032288
1472661614
1542710136
1565258880
1570452015
1582430754
1603297963
1619082431
1677737230
1680578068
170129245
1711237873
171763842
1755819801
1787619224
1809238356
1864221364
1866177102
1883038887
1888663791
1949301681
2002531389
20461096
2089568616
2116870384
2174380086
2202101600
2218420133
2225960437
223005467
2265188232
2300164443
2302423047
2337788382
2351806753
2353848204
2362180633
2388458813
2397036731
242744408
2454513922
250659947
2514174891
2553966827
2568503918
2581393146
2594966774
2623181620
2630155060
2672573846
2678570068
2710353130
2715213480
272761753
2743098956
2764354135
2770744943
2806146595
2831828851
285881814
2876217864
2934337683
2944105454
2965940585
2979699708
2980186139
2989029629
3042184257
304705742
3072737021
3117315663
3146852058
3160436830
3170720568
318850801
3199852075
3239410310
3239707138
3246864721
325384566
3323567715
3346670884
3380332207
3396038240
3421450805
3423849619
3434721641
3449232558
3460451187
3468412691
3475838166
3492695736
3493423851
3500338212
3521311304
3525036394
3534441741
3562552428
3583032720
3629286131
3637895340
3670297409
3676247617
3677828669
3679026229
3723494961
3753005970
3762274970
3765559227
3813303620
3837270365
3858915561
3876340692
3881566913
3890850298
3894330048
3901088401
3934972476
3936919348
3946489453
3948765037
395635018
3990906107
3997455585
4025328989
4039606704
4045747210
4068443309
4072454854
4075638429
4120377480
4139255911
4145229524
4153487118
4161678895
4163064478
4176401242
4182241944
4195216192
4214792039
421982358
4221042429
4222987603
4225656989
4261382608
4276627427
439029520
440272925
471947705
484840826
488432698
491544831
500403374
513277063
529613320
54299182
545225397
545648303
564673772
56795180
584260519
593453721
604866848
614123141
629622502
69515797
743620007
755323893
759081058
760745698
769586855
788562104
800993656
80584021
890804425
899900147
903030936
912680035
938602243
950893473
961786667
970538505
993520556
996210066
