0
1
1001456575
1002521536
1003159611
1003160031
1007747551
1010241276
1012793823
1013711027
1015940990
1016791939
1018429919
1021315721
1023543166
1024131551
1025
1025376435
1030292654
103220638
1039269947
1044316219
1049234237
1056637407
1064501307
1066035653
1069482463
1073676767
107610591
1077281247
1078067319
1080361439
1080558527
1086259679
1094462204
1098252767
1099780090
1100613502
1108738227
1109854078
1128595935
1129447903
1135410897
1135499842
1135549078
1135615874
1135665357
1135791857
1135874976
1137115195
1138648247
1139056449
1142624632
1142630073
1142636418
1142903882
1143606371
1143715595
1144075146
1148004424
1148127264
1148209675
1148781023
1148918780
1149228382
1149244728
1150353887
1151336567
1153533314
1160054654
1173882750
1174537390
1180893543
118423851
1190200255
1192952287
1193477294
1204552159
1207764742
1209532895
121503983
1216283583
1218315678
1219823066
1220346095
1221984735
1225785823
1227685947
1229455839
123148457
1233519071
1233650143
1245775742
1248788959
1249182894
1250492895
125239475
1255539287
1260913119
1263078924
1266025407
1272381559
1288211173
1290864030
1292239747
1295060492
1309606367
131007423
1314849247
1316806617
1316815087
1324220895
1327217007
1328611807
1332937183
1337065651
1338115966
1342177759
1343881695
1346962127
1353516926
1356923179
1376256479
1376583859
1379927934
1385629566
1386400070
1392837087
1393296558
140052350
1405157855
1406010542
1411317999
1415381051
1429668319
1431175647
1431438510
1431635838
1432814527
1433666015
1438
1438515679
1442271
1447102334
1450770911
1453195743
1458045407
1458308031
1458962911
1467485708
1472726430
1478099423
1480852415
1488191967
1489064
1492190143
1503330783
1503658463
1514668991
1516569055
1518143358
1529676974
1529743110
1536558015
1537178874
1540269709
1548552062
1566311359
1566311598
1566311838
1572208879
1575487358
1578304387
1578828015
1585054655
1586561503
1586758111
1588003775
1591542239
1594032607
1595671007
1595998687
1602291582
1605776184
1615070682
1616905390
1621754815
1624770430
1631322591
1637548511
163774943
163972990
1644102111
1644299139
1646658015
1650328031
1654915551
1665728631
1667170783
1676870111
16777217
16777985
1680802691
1692730303
1697382579
1699678078
1705379710
1705510782
1709507159
1710045536
1714619566
1717742493
1718288863
1720189689
1723269299
1727594555
1728250155
1731135358
1737556447
1763898588
1764280951
1771569631
177890445
1782645035
1782978172
178913759
1789526495
1792345023
1803421566
1808466879
1808467838
1809908910
1825571295
1833436095
1833960383
183960511
184746043
1850343903
1862599135
1865024447
1869021663
1874199487
1881801183
1887046461
1889404798
189138814
1892418015
1893597663
1894121951
1899626975
1903392352
1912340959
1918
1918960095
1919877599
192086495
1922435421
1931477471
1935606719
1954742751
1963065523
1963852255
1963919230
1964836734
1968505311
1975256958
1976435167
1977091007
1981415903
1982248506
1982465918
1982595399
1985938367
1986789675
1990066355
1995768287
2004287967
201327071
2014502296
2023231228
203752383
2037973171
2053466969
2071527903
2079195615
2079719903
2082210271
2083520991
2093482463
209388479
2094990271
2095581054
209716803
2097481598
2106589663
2110914619
2110915998
2112160223
2112684511
2120810975
2121728239
2129002975
2129789407
2136736223
2138178015
2140473214
2143879647
2144535487
2147483887
2147484127
2154694526
2159084479
2162164191
2165047775
2169700831
2172649951
2177368543
2182742495
2185429951
2189513802
2192376287
2192979738
2196570591
2199453935
2203846526
2210922975
2211906015
2215444959
2222654638
2223243743
2242249003
2246444926
224723423
225166591
2265909118
2273575391
2275214271
2276394398
2277088634
2280128991
2280915003
2282751870
2283636939
228590527
2289763263
2297233887
2299920863
2301559263
2310931391
231473631
2315256287
2318730175
2322531263
2327643071
2349924951
2352087999
2358575583
2365915615
236848063
2368820298
2369323487
237154343
2372665523
237371871
2374369759
2379024254
2381841822
2398224683
2404909535
2427191775
2441591930
2450195391
2459697631
2461078722
2463499199
2470907644
2473918703
2490040799
2493710395
2493801798
2496863726
2502754783
250675499
2508455995
251410167
2518812542
2520907955
2526215354
2528183231
253100991
2539456382
2540113660
2544566571
2548826591
2552696572
257
2587821950
2588017119
2592605119
2596340671
2603484035
2615083307
2620391903
2623472095
2624651743
2629894623
2639135199
264569311
2646715208
2650802046
265159615
2653094367
2653815683
2653818620
2668169086
2680029663
2684355519
2685993919
2696282591
2697527535
2699034683
2702378158
2703230846
2708079071
2739931006
276431327
2765095391
2786002694
278725087
2796424716
2803368115
2804351215
2816475615
2819100699
2819246
2820669919
2823553923
282751918
2835875710
2838495711
2842231743
2853307327
2853963646
2860057055
2863664155
2864841183
2865301374
286830884
2873886590
2874934207
2877293023
2884980590
2885485023
2889744863
2892300767
2893218271
289427625
2894977068
2904675003
290653119
290783831
2912682883
2915829630
2923369525
2926051807
2932408799
293470687
2939224543
2939814007
2941780927
2948203694
2953576927
2953642163
2954890162
2963212038
2967012766
2972975403
2977432511
2978545903
2990737278
2993684959
2998260247
300574755
3013673559
3022522238
3024027827
3027370463
3027894511
3030169275
3032678879
3034251743
3045720543
3048998782
3054633079
3062171518
3063220094
3069118039
3071122870
3076129247
3078160863
3089696638
3097362731
3102672766
3114729951
3116236979
3124498184
3127633621
3128543550
3129741052
3131506987
3137536479
3140157919
3144417579
3146188190
3146932460
3156608474
315949535
3162833195
3165126835
3173319135
3174434686
3176530399
318506398
3185181151
3187871244
3188523487
3190823508
3200451459
3200453437
3205930904
3209953759
3212050551
3215589855
3216769503
3217705106
3226468831
322832254
3229550462
3238723703
3240297407
325579441
3256287471
3258229144
3261224010
3268346335
3269132407
3278594039
3282650830
3282895807
3284664379
3298125451
3298885751
3307603838
3311338431
3321606677
3324510687
3337224671
3341158270
3343844287
3351511519
336527659
3372483039
3374646207
3375901628
3376676864
3388146143
3388670431
3390243295
3392734143
339611388
3397779935
3398566847
3400872920
340131899
3419930743
3422422190
3428998428
3432582908
3432776639
3434283487
344721278
3448373727
3459516286
3468427323
3470852575
3471834957
3478324159
3481207683
3482190783
3484222399
3484419007
3484614835
3486921997
3487958790
3488482179
3494118814
3501392351
3504472363
3505521599
3508142559
3510239531
3513516511
3516790584
3524133043
352913278
3529769439
3530621407
3532785534
3537307038
3537443864
3547400062
357695967
3579183583
3579185022
3590261085
3596
3597505430
361694143
3617351760
3618571438
3624599791
362678142
3630432256
3633971679
3637773247
3638495102
3659662271
3667984863
3675522462
3679715328
3682928510
3685679283
3690167584
3692102111
3695652123
3696035710
3698634447
3702650721
3704328257
3704488415
3713860543
3713860782
3713861022
3715040191
3715388742
371786687
3727886206
373358771
3733783007
3734503903
3738239455
3740337926
374997471
3766617862
3768123871
376963551
3770221503
3770746750
3774091004
3780578828
3798468478
3800500094
3801286526
3805217727
3806462393
3807839646
3813277755
3813278655
3818259391
3825009119
3825533407
3826057275
3832349870
3837133099
3842312062
3845286314
3849733891
385090015
385876567
3875865535
3877045183
3879995262
3881108175
3881501571
3881566687
3898868611
3908109247
3913744623
3916300767
3927656657
3934191915
3934519650
393676670
3937665503
394135422
3943957379
3945528629
3955558270
3962175967
39649759
3965518303
3969123742
3969581535
3972792379
3974300127
3977839551
3981989606
3982557663
3982950879
3987277694
3989245692
3992389502
3995468255
3998811610
4002285438
4006412467
4006871999
4007133663
4010672607
4012319473
4021813727
4023977134
4028434182
4030992124
4033675743
4041212383
4042659034
4048880575
406148170
4062314496
4067623871
4070638047
407372255
4076602782
407700415
4086170798
4093052318
4096400608
4101243359
4103981882
4113090604
4122150302
412328518
4123657151
4127785019
4132307843
4135125471
4140433887
4145742303
415039967
4153738115
4158194623
4161864878
4163306431
4164551135
4164790406
4167501214
4172283963
4172284383
4175497086
4177986495
4178248279
4181787523
4185129439
4194305918
4199029784
4202955711
4205447038
4206429358
4207673403
4216717431
4217766367
4224190334
4227727599
4233494587
4238348028
4243194335
4244767199
4246472574
4247390557
4253353854
4257808683
4262527875
4263905150
4266395518
4267901887
4268949983
4278190559
4286567038
4290118111
4291168126
4291494367
429175344
4293724989
4294903678
43254719
432668731
432669151
43732543
438315557
439878591
443289100
44893119
452001851
452002271
453510079
465502687
465961439
475859293
478610307
479
479986623
48038367
483854206
486736831
492177278
496717012
5
500892547
513410942
519177630
525075391
52627326
541932756
544345852
544802686
545981315
554962684
572589950
57344479
576652223
577284267
580977599
581960639
582813566
58786271
5898479
59
599361693
600488069
600835966
600842123
605552699
606077227
608056970
610081816
611647967
613796500
623641535
623837663
649986527
653985662
658442110
664470463
665243854
673449374
675088433
681968095
686362364
686707786
689897951
692409549
693895647
694157791
695469950
707461599
711724796
715784671
715786110
716441470
7192
733676479
734921663
735249343
737740670
737805187
738460607
738854782
742373137
744817119
753402335
760021951
761004511
766640367
768420738
769
771622782
775161726
784335327
78708855
787219391
792264763
794298238
797180143
797967055
805700063
806092979
808124895
810942703
814285759
820183519
825426219
827195871
835060671
835847103
836829783
83690910
844380222
848329112
849282942
858922008
859767263
859767743
869269983
873071071
873202143
87623550
876413107
877658591
884284440
884998623
885719339
894763487
896532959
896598255
899874995
901513695
907019139
907083835
908722355
911690047
916064126
922812895
923009983
92550062
92602847
932841821
932844219
935985631
95289823
95420895
955515839
959
965410935
966656479
967836607
97124471
97125311
975569855
981205951
983498811
983499231
984547807
984549246
987889963
995099103
999162215
