1112675343
1225047813
1242401351
1307444868
1334934591
1337652473
1337691697
1380294651
1410024559
142212201
1447537958
1492015525
1578499355
1659920678
166827197
1704019190
1817312147
1958092286
1985614391
2126434505
2130224948
2225873288
2252239629
2309509816
2323502021
2328727788
2402883857
2423198194
2465836542
2480801002
2500699650
2532753661
2723846865
2725019972
2749884113
2762190004
2809332546
2852926788
2990061896
3022954867
3144941639
3226441379
3268476393
3324255369
3572926398
3602646649
3638818691
3650995189
3674119852
3715645303
3763886165
3814567959
38536847
3947727811
4097685396
4185863962
4220505948
4249663930
4254592545
451039941
456378483
51835943
550358678
555141925
648164291
649541916
711891967
770317802
802089906
8480559
911906057
925687742
