100379801
1021206838
1023761890
1024784856
1122159455
1156966890
1163325520
1190234621
1209691277
124282679
1277442320
1322279633
1324848981
1327408066
1351524048
1402921375
145309625
1465075413
1468417334
1475875419
1496860298
1522583765
155845331
1621909256
1627484991
1636726011
1748778013
1799555096
1802807580
1905159305
1940250673
1942452183
1943770132
1975195705
1983985769
199291202
2066401213
2074110465
2108551646
2134442020
2156496203
2167572106
2180556728
220780383
2248845376
2270536264
2276979848
2278405148
2316196037
2325324935
2345079282
2512232459
2550003310
2555452660
261663841
264539804
2648416505
2686857747
2710930210
2724416194
2750297610
2760577437
2783039205
2820596756
2875530999
2896042365
2943774902
2956941753
2984408755
2984761706
3034588196
3035886005
3082799174
3095659071
3117373054
3131628237
3132984609
319422602
3264099394
3275223808
3311003899
3356265239
3435013598
3447034805
3493034058
3502890373
3530243235
3616610326
3635981713
3653717204
3673362385
3685004716
3686884221
3715961717
3731476509
3747965396
3766684800
3848312453
3851745672
3923416121
3929617956
4000371614
4012842193
4019338342
4037961847
404978199
4060637629
412154719
4177464518
418512980
434852309
465173679
522962238
572481747
58544551
616644655
64036782
676018038
681221649
695541181
707532802
727141251
753415751
760775047
764715831
78332618
79445716
835151703
844588797
882680422
895081871
915570241
940030046
950003152
960476732
