103551587650793
105348667986622
113051345320533
114766814815786
115810367106485
123402363666761
128812670311159
131329260547825
132566938580496
134564698430693
134899700319594
135194962082430
139945807358007
140390162659878
141274107708576
146894703159950
149322994820217
151558701900706
152116105499030
152755628628694
156400053158730
156603367284241
158904067847008
159355216797419
160746651710237
162648078035514
163460643497933
166611383788602
17121802726063
176130546090116
178844416063350
182533490977786
183591063882382
188063729538540
190392705444991
192748314153040
192871782910009
197232159135800
198370703350499
201015629530946
20425406444656
207516098251708
207852071873505
209804555231232
21149796206887
214670829761004
218739329706744
220694503545062
221128978160884
221964042579429
22492790898616
229608584895902
231766461836933
232351040519789
234200747456883
236183484911686
242298738382430
251507245741206
253865779437253
264376238675283
265379239352284
269187673658880
27514089406836
275713582182562
276210236200426
278589834893319
34390962320572
40410505610584
40619508560299
41478002921981
55573879641440
5560935050871
58243464478986
58923159812858
6693333119125
68680345070558
69627075927074
78693150661985
79318314386873
80144331636029
84470788651699
91697328766672
92141530477845
94001785126032
9403750386547
9593242982946
99399435595222
