100755584104418
101280995199451
101339657461354
101352045400085
101475446380381
102466144774425
102715676135048
10356695473733
103728599413444
104478399148388
104481747405903
105650786731417
105666658278630
105667703715844
106369860542361
106550630841820
106738719746560
107220984482659
109114177017171
109219972432812
109282536589792
10971091447044
109930899071553
110103370490147
110261866735911
110970911896736
111022683845719
111057321521339
111148650880415
11178794536231
111804320721952
11271584331569
112929770162441
113351838452907
113362744009579
113706597278876
114120854703946
114178805964431
1160809557741
118192798695206
118767822042881
120377433501692
120607916717327
121038427809961
121810706290587
122948757185786
124845010763618
126279457463464
126682169065600
127031885786798
12823869349890
128242894508760
128397965825539
130550587075518
130986882121385
131441474271092
131524970780397
132167549090985
132177309356518
1321849889705
133322051786261
13366105882300
134368440706350
134912283879714
135447843934548
136148665821953
136818165146940
139927046275841
141752224558661
141784220445692
142908373020976
14344151514171
143557140596711
143888913016260
144393136872019
144948236743876
145702572780609
145711143221773
146112744374198
146656890164038
147394978608260
147504006544863
147747487191956
148347765930575
149413924651036
150088465313793
150455464244905
150477055991263
150643916352008
152407547710
153647048308986
153756229707484
154058270520842
154494570423418
156695248104751
156954650227465
158186722517633
158212403045762
158784397780498
158869999084060
15891176978320
159052199694133
159408600533595
161487015034983
161911102919633
162919902198346
163983095245485
164075623168190
165206523935948
165643528577960
165706101717624
169430064540014
170077531981751
172151565122341
172645288979530
173413608157100
173517397307331
174823423457905
175642860887637
177351269370278
1785478611315
178920278738382
180309585506909
181803959556670
182439975923828
184927726969199
185053449072507
186233234920925
18623854387840
186772438429091
18717975746044
187738150513370
188296715518674
188581022788502
188752889248025
189841152132707
190013000682632
190304892670050
190650322203003
191189777234494
19197345838539
192440994797602
192619215339402
193226585372774
195236187392228
195244297756944
19587381106044
196656633360251
197768563749726
198578680237418
198678084691723
199397548607588
200810558581679
201545021810938
202145384708472
202441365876939
20717025550915
20755827429254
207737413452066
207847245223507
208820083417400
2092572166773
209343331607811
211066953617622
211723130231733
212203160273342
212455883734993
212677409649710
212732494484134
215002566549873
218014180691249
21952830634387
220361080250894
220958775981757
221053490921844
223116790972012
224782037946447
224934073565979
225062971521316
225528349567523
22585259570199
22649938758425
227857542697927
229040781795962
229555708739158
229720324386483
231332283182229
231539610302193
232139999826398
232316257378944
233771901295644
234045339473012
234852550530272
235150972214019
235859199320872
237698221845361
238359588744828
23858285672102
239159873220734
239276611495158
239466903511271
23992002261336
240006053222281
240027164354526
24096367358584
242540821882092
242991045240377
243042765186382
243246221459738
243321601400149
243330791333244
244031956699020
245891472694296
246408505085872
246659613433137
24707786922790
247750121267392
247777712048829
249271923863832
249422153533257
249970347587186
250020026998846
250538904712417
251256879146676
251397801215868
252103994690090
252762024616339
252772349663271
253436125772378
253556098028177
253735951482837
254910493856020
255831515858361
255988277428394
257671170887610
259369856172785
260207584165671
261386031709872
262105607818343
262235728461002
262499037439728
262585358631478
264370144099636
264370728492158
265341231705724
266633059376355
268908672925041
268931547794067
269071643822304
269654556086146
270409921188083
270670263864387
270768994158098
271015491159869
271353023112371
27152484017891
273781893256314
274592370558715
274691251771409
275065184429627
275152668015150
275365974494718
275371889653726
275512412699899
275684000724189
276479331250720
277894043571370
278165153756916
278212318251702
278297568931944
278826315715927
279212425686040
279372669935246
280819662804542
281173208906490
281411500514129
28600158981513
28711763755688
29732814868181
30981311103306
32039640992136
32227524782133
3273228175093
33073972735281
33288985786565
3332248724490
34211375062435
34717240825069
35481539979042
38976556280388
3906452910417
39560472036492
40304190430324
40395228727406
40649483397055
41307825099207
41466796799413
41638810491861
41764688948240
42048180641102
42450073116264
42513182628580
42599737666868
42683532371509
42756750764636
4289836701597
44472118312982
45361774027031
45851882925763
46834873730835
47218809678649
47705158322740
4781758294724
4979203465119
50408758967490
50627891058604
50893010096316
51090459434837
51173487589265
51234898818664
51412853944131
52164756018535
52212776627070
55030225575175
55385948969448
55582403030418
56547813548361
56836442901357
5755531833970
59178360737565
59636600216341
59713888220386
60227518281629
60274578960796
61598156475630
62185322123112
62388448055053
62578942854552
65187092922682
65872930299532
66485343455953
66858504648018
69960927123179
6996316968224
70018281669549
71599184005333
72696752910413
7292998776305
74302588818542
74894821546047
75190470089093
75961247172858
77106129897957
77127765315216
78277707917980
78711340152282
7877154705753
79953234605415
80341449052207
80490158288333
83681879071313
84792723662200
85521056192599
86354056809203
86750065623784
88603358690944
91212668436158
91503190622900
92073233992658
9316250278916
93768738049329
9418633862172
95233104481604
95695626452353
9597762792963
96627325701507
96963735342063
98965717771707
99846723943045
