103360465259828
10809204878753
108228991558494
110689369403626
115055982515799
115712068666870
117210907502290
125168365699978
126258463999338
141414928512538
14232411764698
142744758812170
143852203215012
145784800117833
14993589248719
151761494927832
158199093409307
165601740950010
169906180931203
171770015972530
172230927147976
17865513893554
181568528637518
184567368785778
186689137901499
187978469514237
190333461197355
193484674600198
19378703137435
196599477999341
203000540209048
204794891629470
217355956137801
224360011677963
228218431651313
230980776890668
236829333798024
237817063623089
245485687374362
246109830828586
247467317469423
248959507953002
249737905162989
251963148984917
257657813235823
263267856912923
263490402554832
265553059281892
26962793438057
275401506830731
30125828747374
39382283402171
40110395233678
45598515207319
48315699534509
51246486161634
5258412604399
56349318945284
65774415930597
71552019252707
71649985491053
73706326947846
76528258525143
79835142233027
82425581608470
87502056420945
95525161490393
