10003679431342
100200190627620
100313226874571
100501773940926
10063275782055
100830041410622
100830625390125
10103102533191
101031443326839
101077800618794
101205039078110
101245450809078
101578088346436
10159614094440
10187487273877
101921185921011
101981321582362
102037628986593
102091034991045
10215076424553
102178474127700
102294833790879
102337297918687
10235726439132
102452029257218
102484146439622
102574015921284
102575518985779
102632963065928
103028856152041
103208871889638
103283974909387
103315542474491
103569065432973
103603093203938
103678469751077
103847941963588
104101346886930
104197588341961
104197745042899
104306188774894
10433024327252
104866374606745
104993662708463
105004117268293
105151865950104
105202498327696
105346205916925
105394789083610
10543312710936
105507722131491
105866521547070
106239937854570
106341191658489
106499677667382
106557764473602
10674002316658
106993020603359
107131895443638
107134301692896
107236230573013
107321539088044
10732858940494
107358125292849
107558964370340
107698542627353
107887838197932
10799193653974
108042521224448
10816273853173
108168228202535
10847260395807
108549734179570
108750862137979
108771324419360
108781636081920
108841360176573
108928266485576
109013729069458
109098612807208
10922353908422
109245097909941
109347142124371
109350499557429
109419878720053
109571371349026
109575373738563
109649452132579
109737392426537
109880506716542
109925500859142
110142471094028
110507477705020
110531436898493
110532953212882
11059439779887
110741790236270
11085082720877
110934798193469
110981180385988
111026113218691
111037277641851
111070498387793
111472824626930
111788457536494
111842519562322
112094399322204
112619122568784
112722123086595
112732812416072
113054849531479
113067052512590
113184824154634
113234961558775
113369208092602
113387282660010
113765125453134
113812489711672
113839405829389
113844651085542
113880658067229
113930777585580
114066632475869
114209758499943
114228908975502
114231377852928
114361504051557
114397433513544
114439306060494
114500378373680
114536674148467
114680367471206
114716430480554
114946536465343
11497446908803
115479407003691
115511187956280
115587042603082
11566030399986
11581765255519
11591319842774
115928330190058
116108986291583
1161677016263
116509896963237
116523271054692
116532147627400
116727742643345
116768123798168
116793568107636
116950413899560
116969668379180
117075824170171
117132433508718
117262785122693
117330892439076
117462637788868
117545408109170
117549521446694
117591509985540
117928704719478
118337038768535
11857720320950
118592294238262
118621652188662
119010735005858
119063102269720
119090959815614
119124211937865
119298154869187
119378643349998
119418658963463
119587898500792
119685821422211
119730137156196
119746455108770
119844235333874
120279833140913
120315154073328
120545394440519
120584081329664
120590270980968
120620717723598
120778957930474
121032041502058
121470972287940
121488335787100
121730328729914
121911799660413
121947905473464
122174492007907
122217639211151
122358787175698
12237599866621
122459874667328
122536477636272
122536487787180
122541802065997
122785790047448
122832111399883
122870900834325
123003294455654
123117900509553
123237789790499
123280209071071
123312499350554
123361317601101
123496741383247
123513072092635
123740530828920
123753837718918
123792067055015
124185944767834
124262831764523
124293274496628
124406173926527
124660970422936
124746292388521
124892792342384
12496202202130
125308908546101
125375463771261
125534051530293
125540560743077
125579402117360
125799858126161
125874276853375
125937208705187
126027624186222
12609883297724
126148339239213
126524774489739
126648957057628
126675162082854
126682795361377
126720167537155
126938290559190
126952611287332
126983780196842
127034444733058
127068773017342
127092958766519
12717070266933
127210395382041
127339149027515
127599256242202
127791767694998
127792290639943
127915786248814
127979110630606
128392677043546
128436180580926
128476734808366
128603284360624
128610171619181
128764313208128
12893292923760
128970744631668
128986098593340
12900970315166
129113542165759
129278534629656
129299323352996
129503969183519
12970277277757
129704332137382
130126152415525
130142689046437
13016348118482
130180021114451
130181000945133
13031982835793
130406574522846
13051320122950
130551568475493
130562843338958
130678133693171
13077697080703
130777142336870
130803114852448
13082167470086
130987170030242
131048778282815
131051596822052
13115435293116
131206528944283
131295544287845
131299224951055
131316695466705
131429450459026
13158560795673
131879230984047
132333858574516
132381199091507
132510981910459
13265260797681
132693074837664
132739773693046
132906420323825
133244290594758
133251768946461
133260885389404
133349265356899
133482364903730
133491439228116
133505125374895
133520975564227
133628833856043
133700992955103
133726050826482
133764960309750
133775855349232
133987882738575
133996853392194
13403124682874
134314237887742
13447443563402
13455604459174
134662614162045
13472078999110
134810632164883
134880169066371
134901793639940
134927905040306
135041448246012
135083728590285
135101193709866
135347830035599
135540554588119
13556606182695
135794197559045
136129896439934
136239478409425
136334370299396
136469286703890
136515303978457
136986382216962
137218315703983
137226969391021
137236937869651
137366931345474
137396994004244
137639105415529
137686460394311
137798143906299
1378594200492
137954723521365
138022525244315
138266469063438
138303789122786
138355750485415
138436652558541
13846808427086
138719095564276
138899806397321
13910238249721
139221978071282
139391472392325
139440124810812
139463466044581
139567392203952
139669662756938
139673766264654
139678955241736
140299244297910
140375366255732
140547375950859
140616448339435
140621781139800
140794924741084
140805470131426
140923295867311
141015911486204
141027359501662
14103325684898
14112548570988
141169186223425
141240758608398
141451633873415
141523701494848
141772505302498
141850714911033
142133168770816
142188558688880
142218862399313
142271478693187
14235023319483
142377505050647
142498535082306
142539768390505
142572742729639
142588724583635
142601717749465
142658206823424
142664285733901
142697174314742
14277221734211
142969201029022
143135365119092
143392203246817
143677459372854
143722067956603
143823708411660
14389041439220
14402025687211
144262604086369
144379031702775
144503005107440
144554394788958
144606000214440
144638675510597
144994954399237
145064307352332
14535791718749
145385318559119
145511131609843
145515800975275
145668965363517
14570441095123
145804452413767
145804974677211
145821457166101
14596429752034
146140209367657
14622359139332
146368608130419
146438928545882
146477001234786
146561301840589
14657217678076
14661299886287
14664090995150
146760910484390
146911093833852
147035004868116
147049726897564
147137308105716
147272682274318
147406027006049
14756978013976
147698495949625
147954684270404
147975058247989
148162862747028
148163002480667
148199254083558
148293845063719
1483365064795
148446145315389
148470017979616
148564943887707
148712878367147
148879039758640
148919630713365
148930268091688
149043670546286
149066104406668
149074891838546
1491865888891
149746814227848
149917994394242
149970811899354
150027588541304
150063380029317
150222423746451
150392799578103
150483538559552
150533992326686
150676036524817
150750146879355
150783081318427
150783403416912
151090663275409
15114416853647
151146933947821
151355084860494
151422361987638
151451199791624
151455317110801
151461884965900
151513205381871
151618851430457
151806288175134
15187309050617
151958950281978
152284762237874
152322308137366
152357588072100
152414894613274
152748536669438
152757953353088
152846816383624
153024378135775
153101244321576
153127574716142
153190491002823
153193192947072
153240145167075
153250439798384
153316452797550
15350574214826
153779017541617
153815300707709
153879222885788
153886441439233
154158791800329
15429733462372
154494294548277
154538947465765
154575119082880
154649144167374
154822597046966
154965278973034
155102303685908
155181868159305
155212165457723
155371562324677
155392495604410
155435045637849
1554819114032
155501548490118
155523758774057
155638298359568
155699387231551
15578642925418
1559117142030
155947042472116
156023841112746
156044644474594
156227221354077
156288125649354
156330889494856
156473697687539
156527781382288
156589127060984
156794544653033
156922297201920
15693546657651
156968250012312
157177605785994
157204676000968
157283633008577
157425061165127
157707387076230
157854854058586
157873716452797
157880292078111
157927195815018
158042316114679
158203009677827
158414629387342
158562805919240
158575386226513
158576520405486
158628867906471
158641788795921
158749528239680
158786135640723
158845916665892
159043401605815
159094857102062
159118713929834
15913633401604
159276777303575
159335246815523
159382282947839
159388297452477
159410127656789
159455076323914
159476904711090
15947726582864
159599508533503
159602229409362
159694878793041
159788607556815
159789841151637
159958110456588
16021925583193
160220880761006
160249357825228
160362020676031
160477558908497
160513384159932
160637742955497
160834608505461
160903676099980
161085240589232
161094927992081
161249782166489
161296187150318
161319630192170
161626310065037
161702206340687
161715261905194
161834750234848
161967963422047
162046789428274
162422657132529
162449842310358
162483878774511
162503708600583
16264645651224
162669419284342
162676677811721
162730741084134
162860363309285
16300918825419
163035809094542
163462366857498
163467749823536
163503789819099
163504053958333
163529749775510
16356742330227
163836409848968
163938666198938
164144246883376
164277252041957
164303203409836
164373738168066
164417284992973
16459127786669
164661658057654
164783122818171
164797935498521
164816515470954
164825458969621
16483303273601
164862053379414
165146918533150
165250988300370
165465958993421
165554289848781
165897708904736
166113870313914
166150986652544
166247374720672
166336152286278
166340196260529
166827939819362
166899922546319
167081627074486
167109731506003
167181355061130
167203088003504
167296216542355
167323817279519
167355547510620
167399516308900
167432264835726
167644756538744
167706911773746
167915863853759
168015752805380
168072806822533
168123725862380
168202436783356
168269174953849
168275313847665
168304764209681
168327568963586
168375275765546
168389882524107
168411626381766
1684376649936
168600284674277
168746396205906
168756638393093
168876503030859
168964019604737
169020876071054
16910390968695
16914575951635
169159900526999
169362186849823
169510342709076
169646900578889
169698306363795
16975374949643
170144386339843
170240166457971
17059318920871
170657802990509
170685270631575
170799716806250
170817150486527
170830454404706
170832841629301
170847751643857
170929266993882
171224636603863
171271112808754
17130803498144
171374015051141
171402429433471
171445822989481
17159700342888
171785286231210
171915992710459
171961472882236
171983997488177
172020897183318
172071032396332
172214871746156
172514252480836
172546047252280
172622658489166
172859001580421
172949013256235
173150417764074
173189314086622
173628035009380
173640589550587
173764125940368
174262675616288
174314220655192
174434090920307
174744972639614
174845706591848
175253830756011
175285165043195
1754342221442
175451002685320
175499448666029
175508510281640
175627000483603
175780561173434
175829147437390
17589764640240
175975314776760
176046155645843
176304102444860
176367730167134
176418530326144
176549535424765
176755363012068
176799310246094
177287314410171
177384492077961
177555776776183
177757952766744
177782480363965
177831548007058
17802008346232
178057871582056
178095603481500
178197695822482
178238081028125
178327706463155
178460786432452
178500812011634
178622451844723
178760062642274
178769663257908
178867296140609
178961766765422
17909656322682
179157420616465
179169727278089
179299692550539
179389422477031
179459755879288
179730690104775
179761931148099
179957916507358
180037623230490
180153508922295
180170134478817
180472680189219
180492933917988
180513946815038
180572648294168
180614906303421
180619447744608
180672273529382
180820510009683
180909642516434
180963056823072
181049842471557
181190109595968
181203217020378
181236057096160
181365448891428
181408699875114
181521236911697
181575067109785
181621557269073
181901265022404
18196980085631
182077110255773
182167587086655
182370342493906
182750330043846
182777469322351
182857286777054
183119364808612
183449479573333
183471839487871
183572760678732
183676688971759
183738083384913
183741701801370
183767488161676
18378734941483
183969632790666
184031793058418
18404720573625
184111094937018
184142898633231
18416990786601
184263031322747
18450070831234
184677650747306
184770209860900
184785778520352
1848488141055
184984088975476
18507863924745
185223401871767
185471039345540
185577210880315
185755024755358
186564633885059
186675707358961
186708571967310
186748156939624
186944940500963
18701789795301
187027040018657
187401075102641
187452235527408
187469320444739
187541679261184
187844476179025
187858732479120
18788835974992
187913274211331
187932604950948
187953538537963
188298088581480
188453315019176
188489757342874
188693804720262
188699052943893
188766393788813
188877268801274
188887131502740
189115910340672
189117212283673
189256142930561
189265064466884
18936170032669
189453228251626
189471932126147
189488380037194
189565682282416
189639983887575
189686365128596
189929063271401
190366041645949
19039861548839
190410712128457
190513093430920
190702303438809
190863012414009
19097978352251
191125352076007
191177079912130
191234823815470
191436910073051
191464877579869
191505265658942
191505994940246
191555145726611
191644002142128
191747605855961
192214616146440
192234991913558
192338317801887
192381512213583
192629901363827
192818626880614
192860762200616
193135945866486
193192819983642
193315259007247
193367250750501
193405224741364
193773902056245
193802097212961
19387600426971
193889498238692
193897401292279
193928395113085
194059764209686
194092952204395
194184409986188
194223935275741
194259882963558
194300641333749
194380909570516
194387297410386
194415353336075
194556867314155
19458709340790
194645897775654
194707961518410
194740168035922
194741022312076
194847490159551
194879441771231
194890495601650
194926704069461
195049463909425
195159684670257
195207576000090
195340438254957
195341943047729
195431434939757
195459308023831
195469833816390
195563495692523
195636141254549
195746047959955
195926819800627
196095867309796
196230713057692
196429560064148
196483650546548
196542379917683
196759099349049
196826400315417
197013573590826
197186028919847
197333814398385
197353213741685
197357951821805
19762254540072
197643697691024
197660106494830
197871969043519
197884080227731
197931047173585
197941316460968
198025107625415
198106171068447
198218071589532
198379182829025
198485982799752
198489849697616
198511785943171
198682116912667
198856671151816
19886962691423
199292146530968
19969855451563
199750891270504
200141853578489
200233846259460
200248668926220
200564212433706
200629259693871
200663990551730
200712271568545
200844767295445
200868760009080
200916513294602
200918531123208
200918599489403
200936563618358
201118190159725
20117283706321
201369206954169
201531879931220
201678870219168
201817965671873
202102790103573
202240060912868
202289221995496
202502039714638
202689785863551
202770469707010
202824799685521
203032944063425
203155409564367
203216344248369
203254299143247
203462743912064
203559141815188
203580940233823
203810772811649
203983023223306
204040694352638
204075562083964
204144964270319
204200084343146
20426363157192
204275691966963
204350410831021
204445183893020
204492091510728
204699397462728
204769263380180
204816376905292
205055977678598
205161363419955
205204912105775
205409948194937
205496483068683
205560686862848
205572006597232
205764212965703
205829207118963
20584134613326
205896903181264
206054735583976
206152311128582
206288056575621
206600176254590
206874254738266
206940710171104
207071902186120
207094288495127
207097052436066
207149274124036
20755321186573
207642797846933
20770854677720
207917496295620
208069198250526
208101996749845
208103602930100
208261542723340
208383385652238
208481100533379
208877400014389
208900412596015
208917130944205
20892046643895
208969605736806
209056355269456
209064249972473
209074957696663
209146068251494
209478092736974
209525822448573
209561948610534
209563099342876
209598976692742
209716964435256
209907880548676
210250128931424
210302303061830
210334653992791
210424301820354
210543753443318
210587312761030
210666228233273
210777624941511
210894185766009
211169456520370
211293954190283
211379383471246
211391507112541
211626175301392
211634266019650
211728235046296
21177205077191
212044503383568
212196213184786
212231926088707
21224321549495
212284473072238
212300993183641
212482834127570
212535604845912
212563002233074
212675337531361
212751894040137
21279940842160
212829974083313
213160328573127
2131880685755
213190596320932
213253582287590
213262446447470
213282454753970
213290485108786
213311631097216
213582503923643
214263783629627
214319141472651
214377471492150
214412193355495
214441849663385
21483318472687
214845104816071
214875135155162
21493663428028
215000384543560
215053098916550
215107304210443
215366307393215
215549268477585
215729769734017
215764114741497
215765631589482
215835277425460
215835296430195
215901723916281
216108380268231
216403359749662
216448878275034
216703948110525
216734113260827
21679719358658
216882532759625
216936163548542
216993920868415
217029401691861
217040665211329
217195473967705
217275689821843
217279597274885
217357454344545
21747398985564
217541562904837
217706687815849
217770757922508
217956215346394
217971685499005
218010564053423
218084125009931
218111493684365
218279207368182
218390673944224
218417361621305
218505762362242
218647569381459
218974550425389
219604263825463
219836843683080
220003858941262
220028907264130
220030727681510
220184617517816
220239811531330
220295553964572
220308662426592
220355808863526
220424392982749
220550190502972
220604576718208
220635539731071
220877043161439
221103243162007
221197747469447
221212821435331
221354037004329
221404595360911
221459087442250
221478141465020
221621577320036
22170525681084
221753533952515
222121280946248
222121423905619
222187410990134
222669893338338
222704775368454
2229449078139
222967867215336
222996537527481
223159872162363
223287922781981
223361492002572
223442669713096
223667406416659
223735915678201
223842193038772
22388706388785
224037713838921
22421079340452
224393561415809
224476729002306
224544324322188
224864249161745
224940758704723
224942498456674
224995600345688
225227359648271
225236449923997
225298619168368
225446335659164
225482537749361
225597951997882
22570797479398
225804945551936
225893766852427
226072613879716
226282611644916
226368422252935
226528653490004
226713847397612
226853233188163
227131201919064
227186113824051
227493689612304
227674880887909
227903512146897
228159704216790
228435873218836
228493149375399
228889381310916
229243104929950
229491058408808
22952355706004
229604056522093
229654345900021
229771625654604
229956088471261
230035865020245
230214070307818
230422439372656
230442229576258
23045457178514
230459506816794
230476741687965
230535522216480
230771554350320
230807974923449
23102654142346
231302274277205
231538899795808
231552011058789
231652938762337
231681438027182
23170627374389
231720532063373
232040202581218
232054149870286
232131991190080
232180652744257
232183211594306
232222706655637
232663660241213
232716262116921
232889455884297
233120492430317
233297319603013
233370945034339
233572096305829
23371518981938
233754437342566
233763648501099
233832145228606
233837346834426
233957779549701
234257085894634
234566203500232
234572913097220
234686609823296
234763557364990
234980167332821
23501485251478
235178446382705
235229867946034
235260998494345
235301772327714
235338860034508
235431585137595
235547529436528
235642335538445
235876404406064
236018942110398
23603498487417
236264400485731
23641712264378
23666135642705
236689294503838
236691846103841
236715076097361
23681425634366
236887503783303
236939262806979
237162054346784
237283163744497
237416802628607
237568184421791
237632208480239
238039789653776
238188780626516
238196115724634
238208999262563
23822247216770
238257914409967
238265069370804
23830533269330
238440418502726
238523213230871
238551549559366
238688652919368
238971424614110
239230868412988
239275794974951
239296943102441
239316025062602
239531506694706
239682971785167
2396830260538
239704111090179
239785559297680
239966991230050
239984984470131
24020563679857
240289784436758
240424625892107
240500316797946
240664222329141
240703171629930
240851879678556
240952567177877
240981751163379
241087248013361
241119344695842
241129431863810
241358140861754
241383034404464
241433979455927
241934649845531
242376705215792
242464108597387
242793307506467
242946176503619
242950097239228
243011038640954
243012434425685
243193372785865
243201868455926
243232684957025
243286726425274
243453846154279
243642216795278
243914393919125
244031139805842
244425382081513
24445159414171
244514513743916
24455035110601
244554281841511
244564329292667
244741162691555
244829775303956
244900302621585
245014781522773
245158805861544
245243226166813
245415495529171
245636574899633
245686964129061
245828132558216
245852743855914
246119850243796
24613118585985
246280096739305
24638828951754
246491187019022
246533883563666
246585186806889
246785035230650
247186675222341
24721414747643
24723078829674
247464252625456
247494244705272
247527207365147
247607877086093
247655818342123
247838738796367
247846908282278
247930959745882
248031921073317
248051852684699
248088546793757
248107646162922
248155669854702
248181243888879
248247885881697
248497293269019
248721483753811
248725238509816
248773063782867
249197708314784
249378016191226
249445875300704
249467317431767
249526743859324
249551142892419
249577372237601
249612560921165
249675694885363
249710699277427
249997769391242
250127452285411
250251500503091
250294412295041
250354908600134
25036726876237
25051205626780
250556606560856
25067034211254
250692036911865
25090157540848
25092443206561
250960586392691
250979439257780
251041506452132
251201031427521
251285242682255
251325436685463
251422530367807
251687582331994
251702101231984
251724488497649
251796346316736
251905464549725
25202127001881
252031674548835
252225153917343
252315363108371
252996713554824
253022244841731
253078502533906
253112293048130
253234354352099
253418555791926
253773941966072
25379317895657
254220023781055
254303588728045
254362493862361
2543655873018
254388706199225
25447776247956
254521793557956
254794103351491
254951527963288
254979895764261
255090343907611
255259603691128
255286557993596
25534117981189
255496176951807
255574562455363
255835477505852
25594640222332
256142471364361
256371246201335
256444220643127
256459122945664
256736966759762
256791232009683
257059513075680
257204505894525
257262094393183
257298471758643
257388779158116
25747282985358
257483124629636
257602615421131
257641902895401
257690960295564
257771428029907
257874908412607
257899157691468
257972838291274
258108168353920
258176011763907
258231854015744
258264869360335
258336573963432
258392127755641
258397594772014
258411580684561
258493805683603
258537615513702
258718822173493
258748787277899
258894589575871
259521229567241
259647177117983
259750232823523
259767965862160
259798273909540
260059958137000
2601240476410
260144813040652
260464243497405
260529548952150
260735224300154
260945963760771
260975780742828
261398511478013
26143954466634
261570299109378
261571865723669
261661006710865
261753031252449
261797751567023
261850077942229
26186365458991
261978670050924
262074037919662
262259418414221
262381840691312
262738404323552
262802179097317
262945655744001
262968211884793
262984251684485
263104269714764
26321367304986
263264827617252
263302740942046
263403464561470
26354864161957
263672909040756
263884288286596
263941497825009
26403005066732
264043424987479
264173898088824
264438007578089
264605301535585
264658958032701
264698354473419
264813659218967
264863251592164
265039164150463
265115580696018
265130341234086
265225639901382
26524633529726
26533486074690
265366185829996
26548585745119
265496731645626
265615519728438
265740375880050
266170237389165
266276301145546
266400602087170
266405722453300
266482798512323
266747471048194
266772423647220
266909526155916
266910911470647
266968833334533
267048839732389
267076916653642
267097934836543
267179407925986
267333066462166
267565370779032
267756366897561
267765636851393
267775817378287
267891621701883
267897753258947
268023348596143
268061230508251
268098495235878
268348302003277
268400336570000
26841066282459
268521525504358
268536359265097
268615935479776
268713856987816
268731686438411
268794877594365
268817759130407
26882991732156
268888124361805
269083063320593
269126763929834
269147690578582
269289487156363
269369471944588
269532575554046
269664842617539
269703644975418
269720146727991
269728521063033
27000175865078
270101282846672
270209658044951
270319941392991
270590858740824
27061307360249
270659250451975
270715282293005
271000372175800
27102695008387
271214397168131
271348883529702
271529949462812
271542952882814
271543782594838
27159426451094
271794363038659
27189314484768
271908135530773
271924696774259
272014360209058
272285264165572
272338324828161
272395595489445
27240130740993
272554788268055
272606931708707
272649766662858
272753360107862
272771472475695
272784515205359
272840062570351
272986047325373
273249793047296
273444883470871
273456029301014
273739303086954
273752526942016
273804170178298
273964845893984
274172068753459
27419942483817
274306722920773
274384454392067
274404110788070
274524701834885
274757966273737
274765596702379
274816592294611
274820334561973
274878003099725
27508252536097
275155988079168
275267189837175
275303611611727
275499867505102
275588453057221
275680310824778
27569656421038
275749936748077
275815750827351
275817602604328
275835464213858
276027673260352
276101843819117
276333247794755
276522145923544
276593488498050
276685558957900
276725188352416
276819187411359
276959067001723
277023244632687
277056566612131
277246986785944
277259047018190
277354492539823
277386334650067
277443375986525
277600533522706
277715133136024
277918690422250
278034391155958
278062133326740
27839968223345
278546761656972
279523692169391
279531146293954
279649167078517
279677661928082
279679184967870
279687734153790
27968901415513
279692194199035
279727267500681
280038575520678
280220549597826
280457507138356
280607437386112
280791050591383
280799714315060
280893451113791
280942690641717
28108016674393
28155922081493
28182839081597
28239761285442
28244831742292
28296165804212
28304996327549
28386274520918
28498910391525
28695966623235
28737976366093
28858577403967
28942740340222
2917098021731
29206719316691
29270788330341
2931034556522
29646909691619
29655262045255
29714304108753
29774417096420
29781237725847
29857548096774
29944798846452
30106400711588
30266455289742
30464329109649
30548272436091
30566123316321
30601112846897
30826474882037
30860271474669
30883000802230
3090935488203
30978312305116
31024089865038
31115005547263
31521404523084
3169225386285
31739952044715
31905449791581
31992370930907
32010791246229
32033504787975
32165536915782
32369588482693
32645313617321
32680417488315
32795763372422
3283879211106
32878408341203
33037180457934
3313350012214
33156804450204
33301623374197
33408078562497
33494124498331
33510352254665
33566894017433
33593541283318
3376209637889
33767662436748
34022738138701
34056165496712
34119251506266
34148770894427
3416544340316
34313378892079
34353991149079
34371389874778
34444304595755
34465669138611
34658516873156
34792711335009
34907304871578
35041899039339
35082740298483
35097563055040
35196465606930
35257643017612
35326938949828
35407144716675
35590486682533
35603242578015
35721642367055
35819440479898
36032921755717
36235493530824
36265777803791
36404333104864
36461408656548
36548779595405
36730357568604
36741902645470
36767693915697
36864597297922
36899256001202
37050647636969
37069301881606
3715694340153
37573972844486
37675163461921
37758729525689
37907875186147
38005643798702
38053072551781
38074833150724
38082560024279
38164096855858
38255436353560
38373420525726
38528636201032
38649211151230
38729448835934
38748515844456
38751797332137
38760436622183
38811370979252
38982123522867
39142531565911
3924836206067
39284395647707
39350298341672
3939751836860
3951009189195
39710767138133
40279240110641
40679989454038
40975962285793
41011434744893
41083771125741
41235144880461
41307014287746
41519489433980
41549858402545
41875379136895
42345180497363
42349628441909
4238352243493
42403287797770
42497257171429
42592666948907
42598006087900
42724287513865
43187329313037
43228130160727
43240809775966
43301422033098
43342647780222
43493636211446
43571220874982
4366735553845
43741177291612
43794187422090
43848920566614
44006399591873
44212158177828
44291638333966
44292505925283
44294996787709
44410293475332
44506138408936
44546132985936
44653704755056
44679926263252
44758288108346
44901587411044
45413107212168
45611580787091
45677573291315
45783115830147
45828405728820
45900037005889
45902862109035
45925376915980
45981322320044
46059649469410
46209188891075
46338011883419
46479765497065
46738562768543
4697031397298
47099104686815
47155947302772
47177159357723
4746108960984
47476512816084
47480946683032
47887502582960
48360715318939
48419410444122
48510644566883
4870281940468
48745606109119
48824664202506
48940220701893
48942214401761
48977057156375
49037438586102
49140464226546
49447908204164
49749532662498
50259683287099
50426174294944
5045936858407
5055678234664
50726678784850
50966300320760
51007954827424
51064260961854
51065583219034
51361223373457
51404749700330
51685754254162
51714356352655
51887562821366
51896965122124
51918405932911
52049517551816
52479881945891
52549483183642
52734139480767
52864771581850
5301904225326
53032498128054
53072302136192
53101346588425
5327044172933
53293500072244
53448322856943
53511503330749
5353455817404
53564535191755
53644768520373
53679864702953
54040294106566
54134894436256
5414222117992
54291399066227
54400007291063
54547203947531
54821509751206
55227444625368
55263378143206
5532573401968
5544025325676
55476385087049
55504674647190
55569715535136
55593431277226
55789543641618
55822670350681
55898990078148
55960187412961
56054900142252
56080230827949
56267237198277
5627088059597
56276283062220
56500857234328
56506184020996
56525141519242
56529062138212
56576433903358
56660532595936
56778392885460
56949452297377
56966922404648
56970206548499
57146505024101
57160770890937
57170828208816
57172060477334
57182595486630
57315683736372
57327431674546
57396062324255
57618201855328
57910704712830
57944950980978
57984317705691
5805133818692
58370457080348
58693201195524
58757037997746
58983827080514
58988754348785
59019598949290
59124686056158
59271687325154
59346380157630
59511793019171
59522221687218
59539798075647
59654657970644
59801424527537
59846636825444
60218659571273
60230144514825
60391959337283
60435321355628
60635802045876
60660553045096
61120930021915
61171009591972
61260886447375
61331928724894
61450391206805
61465333747726
61489368943494
61504292076836
61650649673220
61697202364115
61738470649938
61786790629542
61888642523608
62031373331502
62159212997352
62337090856904
62419059501276
62443025806217
62528899358160
62619997889440
62790030882189
62803095556540
62816027265466
62959330776130
62997797368980
63144483704629
63199237026830
63308001967054
63342849798891
63368729015598
63405623833570
63530084740532
63546940690384
63588524643179
6362262576238
63886489201880
64011938995876
64014210744278
64079635248687
64181990467398
64392225856164
64410807137894
64513041938404
64595619942482
64854159518624
65146677160940
65335882705749
65435984930718
65436114165354
65728470601878
65905000707283
65963302947928
65977773201813
6621002867998
6645332200570
66494753065159
66713492137453
66881613389234
66884047231691
66978600971755
66987794199586
6707294536961
67284580969779
67407588943806
67483737945074
67504374428280
6766130640636
6767776942492
6771164025846
67741399147128
67865533706688
6795281502273
68023673144085
68041683824754
68156014100775
68179039711541
68584503143147
68748609909635
68927231018489
68932795106552
68941692266743
68999961974026
69188491056031
69369619830516
69521248454635
698694642675
69881710747637
69991561739810
70010312448755
70200358918286
70301000189906
70397857362301
70398812622038
70493265186598
70621814497496
70688032989950
71033185369486
71143687925189
71180305685325
71261328214685
71306290944684
7143559331669
71548160068997
71553684201061
71602749961207
71636509679426
71640916939908
7177322953871
72258596741302
72259848125948
72396660770504
72427312313752
72536122500515
72549828753230
72594820630090
72598568377341
72680337716420
73037503051736
73165724920486
73228228206484
73437923263865
73495212989141
7359660706205
73615519994385
73624633599733
73909481733223
74012822198933
74302284207929
74334533627637
74378918392240
74387543192958
74470840722842
74484655603092
74534042291082
7457548247176
74602982456817
74742505696607
74812151107046
74890091714906
74958205793614
75244486734599
7539381015871
754030601358
75488611346544
75525086283008
75554158402733
75798227476892
75894570709614
7614218406274
76158549854341
76175960950062
76221938142100
76303421663051
76349458865016
76382592853193
76488084836734
76610383357052
7669018180499
76719193370281
76871032329188
76897993723687
76898945028427
76953022767277
77158489128342
77196408404175
77590518171188
77605736789937
77975310486047
78189285397048
78207067644631
78311785960133
78576110543866
78586692678681
7860299324109
78610829519481
78800651339130
78810527670041
78971369517301
78985492377884
79018190076987
79126563544826
79164543896695
79310459780148
79496726787247
80398254758110
80541617729164
80554155733679
80564213187608
80663769065156
8071612715140
80816896241468
81004801169302
81085514605580
81209763095002
81530641927480
81573187057746
81597862181156
81688696479940
81703821723099
81740507952938
81820868961503
81849885457293
81906170310237
82114780085598
82130479423190
82144565135939
82148390129415
82179515688749
8220534126722
82290732408069
8232025890578
82402278050686
8241043199833
82620873520260
82790319680858
82863031332101
82936055007262
8326158741276
83356559082699
83495974688655
83628757500139
83641434171061
83645889859497
83732557942640
83741749574568
83804131438639
83866715504278
84008011993587
84145982744070
84176542324175
84314983071148
84903633432867
84998384675868
85065813640905
85253638513289
85315595965128
85357765071155
8544947130071
85660963232617
85668403301957
8567970682540
85944575754962
86202296374079
86287820888558
86349976675557
86405683005645
86472316935746
86484539107196
86687614780297
86704202306845
86751125089849
86824948503896
87066424137078
87137571764027
87162855359763
87258278651559
87312604601275
87449506148419
87709308411818
87821105083932
87842490178879
87881787847636
87891827914974
88021153719384
88292662722935
882948230777
88323843345425
8843369139891
88470787814680
88486780626764
8856243448328
8868542772802
88690383512318
88764648882788
88788475831353
88921435654144
89012713886667
89103456525160
89179327567508
89307909834501
89492434543409
8984699334338
89916461038607
90105345717400
90145798677657
9018606462847
9032347757234
90527729915329
90596081659958
90946483753793
90964757638520
91001372327121
91190439752768
91222533997943
91228976023205
91495739290901
91681629050059
91786053526612
91925871389295
91967436431576
92085031903930
92128567679246
92129885464972
9219935274564
92444985570021
92554980001537
92666408903488
92965862071631
92973078855572
93120921062226
93562372159480
93570303782667
93593528666793
93597302963123
93626082849421
93690168978750
93741591023682
9383866953395
93961887757264
94039084158480
94042857902835
94194500380424
94210239739761
9421579584721
94440534013652
9454240770838
94954188303421
95002170455376
95031160206694
95129780698254
9527233403493
95305409100265
95571119634932
95587492506778
95720373738366
95889686469656
95898336080890
9596932544818
9607690912015
96156415032185
96439769603490
96469675718464
9650328208132
96570275911603
96639004923511
96686772628654
96786225936376
96977438236158
97045839931826
97051922573851
97106920328619
97259421750837
97282142976381
97396303206694
97504358315410
97511586631806
97895720400243
98121999015424
98385130480107
98460795302397
98845880386739
98939899569169
98993000950374
99009289713573
99161754968999
99356200012398
99448246467854
99651274732829
99676125147443
99707234790215
99798408978689
99799179511474
99866444009693
9994066652694
99973193216745
