0
1
1025
1025245663
1037894351
1048839942
1048840661
1061880767
1062666719
1062732255
108613983
1114122889
1116142428
1123156447
1131553819
1138098235
1146552379
1155598684
1156800364
1175717278
1181090751
1232929247
1240401670
1240403468
1303381106
1327217007
1333871731
13358
1336691742
1360724567
138216323
1389098054
140247099
1426129375
143000271
143131103
143131223
1431633979
1433667334
14354
1457324511
1530724831
15528
1566006497
1603011758
1607860283
1644954079
1652688766
1660348622
1662859857
1667957215
16774
16777217
168821695
1693581791
1705864487
1709253266
1759052255
180684550
180684849
1815609823
1817190654
1817248223
1829758280
1838612959
1853885904
1861160400
1865747292
1873805791
1881033628
1898185183
1904466700
1968374239
1968726423
1982248506
1999176159
2009400015
2014502296
204145119
2072697349
2074290401
2088765190
2089943519
2095712006
2106524127
2114585055
2140406239
2158626266
2158627225
217907068
2186675075
2208825523
2234122719
2254897631
2271609311
2277088634
2323644595
2325167514
2344608023
2368120786
2372272607
240321351
24367
2441478623
2462495249
2481061947
2502492639
2510881247
2566980063
257
2614034911
2634907094
2648641439
2648704774
2654208479
2656829919
2675048927
2698839214
273089710
2777154375
2804089311
2806120507
2806120927
2845505003
2851013567
2878
2886402527
2890249342
2927333934
2941062788
2960916659
2961965535
29632
2970812895
2984509919
3014197427
3032220127
3035496927
303912071
30673
3076391391
3089301983
3112895542
3113877983
3120125199
3121611231
31280
3133998974
3134652895
3141339810
3157402672
3163292127
3164408457
3181380662
3191211542
3203334623
3205930904
3209101491
3215000630
322109919
3230400991
3239117519
325584106
3264137104
3273884782
3279706373
3280470735
3280994783
3298231231
3364422531
3375628767
3381527007
3396272607
3416195971
3441361855
3441956430
3530002020
3537157201
356503687
3577480127
357828478
35783555
3593077695
359990207
360382943
3607691743
3613766499
3645467429
3654025395
3682140519
3686253551
36927
37304
378343971
3785820149
3834119702
3843621703
3881500851
390005215
3915726222
39160
393675231
3949331331
39805
398918591
3999096609
40636
40873
408752824
40954
4103248677
4114886439
4130116506
4130472415
4135061254
4153934543
418447719
4193347466
4218553039
4227268667
4231792150
4239066646
426836327
427806693
4281075821
43385311
437914189
447939039
452173207
459210931
460980943
468978013
473629151
47708
479
481427815
495452339
496717012
499188191
506332095
51267
52083
52153
53793
550480667
57280
589122084
59
590217695
60184
602538463
605159663
607519559
607519679
607847598
609092543
617677279
630327046
630328844
63438
650
660865503
664102086
665243854
677970399
703070267
703136703
705036347
705036767
707724223
710018822
710021219
714999508
719
746317949
747439039
747571549
764936251
766379182
769
787349983
813367475
816120287
818808413
822936031
823524284
831259103
8404
844380222
845001147
847119175
865206331
907477471
909902303
911690047
918880735
929039055
94176191
943391918
954073567
959
