100906639582461
106859432394582
113351838452907
11498065929603
117123199463576
119250205430817
134404813836978
150172820110230
178159810534551
186979050421127
191675114326081
192655328658130
201499558281236
202452634097981
207596914700844
223116790972012
224283939349978
224782037946447
225723439601455
233984178332077
234156464207428
241375582812544
241732854775808
244549240990964
266153304830768
276438749068578
280763679100322
281020617318924
37304765062517
54023898286815
61014455123043
70060696279643
7147224794590
