1003279063
1004983701
1008133888
1019135396
1021835373
1037620950
1130215867
1220222445
1262073852
1276446904
1337214956
1349148998
1382743118
1383325039
1432858100
145202347
1471119506
1488980898
1550878828
160641981
1738434244
1757397940
1771739231
1802370749
1815502015
1876838770
1958349147
1967755403
201339813
2114656340
2267407244
2372186117
2381703085
2430703071
245590188
2497695747
2501746492
2505171775
2512662101
253684144
2567086412
25696790
2660693044
2769809036
2770477656
2775640312
2824890767
2964808812
2979552405
2989254319
3020939419
3025627963
3101999910
3159587969
3199340219
3206004006
3323603323
333356079
3338589601
3368500243
3543402219
3552426399
3634187605
3656596074
3694241886
3762590850
383637678
3872871950
3878940021
390675138
4027955347
4076218127
4091326263
4196503858
4246996427
4269241256
431754258
454803116
51198431
54876510
587837505
630061598
647166350
777830784
821194924
854963099
887828770
942992242
992996332
