100043490
1015079441
1025262366
1042303181
1060216095
106585602
1068748758
107165176
107516622
1180586531
1214540141
1242160097
1255880304
125966293
1273762917
1292983829
130337565
1306777821
1308140847
1312526336
1326594362
1329471922
1331731092
1352600787
136215256
1362571272
1410037056
1419658709
1425939677
1441422868
1452390074
145279124
1468236130
1468345513
1506355326
1508277056
1525940646
1533105548
1545782098
1547671033
1549051027
1558110000
1565712234
1581059535
1583174533
1583406138
1634502582
1668358077
1671335610
1695871501
1700438856
1722662732
1764074149
1774890241
1775301264
1776406420
1800782846
1827066741
1833983868
1839596532
1855727225
1867951238
1894784915
1910156608
193543891
1937019225
1945794213
1946102312
1947459123
1964119816
1966475658
1975617466
1987766963
2011529354
2036008947
2042495305
2042665620
2061687142
2069254154
2073165816
2083168989
2084771243
2086610763
2093275128
2096164734
2116511255
2118860247
2126159882
2149630031
2163757563
2163800486
2169086385
2178897667
2183272181
2205579034
2206559707
2213679086
2217899910
2233691949
2239890121
2272035675
2276248671
227949134
230580105
2321390306
233598437
2336793240
2346970226
2348864998
237082077
2387063822
2389167743
2392206701
2394384381
2410403195
2414967820
2422016753
2429560360
2441823175
2445254326
2485258636
2486044001
2497275632
2499083045
2502696158
2535644486
2545890385
2550098580
2568548466
2572378343
2584110678
2587227378
2593202944
2594080614
2598314283
2606413080
2613007781
2621839037
2627124346
2683925603
2685550803
2697571917
2708377518
2749610817
2764152713
2783303744
2803333223
281502469
2831811027
2848178825
2855406221
2861021355
2878727514
2883041776
2884055560
2889133697
2890743227
2902301330
2916535900
2927427984
2978719391
2982007304
2985942297
2994887251
3009997802
3026289712
3044883092
3055078754
3060504175
3092833373
3093981211
3096440684
3110728445
3111193744
3132581573
3148149955
3155847841
316198458
3177462091
3182569423
3184978593
3197187405
3197265912
3206958366
3208756834
3214324667
3251352323
3260174420
3268338214
3268879424
3279596606
3284315636
3288141751
3302324309
3310648089
3340533983
3344321762
3396728039
3412612299
3421249563
342259632
3427751965
3443073484
3445095162
3460224927
3473673131
3516633640
3524079136
3532662460
3553985587
3557264553
3562146498
3575687545
3581814116
3588325687
3637598699
3648308450
3659676984
3668682556
3674403487
3684601277
3684864339
3688914863
3708977318
3731608490
3737254942
3749220556
3751428693
3775605943
377858756
3785883743
3788666014
3793712881
3799024052
3820896817
3821775406
3824158337
3828672363
3839346242
3841374536
385734964
3878262191
3896339367
3918924990
3946895269
3948801821
3956492353
3962046609
3969844329
3973043500
3977204611
3977299540
3991517218
4006690818
4007632300
4008678515
4016946089
4037936114
4060918106
4088616200
4088867521
4091313647
4102626224
4110219614
4131262316
4139723061
4147194944
4147719686
4148291906
4155823642
4166153421
4172479390
4186787974
4207165980
4208521977
4215074745
4232438133
4232456131
4233603235
4242711123
4248157671
4250964178
4262669411
4264978783
4265472750
4273077590
43831224
45173977
464773083
47027201
470442269
487643907
496524402
515045083
516242167
524306493
562119109
563729016
581900366
582900856
586510103
588006482
602926313
624392005
650700902
662052449
684381152
69607832
716861703
742331420
746154865
752275953
77548609
82766594
837702090
847146396
852609311
875433882
889239513
893481659
902232582
918965505
953133038
953298617
953493311
958447151
983973406
99777763
998483061
