101622980019261
103813617374465
104896765619614
105277423331727
107571265673672
109847743091536
112072449450270
112666097303614
113682641585308
119174041751607
119239363235596
122576050996231
131024238245264
131302169685431
131540224417923
133002221954277
138420946070269
142787766279581
145564912636455
151176638055728
153334475369019
155199618860116
158511206576407
158904067847008
160368874500829
161672242331201
165620290213440
16633137596149
172066685691599
179912178367637
180760357189573
187717239635608
190519306287210
196540437508220
206267259399661
207139006126592
209126229574273
209648559361270
209699246827252
215007370890325
218165983503291
220777635391599
22314890801359
226703835789052
227777423247157
228754787871709
23057465690235
239356047645346
240302184183702
241880885044587
242283177865297
24281796254178
247408577143797
251874196429384
255600783460279
260912864050430
262492165188093
263889607461583
2655802443837
267907906697923
271414318421649
274599959186181
276828775981880
278468233151495
30923143067568
47888649303541
50904116586279
54416232619194
55153162310393
56238782414220
62298000539923
63770522409243
64808596295901
67874122233601
72357586205009
80609192127680
8891680179687
89446570633607
90325822242082
93951483379554
97683765700022
9856978876242
