72475356961633
224588224076512
17924703695118
76262800543470
221539812525443
222895439906815
252084484874537
254846082389938
152182297080558
72475356961633
224588224076512
17924703695118
156608164092037
222895439906815
136053984206967
254077487230734
221970782493094
72475356961633
224588224076512
17924703695118
222895439906815
72475356961633
224588224076512
17924703695118
222895439906815
72475356961633
224588224076512
17924703695118
222895439906815
72475356961633
224588224076512
17924703695118
156608164092037
76262800543470
221539812525443
222895439906815
136053984206967
254077487230734
221970782493094
252084484874537
254846082389938
152182297080558
72475356961633
224588224076512
17924703695118
222895439906815
72475356961633
224588224076512
17924703695118
276452417657830
235050559507314
222895439906815
252084484874537
254846082389938
135838508652267
62511473639566
72475356961633
224588224076512
17924703695118
76262800543470
221539812525443
222895439906815
252084484874537
254846082389938
152182297080558
72475356961633
224588224076512
17924703695118
222895439906815
72475356961633
224588224076512
17924703695118
222895439906815
72475356961633
224588224076512
17924703695118
222895439906815
72475356961633
224588224076512
17924703695118
222895439906815
72475356961633
224588224076512
17924703695118
222895439906815
72475356961633
224588224076512
17924703695118
222895439906815
72475356961633
17924703695118
222895439906815
72475356961633
224588224076512
17924703695118
222895439906815
72475356961633
224588224076512
17924703695118
222895439906815
72475356961633
224588224076512
17924703695118
222895439906815
72475356961633
224588224076512
17924703695118
222895439906815
72475356961633
224588224076512
17924703695118
222895439906815
72475356961633
224588224076512
17924703695118
222895439906815
69104805139584
