72475356961633
224588224076512
17924703695118
222895439906815
72475356961633
224588224076512
17924703695118
222895439906815
72475356961633
224588224076512
17924703695118
222895439906815
72475356961633
224588224076512
17924703695118
222895439906815
72475356961633
224588224076512
17924703695118
222895439906815
72475356961633
224588224076512
17924703695118
222895439906815
72475356961633
224588224076512
17924703695118
222895439906815
72475356961633
224588224076512
17924703695118
222895439906815
72475356961633
224588224076512
17924703695118
222895439906815
72475356961633
224588224076512
17924703695118
222895439906815
72475356961633
224588224076512
17924703695118
222895439906815
72475356961633
224588224076512
17924703695118
222895439906815
72475356961633
224588224076512
17924703695118
222895439906815
72475356961633
224588224076512
17924703695118
222895439906815
72475356961633
224588224076512
17924703695118
222895439906815
72475356961633
224588224076512
17924703695118
222895439906815
72475356961633
224588224076512
17924703695118
222895439906815
72475356961633
224588224076512
17924703695118
222895439906815
72475356961633
224588224076512
17924703695118
222895439906815
72475356961633
224588224076512
17924703695118
222895439906815
72475356961633
224588224076512
17924703695118
222895439906815
72475356961633
224588224076512
17924703695118
222895439906815
72475356961633
224588224076512
17924703695118
222895439906815
72475356961633
224588224076512
17924703695118
222895439906815
72475356961633
224588224076512
17924703695118
222895439906815
72475356961633
224588224076512
17924703695118
222895439906815
72475356961633
224588224076512
17924703695118
222895439906815
72475356961633
224588224076512
17924703695118
222895439906815
72475356961633
224588224076512
17924703695118
222895439906815
72475356961633
224588224076512
17924703695118
222895439906815
72475356961633
224588224076512
17924703695118
222895439906815
72475356961633
224588224076512
17924703695118
222895439906815
72475356961633
224588224076512
17924703695118
222895439906815
72475356961633
224588224076512
17924703695118
222895439906815
72475356961633
224588224076512
17924703695118
222895439906815
72475356961633
224588224076512
17924703695118
222895439906815
72475356961633
224588224076512
17924703695118
222895439906815
72475356961633
224588224076512
17924703695118
222895439906815
72475356961633
224588224076512
17924703695118
222895439906815
72475356961633
224588224076512
17924703695118
222895439906815
72475356961633
224588224076512
17924703695118
222895439906815
72475356961633
224588224076512
17924703695118
222895439906815
72475356961633
224588224076512
17924703695118
222895439906815
72475356961633
224588224076512
17924703695118
222895439906815
72475356961633
224588224076512
17924703695118
222895439906815
72475356961633
93989221193502
257437619579273
43935066526100
25132202420616
127958680705279
72475356961633
224588224076512
17924703695118
222895439906815
72475356961633
224588224076512
17924703695118
222895439906815
72475356961633
224588224076512
17924703695118
222895439906815
