102308307098349
103328505234046
114318014887805
119257500247597
125596019625127
128452468495240
133304489112224
146078037371344
149081199050559
151209266863757
151906444355282
153837886887590
158904067847008
166432061068237
179066235954789
189167865327817
244411233377079
264862837814780
270309293595663
271080936167415
278235724623874
279144760916257
280600217247105
28383818015449
32367041512395
33705437124422
33904282917986
36067237901730
44960227893380
44977848556318
45594909201719
47263650963868
59981451026315
60762241450221
67100712968134
68398549449247
78034550226021
95005026829354
95319508208338
97528821911698
