1042029544
1142201234
1184093320
1193538234
1273234449
1277796818
1282068627
1341561792
137776785
1419056202
1422780843
1460513235
1493621278
1591112016
1606117904
1659272668
1672024927
1692624235
1707585771
1747158267
1782950687
1810605952
1823793468
1854039787
186064653
1914662653
1962212333
1962458933
2123373783
2222257490
2342949420
2475708678
2519868656
2532830525
2545856045
2569954186
2610294291
2869614477
2870341027
2910406039
2910743093
2984938202
2989550252
3013385622
3133812631
3141959861
3239963267
326912782
3282933532
330864350
3345002643
3392337006
3405016397
3473263978
3520218679
3752059303
3809101636
3852981539
3978121937
4008166926
4080712713
4114551016
4181580805
4261288937
4275275082
454376479
475446153
517646202
581203126
641711791
674528171
745952545
808611767
873231040
885489215
939608177
979619061
992956957
