100272953520643
102879353348405
103396056693057
104354670846991
108620697474167
111212112681664
111597342526255
114474686494629
117755274595557
118676821926839
118776451771583
119447715384581
12067680102287
123444684773374
126810601101336
127148652521263
127624077536907
130036433254595
130739462624651
131409121245080
13201520316689
132255047369322
132891688210728
133772924318340
137000115139518
137318500384606
137520153146721
139229981849943
140647868182068
14155612180456
144007940033176
144293059706580
145376345540622
14707144016510
150319668957150
150779914334508
151408855547379
151876719568743
152232662593485
15277290221170
152923574474125
156586134546915
157353302647147
162414484855597
164256606491139
164988680606754
165330680373686
165506259687735
165684290745879
172157925854259
172558207787570
172893996033351
173770280106732
1745077846453
176514641700613
176618302756077
178867482087509
180336769093598
18321500949202
184556896717687
186629283073139
187445109643431
190792523567373
191811363317125
193699084597506
19479178166071
194877026103353
196800087258727
197111553999161
198503014023959
200387133444790
20211452508818
204908787126691
207290533294267
207896243265203
209135624479841
210054881892999
21120502218212
21213863091941
213518608750394
21388586103667
217329746653607
219558871486606
219641891017414
221943572122507
222464752591645
222589626725514
224437950281237
224613022538657
225687151511573
227642988057999
228777617338856
230940137480441
233079359742021
233464091380231
233474897215321
234255600465806
235563818264360
236788701907633
237094716128075
238486611520796
238829156453966
23962227846397
241982759029119
243658015500057
245251784127624
246065188669271
247757899187776
250631138861282
251646433529125
252639953528689
25359922978004
254166510370818
255538458597524
255681954738612
256451044633742
25688685533534
257285015786798
260850621905255
261638676324379
262228629446078
264826020056269
264933543810647
264974201120807
265570508227956
268779080899750
268983843842675
270890865327612
271782226462
272105209911257
272111119025048
274328079839413
277993823348629
278491851040692
280324199518432
28710146427298
28714253724314
29477478346494
29637429745295
31057259463709
31812563445102
33999082000657
34307328064150
35913208819349
36466436903997
36556653058663
36717866421088
40956508003033
41159717187602
41770201592691
42774559350804
43620885859098
46628400192069
47000732516077
47340203398025
48020217907107
48772511391846
53010680408429
57165711459401
59705824735946
61379363661501
63734266054595
65214160423764
66490292205803
6770589377535
7109323785404
71872987722889
75010727919089
7617094793923
76196407373740
77821238516158
78202339806099
80979401167825
85241096103356
86681194919456
89650726694551
9137212351541
91926021987862
92004348619697
95173089061309
95951573348389
99105293615167
