115231201648554
125185955641056
129446021300095
133397691124599
136316043791846
137478209137738
146175962510374
149580407458058
153015114954032
154237388590567
155442221896353
156167472495442
157145244283313
158904067847008
160773256362030
173115117691154
174295402062259
178812805837733
179882185486065
183265422769401
18350275249513
185451201784021
18583652203862
187825203670741
188740111582887
192163571392541
194351259321875
196028178474406
196895588746349
199746711366438
21321766245639
214307083820436
218387863118970
224691022910923
230536438550553
232945424004605
237340768074034
239033655227814
251966059569080
263616445901004
271519992585979
275669788107948
275928044758562
28616200563387
29460396039140
3553343885093
37119063787086
42966604832612
47888976791558
50420371725137
50781934601487
54199803247769
65225348346366
65292995293959
69726614761852
72982674628633
759709477782
79596403414276
80602360639966
81155898650861
99077017417810
