1022294748
1039288169
1058436900
1090919945
1150392568
1151936494
1196984857
1209513152
1215310639
1217885623
126651068
127681951
1283836257
1287151187
1428207649
1473469839
1506187297
1506243785
1507252341
1532596030
1657130544
1669023185
168953171
1709880478
1770419128
1805392382
1807800013
1808781467
1842202119
192524171
1929906164
1933643854
1936499645
1941955513
1955411624
1965190583
1975975648
2019180970
2070761753
2158921063
219660921
2202140978
2205919836
224349671
2266249239
228122512
2287941739
2335001522
2349039139
2357335527
2404157505
2423148833
2449180706
247799528
2504865189
2507927849
2512059368
2516777531
2519641387
2547062501
2549202065
2554930219
2570737623
2675374420
2680477402
2709080246
2794548530
2817232526
2880408442
2930326690
2936321784
294324997
2951618761
2971949122
2979187399
3129743561
3133692170
314018287
3152717056
3160155927
3165360747
3177027136
3200148544
3225696999
3243004383
3265012022
3289067464
329003195
3345997871
3350000951
3354114506
3355745596
3363901228
3366927872
3429810616
3433596812
3439374878
3451644280
3484006406
3517487736
3553709572
3555184830
3633990148
3741022365
3752020695
3755838660
3779889691
382407304
3829375996
3871585272
4004051153
4046542004
4064820011
408852902
4104776870
4105103012
4173686163
418943965
4202697512
422314333
4254888707
4261144276
4266547235
466816262
479871529
486342896
550261795
57032914
58455282
591842711
635766948
681065612
684784382
69401601
696291656
696329980
719319402
722961740
723482203
747454311
752786636
760126426
770337677
811870577
84134689
850811784
925912107
939829209
956819
967282037
970476536
970724961
989369551
