108166518124728
126476135450692
130270923420674
136309451268899
144101977248892
154406063348990
159820095932078
162215938718712
163460643497933
163992366294202
166611383788602
175694322036607
184519942457373
207516098251708
216389490906254
222282771901475
224401050598924
230953573901552
230954010032016
231529853258337
232351040519789
246219141977743
255460823395165
25903042937753
273513667170844
275713582182562
279319944968153
34044440988627
37210700340071
48494402966540
49283223432489
62044026675596
76893008569467
7899328781161
84470788651699
91579623392476
