102637166703880
11960242141281
122765032984995
142051474440895
14716220774479
15278707801792
164310704011318
179406042390332
186174345163148
195778716616401
200170799830521
206061448339675
223861135523320
225535577848794
226262843552846
232783654683061
254131854886057
254233578182913
265869311462810
269628336091892
270730982438329
272644496178240
274221839083408
279144760916257
281043567031743
36213689566771
45566951064572
45900589997195
63811300041142
78373725206683
8285199425785
83047405109371
83118953065437
89264724648449
90411903590550
91639155710602
93561384620195
9386205993877
