110878991175821
115026294355344
11960242141281
122765032984995
129225299136011
142051474440895
14716220774479
15261209602361
15278707801792
154299509886511
154793117551935
164310704011318
179406042390332
184435841476308
186174345163148
195778716616401
199850545860171
206061448339675
225535577848794
226262843552846
232783654683061
238200074482436
254131854886057
261346308274464
269628336091892
270730982438329
272644496178240
274221839083408
2752575223169
279144760916257
281043567031743
36213689566771
45566951064572
45900589997195
48148901675107
58904696232380
6071249289296
69256060607857
75899711506603
78373725206683
83047405109371
83118953065437
90411903590550
93561384620195
9386205993877
