108028804911186
112343072848184
11960242141281
122765032984995
124492129261098
125839961042823
148193689122191
149874352749814
15278707801792
160605284344306
164310704011318
172983664952189
179190707292765
189189446118387
196711627188005
206061448339675
232783654683061
253496984312641
254131854886057
254233578182913
259753687090822
269628336091892
278164812652192
279984394283081
38312523752471
40540767899904
45566951064572
45900589997195
59560500467964
62836662119660
63811300041142
68217444373723
71672116206609
8285199425785
90411903590550
9386205993877
