111972261768025
111986872628233
115609150772910
116500603444471
126182136820184
12982855059212
134912176966589
146803493288186
147769148996473
150820820706636
153765236217311
158904067847008
160773256362030
163038163690074
167746042312155
171276814983038
173391807209954
181436196432173
192162873988977
195534250233339
203207319751701
227225947121715
232351040519789
233973080878320
235678025399237
247900516413505
248485631825093
249727949032946
250477304753538
25153786224301
254414176605537
25758824272990
275430230239388
278228800335503
28302199618642
34637566386017
40006550182649
5693356382861
58396323865977
59780383642987
60137427714601
69003612569200
71201316711819
85495626494209
98866426830209
99077042088163
