102980705489780
104578733226880
104628363092931
104842981716964
105905759274105
107860653556069
107971382030130
108170957416094
109114911489172
110910461708803
112242392666632
116967254640338
124091272523430
12791640951718
130274029752512
131979655825354
134632255767227
134831024351070
135432623945630
144100457986306
144165622202971
147778574245031
149463034143830
150219278419062
15094045810316
151508070943428
153878546889807
158537507533296
158695145906443
164256606491139
172372112972610
172577124087781
179137526613709
181698488001281
18182289702738
183957747233965
184849692557090
185766774930972
186095902690375
188903810207789
188927730155495
190275204724039
190900599810185
191879097109850
195999153617904
196800087258727
198498632407302
198583059039036
207709691930399
210054881892999
210871341900186
212613186387789
215500919135276
215503402902965
215931795752459
216403855480351
216643826739026
217161739223041
222831778784984
234086551199886
234520716305333
23531113450011
23539184035933
238860956046310
24072122252884
242497311050976
248518743889428
248676323253817
249281704971288
25157446809521
25223309939852
253636205088177
255586599050062
255629052919189
256199147049634
260610944512619
264933543810647
265093633966559
268779080899750
26980289144724
272561832234322
274186815956279
274290097774951
274447553423952
274585521013826
275347129693372
275421524867070
27951261050343
279534070033182
28486853710333
30245646697796
31232410136414
37424171936698
40956508003033
53980397777349
56300862397284
59633686556665
60220108213051
6284919522236
63905674355967
65076531416372
67944938176078
69849414435748
7461367812113
81508944158916
83517354654704
8407921198549
86661275570167
91926021987862
92622592873604
93158458168827
95680921335890
96060184499687
96345662459179
97364544454005
9865677370950
99105293615167
