102701620551769
105415395412445
105989710516292
114696304395474
11768993364840
119391488098216
129500063122699
140466705414762
141694713584177
143899724070068
169611234415694
170382259725530
17389981584113
174292663177500
175463774165694
182734849544099
188158774266727
196499630178537
209930643712429
214626770533604
217718217248150
220860947676274
241231069076308
273473246765692
276889288512583
278375410164301
29495319616828
42281580336385
43858611919626
46588584054174
63618033880314
78884611191006
78898853086161
8072446896576
83353864376749
83888096160651
90042110953212
9594944163194
99173536285810
