100634446050328
107614537465917
111539551834378
112182324614946
114696304395474
11768993364840
134808914411747
143899724070068
152895769528782
170382259725530
171397426054532
17389981584113
178331825722654
182734849544099
188808478804947
198243578253107
214794641913564
225355967579570
227879732344372
235172229883559
247713950924860
261720309299446
264952887727597
267814375824013
271060177780011
274845416232140
27611744857377
28435355514644
46588584054174
58244005089866
78898853086161
82108975149105
84999276724628
86496483864011
87627447407013
9594944163194
98616205608931
