1050034015
1054535328
128179692
1363166670
1442233351
1519592374
1557378568
1680509170
1720129693
1813654003
1824864752
1862370094
1896463232
2044246219
2215127752
221599038
2218321715
2342727414
2385378030
240034529
2459253704
24951812
2496358776
257495503
2599530531
2670614102
2691199080
2698043436
2956776199
3186309593
3197014999
329089453
3375805998
3387383103
3502599336
352298845
3656048362
3675141893
375105990
3790221979
3901031957
3991859269
4190353184
4224778567
4229838855
4256614643
472194126
812728087
