100231336050848
101713365712515
108313175188556
111763181319729
121416112582602
125793707688661
13403352314475
139851327055805
148990804252456
154931681897750
158832360382412
163373928884312
164128017227025
170955289073085
179367684606148
181639859978701
183120806439645
183589526699851
186287721139642
186760786457260
192216644355687
197855003642061
200197546240815
203252831440152
214796730841513
214857685716589
221083124566617
221495110606922
222697330035750
224079731465850
227029717612016
230017185758893
231322195997466
247748305983261
260507179615869
269281845299156
273437101053944
276798671350549
279021014945847
281197388838279
38091256128295
51346333727396
84002199754902
86042566888080
93945148766986
966241109095
