1012352813
1088866585
1111178481
1114540728
1120889137
1191116189
1248613488
1420804209
1555601484
1573897757
1577823111
1669086046
1672351120
167601383
1701636022
1716553395
173560640
1783800825
187745431
1931008260
1935238133
1989886473
2003073478
203091720
2105449862
2132501569
233745774
2405159531
2440784047
2616136096
2647679019
2826917503
2844314195
2992964814
3013788272
3084296710
32505214
3297074970
3324469720
3383637964
3430232514
3469304928
3478279350
350354651
3505529476
3506654661
3561181862
3611763919
3625125817
3714381014
3717536772
3798369658
4028053425
4060210258
4125416243
4135428797
4147513546
4156620474
497659979
50203033
557593798
606783590
65754973
704762113
743768216
746072512
806188112
810534773
938433801
957631543
