1066626335
1155530953
1222068117
1248242696
1290677178
1292166634
13151799
1335863844
1361365106
1377265668
1460230084
1493307164
1530465692
1582125441
1680573256
1779551212
183341166
1847025462
1898429702
1973138911
2031898365
2032341448
2068362828
2291985370
2449230433
249145939
2533691191
2615664196
2791096469
2850926200
2855903664
2889011560
3166492724
3168843316
3186643600
3201543183
321103255
3264255982
3264738632
3310885426
3333758583
3338106623
3347760652
336949646
3382683157
3436335894
3457278480
3523006249
3533385820
353353027
3586466453
3637182487
3654067810
3678496243
3689628291
3737543706
3836037308
3895615455
3959561159
4014636178
4024453917
4033152771
4063903516
4094480352
4097329177
4126576003
4158176938
4192220938
4193944916
4266831203
428429727
474938418
525090692
560453669
561175695
618881593
672540685
675412488
723082471
731450727
82810470
832881234
935665041
988690113
