102980705489780
104628363092931
107860653556069
107971382030130
108170957416094
110910461708803
116967254640338
131979655825354
134632255767227
134831024351070
144165622202971
147778574245031
149463034143830
151508070943428
158695145906443
172577124087781
181698488001281
18182289702738
184849692557090
185766774930972
186095902690375
190900599810185
191879097109850
196800087258727
198583059039036
210054881892999
215500919135276
215931795752459
222831778784984
234520716305333
23531113450011
238860956046310
24072122252884
248518743889428
248676323253817
253636205088177
256199147049634
260610944512619
264933543810647
268779080899750
274290097774951
275347129693372
275421524867070
27951261050343
30245646697796
40956508003033
60220108213051
6284919522236
8407921198549
91926021987862
96060184499687
96345662459179
99105293615167
