100420431867940
101558290676172
10294406171843
103654794912977
104757887349616
106441431318096
107421789597678
110184743068663
112051203251257
112854132887288
113471959969101
113799471541316
117846591890429
118112810788002
118502185178046
118989383174256
121820062138186
125024686297443
125747529720205
126335494801675
126342292750305
127821084866730
130838019825286
131717894431273
132316539810248
134285785884127
134482202241679
136028632678867
13976655588360
140270863737270
140502687674562
142308173840456
145521068117694
150964886418042
151190722334093
151224290367524
151316912760359
153076187887994
153218207238178
155664963819978
156960763141886
157180955128663
157836492987455
160184412919307
160575384987870
161517114758846
162566134917597
163314206173455
165285852477836
16838818645396
169519842191790
169698541839061
170496483556865
17517518814830
175190065631869
175744604108623
176150348609011
178637473207834
179244768857552
179367870246986
180537951851415
180622541214385
183504535926283
183538924930236
184042290843058
18615116186807
186381403924290
18691099456682
187661479418092
19077070019160
190867963086091
192119305211453
193558092280836
194989948840226
19666541826953
19700643228603
197305039927877
19761889237346
19823760084120
198546959649091
200760808380102
20170534415840
20321251166503
205009017389630
205302418838247
205981410938118
209665527319253
212319431626067
212456719982551
214642788757980
216573341358422
219701573543714
221481454150570
22168103125632
221936274430205
223239472905507
224442359654596
225870032473647
226415558123042
229546620387638
234624847686382
2367679776836
237270758409854
2392125559115
239608468182131
240415376046030
244393613913644
245849430442165
248901872927519
249849706039292
25104124393817
25174923594571
256591139283826
257997093590329
258486997558358
25912286953473
259631633028333
260716150913410
262126689335704
265742090227793
266723298667777
267746024783690
268408086669449
269556842435288
273980967701825
274556023459545
27663560847893
276717473734704
277066318819835
277597898044617
27917327262544
279355510066852
280322289614315
30217411002495
31812563445102
32970026796531
37474981971568
40454169612569
41173491446704
41283585490633
41425514877069
42144062391956
42760524615342
45057992377439
46602576220123
50124948982106
51155693190352
51156555660860
51451270660064
52248873104389
57598481474853
57638762598697
59167112884799
59727868326877
61712479999775
62049365307755
63159421837737
63826928735600
68197236873139
69515785052965
71918856321035
72685813080194
72772874722847
73953236300522
75091542155556
78849696152491
79365929974073
79552972989508
79812370098577
80157529741450
80275459229486
80760399454658
89358074055373
92026552780155
95009352072821
98484298855826
99349803465952
99995639825887
