106805318945661
107703286330658
115491523885145
122711649680610
124339827205388
126324559396959
127960726803667
128138389314457
129646945610019
13329277185779
133917979413003
136099783185222
136274062470408
139968503965818
14046273326852
158904067847008
168992652097891
169069866910235
170626558899380
17111471904241
17383409829056
176773394912871
180839181542117
181930385202895
187488812400364
192817994645671
194861482003569
19578843997313
201110351242294
204038446462648
204944102796365
226974910451761
23035801641264
231162550955012
236340235570937
237997694426699
239354000272964
245260224586465
24616581318562
250373072241010
261759221706664
26205684743920
263713465987847
269086351177974
273211774711312
273233655172498
278475391267401
3159307610702
33963865118962
35270588588796
41351072067324
43646073701272
4906545541733
49177738774681
56018311801276
56516185945435
5892611728977
59197648195519
59949479443328
64021106988009
77187915676605
82999842244034
85088951681752
85427338708444
