10992999345022
11259479785916
120043432412903
124048011514386
125676372895356
139723472613806
147871200521172
148826832046896
151645453757394
157348536344629
167485248731064
168348877803395
171654145345098
1733048865240
181542347602044
19337740940268
194310735421871
195652390792691
205934891024032
222280392251147
236159389454427
240313614210467
243969685827529
245730427092794
251999063422527
259330105834154
261582295993319
279149082929707
48310606201355
69115955347683
71177866206696
80538468320353
86165585812826
90474659664754
94588470118351
