109914860787759
120085594002014
125414208188875
126821304205240
129446021300095
138576700734959
151398103684408
154237388590567
156150805310751
16039139529219
161272105419143
176004356972486
178812805837733
183265422769401
18350275249513
18583652203862
188740111582887
200204191661107
20598744086660
210392461861876
215823111394428
220818590399952
23118403828219
237340768074034
239033655227814
259409237669232
260921770713634
275669788107948
35719387840192
37797982874905
38752843202275
41392815334582
42966604832612
46715432399941
46904970050013
52313278688706
53327579224729
56917008762082
62042378652411
759709477782
88760227589967
98086359774288
99886956043126
