101110207437556
105955867418271
106805318945661
110479100093976
113355762362441
115491523885145
117417113112315
12002946219606
128138389314457
13329277185779
133917979413003
136099783185222
136274062470408
14046273326852
144525360920460
145281192284716
147184200187182
147645933299274
150493109781907
158904067847008
159287702532639
160918872752811
168992652097891
169069866910235
170626558899380
175264531048347
180839181542117
181354967499112
181930385202895
186655928548461
188442986308616
188711791996893
192817994645671
193155920340466
194861482003569
19578843997313
204038446462648
204944102796365
205273359162752
210903349966811
218609071307821
222454409515719
224977793219413
226974910451761
233896492949853
236340235570937
23807163548189
245260224586465
24529077517849
24616581318562
250373072241010
261759221706664
26205684743920
263713465987847
269086351177974
273233655172498
278475391267401
279656872182514
30661014320565
31368374532622
3159307610702
32796784355385
32815255561984
33963865118962
35270588588796
41351072067324
41500330192246
42283943981640
43646073701272
4906545541733
5102844724368
56018311801276
56516185945435
5892611728977
60177055309216
6247958812576
675737330480
70508993222776
71884427927349
77187915676605
82999842244034
85427338708444
94587682762452
