1008575317
103200468
1038444418
1078571335
111190183
1129894028
1140223837
1196900707
1203118345
1207377358
1213246124
1242814770
1297783862
1372861946
1407827756
1420418733
1428776164
1460273726
1488744112
1559171476
1616098405
1712803499
1852709601
189390179
2013525117
2026358973
2063173770
2100913888
2136858522
2154961547
2156101700
2182232461
2195220890
2247287474
2420428952
2508218084
2529338324
2531460124
2556839573
2632064530
2651118412
2741290026
2928442136
2946901729
2969439460
3141905167
3184556063
3256040033
3258479885
3312057719
339260132
3437341831
3495286212
3585431315
3589742771
3819974312
3873743298
3995199544
4037375779
4102340680
4153041419
4170369982
4210085196
4226975741
426537727
435476546
470856127
513663268
62007624
651346448
787385483
838104107
875474395
895761126
953031640
96299935
964445087
99408466
