1008443134
1010015072
101578437
1020960630
103994721
1076595315
1079095831
113189042
1137922363
1159767154
1167171767
1171708725
1172796387
1173956787
1174845418
118935145
1205916267
1210627515
126339850
1267515914
1280627784
1284958091
1302338829
13023781
1304250205
1307752085
1308836241
1309805072
1312462935
1332158338
1364413096
1398945994
1416896434
1424805380
1438742960
1440613938
1443747826
144577203
1446424274
145939122
1464050423
1477936951
1509345580
1576786074
1586452993
1615279557
1628087839
1643594763
1658197273
1664981824
1671592837
169128818
1706164701
1718300113
1755036746
1756033823
1768761280
1771274083
1786858788
1789606549
1817126072
1827434812
1842064717
1850069464
1868935018
1874565743
1882829239
1902039963
1902060646
1906253772
1911164806
1929984264
1949704343
1957706229
1973290612
1974728647
2011777703
2016873738
2035171785
2053317859
2056145855
2057948600
2062776935
2075663052
2099601293
2102123636
2103407936
2142661390
2157857811
2163154019
2208282768
2227552398
2228439202
2248694864
2259049736
2260756608
2261383498
2268948665
2281810156
228198774
2303580863
232327742
2335214556
2338786515
2340990838
2344701144
2363964674
2369261454
2370532949
2388256313
2391347302
2420327425
2435462431
2443694128
2451012812
2469973882
2492214622
2495431274
2502210077
2510545497
2515464937
252750757
253680799
2541207896
2542528351
2545542500
2560582408
2563685719
2565481090
2569105252
2574723315
2579303356
2592242732
2593942425
2600875190
2638795806
2649055741
2696286746
2697315529
2720335760
2727102594
273509453
2742861355
2743712415
2764427610
2784751359
2785547365
2801421885
280402758
2806744034
2830105818
2836922940
2838098694
2846859801
2863886090
2870131150
2888819353
2896480173
2918817359
2921183680
293152946
2951384298
2956274820
2957660854
2966980051
2970200071
2995819270
3001303873
3015045415
3024911187
3029806407
3034339861
303554511
3050593063
3055709394
3075294561
3089345831
3094967254
312228711
3161934532
3171101213
3208166158
3222016882
323981073
3247475425
3253011757
3259362468
328744927
3289024187
3295395080
3322996823
3325166503
3354310278
3367612762
3392267868
3396774928
3419460116
3419469695
3422225894
3449739366
3454928049
3476983694
3482745919
3484343757
3490537108
3494568035
3498653945
3510702743
3521757647
3540501857
3544439401
3562112241
3562762311
3587861578
358931682
3590785823
359280258
3644892421
3659539105
3675101545
3698819989
370566404
3717440945
3739677777
3767877739
3769918817
3775681985
3785387327
3790934720
3812660092
3824762033
382493558
3866122112
3895857558
3934307067
3935409816
3939994637
3940073252
3941261115
3946742937
3968580881
3988272988
4016536859
4032030647
4034931546
4044656852
4046292394
4049519660
4057274580
4059461610
4064308979
4071033517
4097381804
411503796
4123872543
4127008605
4127979681
413271265
4141053504
4166855214
4169808725
4186160273
419732459
4199319154
4213597166
4217904595
4261549082
4287097644
429270934
442418999
46951555
475838844
488369221
490334339
493156140
49365372
498991561
505086505
513697330
517442044
529962493
542093794
583471091
606174330
608145954
622288000
624265084
624628729
641410934
682533506
716796798
723941645
724158694
748533455
756698427
785222825
789934160
809287622
810733159
81270376
816347859
821805450
828464057
844830570
854029002
878853552
882764039
905712201
913001614
927631048
951342861
996901069
