103551587650793
113639436755030
116787175693313
119543381409574
124078566705218
139030576785530
143488974318034
147184200187182
147870168739287
158904067847008
168992652097891
169422775676442
194861482003569
197008470307401
200078220452600
205734516689856
210234778049926
225917612087507
233949115684514
238999258894858
241679874641043
245260224586465
250106185947362
252162261862762
256272976728559
259932631333728
268575246724323
33929708625058
33963865118962
37630523014699
42152124614344
46302865176315
62796894900161
7169998385499
80530118158724
80912285726130
87316641108137
88565812236162
91624974223691
