102381875
1054688159
1063140640
1091196915
1092939346
1112379814
1119960523
1145464356
1161903626
1164513524
1168004763
1177830720
119186075
1195412576
1218499789
1227824866
1239102122
1248961728
1275399835
127980854
1285409817
1298135483
1309418380
1310350113
1314863759
1324397564
1331044685
1333789364
1345147414
1362930203
136390131
1394520565
1415991999
1452048069
1454164286
1461840376
1474749125
1481560086
1485273908
1485526876
1512039294
1516212214
1518886469
1519630496
1528570205
1530430519
1538691999
1540021842
154302216
1553740838
15626317
1573537441
1574925393
1582938197
1584812666
1609535379
1648931439
1663936747
1677769849
1707117244
1718326640
1731237022
1754935769
1759883681
1800227054
1856693749
1868203850
1875628727
1916321252
1936377220
1978613026
2004421787
2024440933
2030111702
2058738550
2062426816
206877924
2159247779
2167659662
217361355
2228520831
22439011
2261286481
2263041523
2269548402
229877024
2305418751
2324659014
2325380251
2352335512
2371454953
2381216253
2382556511
2387029205
2400164441
2402276511
2413232626
2445649013
2452008946
2455190104
2473377933
2482577348
2486965369
2491757264
2497761778
2511906926
253072409
2549310724
2558847609
257072684
2585349020
2594300284
2609902182
2613847598
2614862301
264169796
2664282982
2670965481
2678320741
2680805094
269230444
2708312525
2742162434
2774569412
2788677019
28108227
2819545961
2839131841
2866900833
2869435129
2872147148
2894429428
2906803929
2908125376
2917170817
2937018526
2955386870
2955975922
2958270088
2958514965
2961823376
2962104490
2967131321
2969936029
3001056672
3017429148
3019795248
3032422660
3033966598
3057913532
3066816211
3079084452
308070651
3101607872
3107349678
3143275820
317447859
3183733778
3206393048
3208369624
3212558459
3222880936
3245295247
3253384822
3253733984
3277580180
3280045118
3283292207
3287428819
3293652767
3293729552
3298426199
3315049509
3324254483
3334091003
3343245906
3344430512
3384806270
3396384163
3417373369
3435360894
3457848442
3464370513
346576392
3483581451
3493873061
350680936
3516177982
3521487179
3534947447
3591615686
3636633220
3638975093
3642004129
3646002193
3660738731
3702458674
3706191607
3710048019
3752614212
3757031563
3761236360
3769600473
3787030292
3819706296
3834373749
384106623
3849971772
3852888464
3864534290
3866088232
3874111026
3878344729
3894647223
3899318822
395433066
3989410704
3996045903
3998016880
3998296567
4023308446
4033557334
4038665880
4052607888
4055513634
4082065762
4087008417
4089205420
4089772596
4113390943
4116271572
4118963659
4128508387
4129244690
4139980312
4162072342
4200636714
4212854929
4231895934
429032385
429327348
439063505
478238164
502158098
508884242
51269868
513221089
533451095
551167340
554763094
58388704
602920159
604801842
618921063
636935591
645277882
658474881
681637378
684027619
694120472
700185737
701365165
70871059
724268831
735777686
741930075
753996372
758042742
801959385
821658581
822968435
856884209
859437266
876135087
894457054
900350512
900618827
910071425
980337392
