102308307098349
103328505234046
124982515809705
128452468495240
140839331369102
144207215821827
146078037371344
146369808559810
146915215408153
151209266863757
153837886887590
156262568132927
158904067847008
160773256362030
177657403236139
179066235954789
180080510499714
181975655761964
196345173115515
199913106430616
20148131243463
20586001405023
206687049537740
206906357954874
209228566613181
214504676230220
216035114027607
228213468216011
233651040300107
237045261108147
238226325293015
244411233377079
244781460093210
247307343226476
250611581102525
251113043152028
257648897547723
258513039973154
264729201124585
270309293595663
271080936167415
273280814150871
274941171139712
278235724623874
279144760916257
280600217247105
28383818015449
29853496422187
31539296451678
32367041512395
32621754767564
33705437124422
34628819142504
39395449269067
4098618882254
44977848556318
47263650963868
60222487073497
68398549449247
79071340171939
82550326408501
86401661905983
97528821911698
99247825139481
