0
1
1004601583
1005912303
1010434527
1023398784
1023409664
1024328159
1024590063
1028981095
1029244378
1030422767
1031798784
1032189888
104006111
1052842544
1054408823
1055916271
1061814511
1064849424
1067198464
106823919
1069547592
1070006751
1071317351
1072037888
1072038367
1073676527
1073676767
1073742303
1073743742
1073745420
1074530174
1074531852
1075052903
1080688879
1082095720
1082130428
1082130432
1082130436
1082130440
1082134624
1082134630
1082606517
1082606519
1082913376
1084031215
1084227584
1090453502
1090453503
1090453505
1090453568
1090454028
1090486223
1090519018
1090757082
1090757083
1091011839
1091240415
1091567616
1092616192
1094602970
1094680522
1094680838
1094713342
1094713344
1097594818
1098592027
1098772382
1098872770
1098872771
1098874825
1098874872
1098874888
1098874931
1098874933
1098874934
1098874951
1098875142
1098921426
1098976835
1100690044
1100732476
1100988336
1100988410
1100988419
1100988547
1101003785
1101102584
1102184447
1102579462
1103085594
1103085699
1105182720
1105182727
1105199102
1105199103
1105199104
1105216968
1105225318
1106379231
1106379711
1107296254
1107296256
1108607875
1114636647
1114767719
1116145414
1122435551
1127350511
1135152367
1137645632
1138300992
1138300993
1138497603
1138563136
1138694208
1138726975
1138825279
1138956350
1139087422
1139211641
1139218494
1139218495
1139316799
1139415104
1139447871
1139513408
1139611711
1139677249
1139775556
1139873858
1139885001
1139904367
1139939394
1140037699
1140070465
1140103236
1140136002
1140220054
1140398142
1140523885
1140543249
1140573472
1140594664
1140594754
1140741195
1140758595
1140772281
1140785131
1140787037
1140824126
1140853794
1140854812
1140894399
1140899862
1140915483
1140915834
1140916354
1140918492
1140952095
1140953059
1140961090
1140968835
1140978351
1140992502
1140995401
1141017421
1141017632
1141018854
1141021324
1141031521
1141034018
1141066740
1141084288
1141086747
1141091339
1141115384
1141121213
1141121656
1141130216
1141130926
1141132322
1141135174
1141137351
1141138304
1141181428
1141182449
1141200670
1141224269
1141225771
1141227193
1141228014
1141228475
1141228848
1141229056
1141230379
1141231341
1141235066
1141235794
1141238002
1141238102
1141246016
1141246651
1141246964
1141248706
1141253859
1141253955
1141255543
1141256052
1141257155
1141257738
1141257923
1141258118
1141259950
1141260445
1141263392
1141263605
1141265559
1141272501
1141277399
1141279731
1141281834
1141282012
1141296160
1141297664
1141297793
1141312448
1141327702
1141331783
1141335296
1141344012
1141361698
1141378036
1141378037
1141383991
1141384110
1141388247
1141394419
1141394465
1141397562
1141407017
1141410847
1141441098
1141443616
1141454616
1141460000
1141460106
1141461666
1141466091
1141469424
1141476386
1141480363
1141488567
1141490062
1141500796
1141514165
1141516175
1141520111
1141521414
1141523062
1141525538
1141526245
1141531910
1141534767
1141537145
1141545183
1141550946
1141553836
1141558051
1141558099
1141558515
1141564231
1141565794
1141566017
1141571367
1141571544
1141585001
1141591074
1141591869
1141591876
1141597789
1141601453
1141607457
1141613173
1141627975
1141628622
1141631695
1141632138
1141632643
1141633909
1141634046
1141634649
1141634692
1141640217
1141650097
1141651225
1141654738
1141656610
1141663454
1141680915
1141689379
1141703378
1141703552
1141706769
1141706878
1141709598
1141726196
1141726459
1141728550
1141742822
1141751029
1141759581
1141768626
1141771003
1141771252
1141774934
1141785627
1141801022
1141807365
1141808008
1141820237
1141820403
1141836834
1141847697
1141849598
1141853218
1141860718
1141877942
1141881467
1141885986
1141887776
1141911310
1141911317
1141918754
1141921037
1141927907
1141938284
1141946069
1141948273
1141950430
1141951476
1141956465
1141976692
1141994138
1141995837
1141996441
1142009423
1142017013
1142066162
1142071093
1142087283
1142126807
1142161887
1142180896
1142200908
1142240479
1142262437
1142267715
1142269872
1142275907
1142279203
1142284238
1142293298
1142295585
1142313579
1142328865
1142344691
1142344737
1142351136
1142386923
1142390535
1142393844
1142393889
1142406276
1142574067
1142606881
1142639649
1142639650
1142641798
1142655049
1142664966
1142669958
1142690134
1142705185
1142737954
1142754604
1142759573
1142769235
1142770721
1142838746
1142869027
1142874533
1142895339
1142904412
1142918178
1142918179
1142919843
1142934563
1142950899
1142974491
1142981792
1142989400
1142993337
1143003032
1143012105
1143032866
1143035696
1143062921
1143087552
1143087562
1143186303
1143212653
1143242303
1143273625
1143284561
1143290027
1143290559
1143290572
1143293380
1143294380
1143294752
1143296781
1143298411
1143325325
1143407094
1143469730
1143473255
1143527371
1143565288
1143568072
1143568530
1143593702
1143632675
1143642940
1143649706
1143652431
1143652432
1143655458
1143665590
1143668817
1143675966
1143701584
1143708949
1143737410
1143767119
1143767121
1143808467
1143822227
1143843168
1143843742
1143851886
1143865543
1143865962
1143874604
1143901606
1143904590
1143948754
1143988118
1144037740
1144066782
1144078417
1144103484
1144136294
1144176720
1144197709
1144209490
1144225300
1144227228
1144271438
1144275318
1144291410
1144298488
1144324176
1144335903
1144335908
1144344828
1144373329
1144386638
1144389712
1144420053
1144422480
1144427040
1144428692
1144443224
1144455248
1144455838
1144476645
1144485718
1144491314
1144563098
1144569937
1144570198
1144574644
1144582247
1144584339
1144593412
1144635473
1144668858
1144668868
1144711776
1144712593
1144776347
1144782930
1144785979
1144793958
1144816934
1144825538
1144852578
1144854930
1144858486
1144863312
1144865868
1144871864
1144874924
1144878087
1144879716
1144883685
1144896315
1144896967
1144910075
1144925753
1144946769
1144953933
1144954534
1144958414
1144958726
1144959015
1144970159
1144970166
1144975325
1144978761
1144984879
1144987730
1144992293
1145000965
1145001604
1145007828
1145009374
1145010230
1145010257
1145010946
1145011567
1145014738
1145014808
1145015678
1145015939
1145017868
1145030931
1145043991
1145045214
1145051037
1145054561
1145072330
1145099983
1145103582
1145109389
1145112289
1145115261
1145126993
1145143376
1145146594
1145150011
1145150469
1145175009
1145185598
1145195756
1145207291
1145213059
1145213982
1145216661
1145217866
1145221545
1145224247
1145225297
1145226047
1145227059
1145231014
1145233296
1145238752
1145244478
1145245306
1145245465
1145246350
1145246897
1145248236
1145248583
1145251656
1145252710
1145255817
1145257188
1145257273
1145263360
1145268306
1145271236
1145274449
1145277382
1145278773
1145278901
1145292989
1145293424
1145314735
1145329557
1145355632
1145356368
1145356370
1145358458
1145377432
1145381629
1145382460
1145382515
1145384747
1145390999
1145402445
1145403014
1145423789
1145424476
1145425160
1145427969
1145428515
1145433192
1145447677
1145453531
1145455656
1145458459
1145475168
1145476236
1145476468
1145487440
1145490512
1145520079
1145520209
1145527599
1145530062
1145532237
1145553583
1145555796
1145560651
1145609924
1145630423
1145631247
1145632102
1145632148
1145636495
1145651281
1145682846
1145684049
1145700381
1145702117
1145712437
1145712869
1145717203
1145733442
1145740054
1145752965
1145759931
1145779015
1145779177
1145784980
1145798699
1145832908
1145835592
1145843400
1145843793
1145844014
1145845865
1145847889
1145857805
1145861094
1145861535
1145867635
1145870632
1145872113
1145876563
1145879569
1145879795
1145898486
1145904986
1145912593
1145924289
1145927461
1145949574
1145962576
1145972087
1145972316
1145972924
1145978364
1145979586
1145980716
1145980853
1145995345
1146020352
1146031213
1146060933
1146064284
1146101778
1146110034
1146126417
1146142163
1146142802
1146190223
1146208339
1146224722
1146273872
1146293902
1146295295
1146306642
1146357656
1146388562
1146421329
1146470480
1146470481
1146487061
1146527762
1146536018
1146585170
1146634322
1146683473
1146699858
1146716242
1146732626
1146732627
1146733249
1146740754
1146749010
1146767056
1146783552
1146814547
1146863696
1146863697
1146870796
1146871397
1146871828
1146875278
1146875879
1146880082
1146887022
1146887029
1146895624
1146899096
1146912849
1146920979
1146953746
1146953747
1147093073
1147103054
1147117588
1147125841
1147158860
1147162643
1147197466
1147246425
1147299383
1147301613
1147307865
1147309843
1147311094
1147375323
1147387985
1147472659
1147486290
1147510848
1147526791
1147549012
1147553358
1147577144
1147609108
1147617244
1147624738
1147625490
1147651628
1147691027
1147709435
1147752460
1147788979
1147796437
1147814826
1147815349
1147832346
1147841152
1147844327
1147888954
1147889183
1147889791
1147890766
1147893163
1147897720
1147948076
1147977797
1147981148
1148000860
1148002323
1148020595
1148020596
1148047744
1148048721
1148051476
1148055354
1148088852
1148107089
1148113279
1148118301
1148138318
1148138745
1148140842
1148142959
1148176228
1148178881
1148180614
1148194192
1148202414
1148205961
1148212161
1148215315
1148241235
1148253365
1148280852
1148308224
1148310229
1148316446
1148326074
1148327565
1148366026
1148404219
1148417634
1148451378
1148507177
1148530349
1148573273
1148575076
1148592491
1148600416
1148669971
1148706694
1148716697
1148772387
1148838985
1148901754
1148912662
1148987953
1148996811
1149012781
1149020315
1149045881
1149048450
1149050433
1149069050
1149080050
1149124170
1149125228
1149126977
1149139823
1149172410
1149188002
1149217714
1149225465
1149227212
1149228271
1149230328
1149253797
1149254844
1149254845
1149255904
1149259294
1149261343
1149266235
1149270652
1149271644
1149272929
1149273865
1149274731
1149281518
1149285629
1149289478
1149301891
1149304435
1149304781
1149305043
1149311106
1149333744
1149338535
1149338844
1149339537
1149342646
1149347462
1149348205
1149356875
1149357033
1149358304
1149359817
1149363611
1149367436
1149397930
1149409675
1149471061
1149480669
1149484633
1149505842
1149539820
1149540742
1149542771
1149570180
1149582827
1149682830
1149698680
1149702013
1149707754
1149716935
1149724448
1149726710
1149736717
1149739228
1149751442
1149754335
1149770628
1149778425
1149785569
1149793282
1149799589
1149806966
1149824068
1149831010
1149835428
1149837703
1149852184
1149869212
1149903620
1149921651
1149923079
1149928437
1149941970
1169031647
1176371559
117902260
1180007
1184891119
11862495
11993327
11993567
1199964339
1204552159
1205141504
1207173599
1217462451
1219559903
1222705391
1229455479
1241776607
1242563039
1244071686
1252655343
1252655583
1262420207
1270153695
1275725574
1275726173
1276576463
1286275551
1292570124
1293287783
1306525935
1306657247
131006943
1310458215
1310720
1313
1323106783
13238751
1324286431
133890527
1339031791
1344930990
1358364911
1361904095
1387069799
1391198687
1398276335
1408697219
1415187081
1428161231
1431634159
1431634399
1432355055
1443299687
1459290351
1459290591
1472987615
1479344607
1485635943
1485636063
1489371495
1498612071
1533215079
1534460143
1534460383
1538130159
1538130399
1541079519
1541603807
1548747111
1548747351
1548878063
1551173981
1554972911
1554973151
1564148071
1569523462
1574766342
1575225094
1576927591
1584988639
1588527583
1607271598
1608124166
1610547679
1610613215
1610614654
1610616332
1611333632
1611401086
1611402764
1611923815
1612710847
1614545375
1620902127
1621688679
164233335
1643053415
1645478787
1651507559
1651704167
1653016326
1656293126
1656293425
167313647
1677787495
1679032799
1696989663
1706690310
1713242471
1719730415
1719730655
1719927143
1721173766
1727660271
1727660511
1731003267
1731635570
173342959
1741423071
1780942598
1783955695
178913519
178913759
178915078
178915977
1789526255
1789526495
1807024607
1810629087
1813447375
1822490624
1830158695
1838285279
1841926314
1847329127
1859518703
1859781087
1861157343
1866662127
1866662367
1889272707
1891172471
1898775007
1899364591
1899364831
1899365251
189989343
190054639
190054879
190055359
1902445023
190447855
1905
1923940711
19268063
1928069599
1928397039
1928528231
1932591343
1953169887
1954284239
1958412767
1958715584
1962214574
1962215174
1965032143
1968505071
1968505311
1968506630
1973682415
1975517423
1979580895
1980170599
198052189
1990066415
1990066655
2013921759
2014502296
2016215519
2022506855
2022506975
2026242407
2035482983
204669407
2049769711
2058289391
2070085991
2070937839
2070938079
2078474719
2079654367
2085748975
2087846367
2093418246
2093419145
2097271
2098051
2098111
2101018983
2101936607
2102001783
2110457606
2110458205
2113798503
211615863
2121859551
2125398495
2126709215
2133591814
2135818479
2147418591
2147549663
2147550622
2147551102
2147552180
2148270080
2151481823
2156331487
2158625127
2162426335
2162927
2169438267
2170159343
2173173999
2178744799
2179989863
2192310511
2208039391
2214723943
2215313647
2215313887
2217804255
2223374695
2233926111
2255880431
2255880671
2256863591
2259878247
2269642752
2277088634
2293432320
2293432919
2294285007
2299789611
2302935159
2305688031
2325414127
2326462943
2328363487
232915423
2340291039
2345601373
2347565535
2347892975
2353332463
2359427072
2359820767
2360541663
2370044383
2373058799
2379525915
238030348
2380464607
2396455151
2397
2405499119
2408972767
2426077663
2426209155
2440169222
2465464679
2481324511
2490106335
2491220687
2495349215
2499151022
2499151622
2505441759
2505443078
2516517343
2518548959
2527002863
2527003103
253493248
2540372447
2542142638
2543976687
2543976927
2543977047
2550858207
2553086431
2553151967
2558394607
2559443423
257
2583822575
2588082655
2616000991
2616590575
2624782815
2630157247
263324127
2662596847
2662597087
2672951775
2675639770
2677605550
2677606150
2682716160
2682716639
2683306343
2684355039
2684356358
2684420335
2684420575
2684421534
2684422014
2684422193
2684423092
2685404035
2691367151
2693202399
2695627471
2699297247
2701918687
2717057503
2717057983
2722889967
2722890207
2740519391
2744910303
2760245607
2761492529
2766012655
2778398959
2778399199
2795372783
2795373023
2796749159
2797863391
2806513664
2826896079
2830303232
2830303831
2831155919
28418
2850619871
2854945127
2861171167
2861171647
2861236703
2861237183
2863333615
2863333855
2863335174
2863336073
2865168384
2869297511
2877161951
2883322335
2886403846
2886404445
2896691679
2897412575
2905866719
2915172831
2917335519
2942370031
2945188319
2946171119
2948792799
2949120359
2962948575
296617134
2976252383
2994536687
3004432623
3004432863
3004435081
3007774959
3007776518
3018195423
303366383
30408943
3042246895
3042247135
3042312671
3043033327
3045064704
3047161856
3053453312
3055419871
3057320415
3058696192
3059548399
3061841920
3077243359
3079013550
3082158319
3089957343
3091071215
3099656671
3101884895
3116368111
3120693487
3124953567
3128559066
3128559366
312869343
3129344479
3129345198
3134914560
3137282048
31414
3149939461
316015071
3161570048
3171363584
3192324335
3195928815
3201093120
3203465455
3203465695
3204914912
3205930904
3209146368
3212510682
3214148063
3214476462
3214477062
3216704248
3219587072
3219587551
3220177255
3221225472
3221225951
3221227270
3221291487
3228565500
3229618354
3229681550
3229682065
3229820288
3232367071
3232498383
3235498359
3235840280
32375263
3237998475
3238002688
3238035447
3238035448
3238035449
3238789599
3240558831
3246064335
3247243743
3255304671
3266971398
3266971697
3269001695
3269984735
3302883567
3305308399
3305308639
3307536623
3307667695
3314548975
3314549215
3342008559
3342730414
3342731014
3345744111
3345809887
3352100864
3363766991
3371434223
3387490783
3388539359
3390046447
3390046687
3391816039
3398042079
3398042559
3400204527
3400204767
3402039296
3406168423
341377024
341508455
3421307359
342557151
3426223039
3429268937
3434545391
3434545631
3448963551
3451060463
3452043743
3454206431
3456108294
3462398071
347013599
3482059231
3485663711
3485729007
3485991271
3495690719
3506438503
351208622
3524723167
3531407599
3537895663
3545301471
3547857135
3547858394
3547858694
357892575
3579183583
35848671
3606839535
3606839775
3616736131
3619029231
3622699247
3627942127
3627942367
3636527583
3638755807
364904687
3649634783
3650814431
3663593951
3666215391
3666216110
368968159
3698723165
3702522095
3702522335
3717072646
3721135878
3721136477
3722315526
3722774278
3734765927
3734831463
37356119
3737552174
3737911655
3750494208
3751018975
3751019694
3754426847
3754492023
3754492383
3755673350
3757048167
3758096384
3758096863
3758162399
3758164317
3758882816
3759472640
3769237983
3780051183
3782541431
3782935247
3792175583
3794010591
3801219431
3805872607
3812164063
381354283
382534111
384106975
3844538607
384828111
3856662767
3856663007
3856992006
3862168031
3869311215
3879601326
3879601926
3882615023
3882680799
3888971776
3891658991
3891659231
3892052447
3895241729
3925410271
3937075679
3948151263
3948216559
3948216799
3948217279
3956015343
3958178271
3962831327
3985834463
3991077343
3992979206
3999268983
4007330271
4021486047
4032561631
4043309415
4054779054
4061528303
4061594079
4071031263
4074176991
4076077535
4082172383
40829287
4099670375
4116054495
4122477443
4127130079
4142268895
4147249631
4149215471
4169007343
4170056159
4178772207
4178772447
4186505695
4187685343
4192600963
4200464863
4200793262
4200794461
4206755959
4208984303
4215408390
4224647407
4224647647
4224648067
4233298399
4233953759
4239851759
4240769983
4241752543
4243914991
4243915231
4245356783
4254793967
4261937271
4267705039
4271636839
4274782567
4275634535
4277141743
427885023
4281089606
4287365120
4287890606
4291297759
43057511
43494
436666607
441385199
441385439
442631342
442632541
444138970
444139270
457246470
469041631
470024431
470024671
473563615
475136479
479
480053297
482805510
482806409
483721455
487457247
492110183
492373466
496717012
516096479
517472615
521074999
533135839
534446439
535166976
535167455
536805855
536871151
536871391
536873009
537659262
537660340
538050919
55116255
554369503
55509231
556138975
56099295
562823647
577700199
585892739
590807519
591987167
59459
600703455
612565471
613943345
61732
619905383
620298719
625215238
632160735
63373431
63832543
647823599
647823839
654773172
667877855
668270592
676987359
682688991
687145439
695009759
70255071
705692127
715784431
715784671
720896
730792415
741802943
755699212
75694559
759562479
769786335
774901260
786235871
788350
789428
790364160
80413151
808060078
814743791
814744031
83427807
855965935
857342191
863437039
863438298
863438598
878247936
878316169
879428063
88344326
883884511
888079534
894763487
897581056
903413999
903414239
910163968
913375471
913965175
913965295
914358272
919405023
921699023
922484975
922746880
923271168
924844032
931135488
933232640
935329792
935854080
946012399
948765151
964755935
9654
990052352
990057088
990060544
997589231
997589471
999227511
