0
1
1010434527
1017446879
1023384064
1023398784
1024328159
1028981095
1030881759
1030883677
1031798784
1032189888
1049495422
1049495901
1050210944
1052842544
1054081263
1063343692
1064849424
1067198464
1070006751
1071317351
107153757
1072037888
1072038367
1073676767
1073742303
1073743742
1073745420
1074530174
1074531852
1075052903
1080166150
1082130432
1082130440
1082134624
1082606517
1082606519
1082868268
1082868270
1082868272
1084031215
1084227584
1085538543
1085538783
1088421887
1090757082
1090757083
1091011839
1091240415
1100613382
1106837743
1106837983
1107755487
1108607875
1114636647
1114833255
1116145414
1116145534
1116932745
1121780191
1124728029
1124766761
1125398134
1125515743
1126104970
1126372148
1126440420
1126502592
1126528292
1126532102
1126609393
1126691161
1126742882
1126922064
1127068894
1127170060
1127460648
1127534274
1127678431
1127743280
1127797350
1127866881
1127945765
1127945768
1128059336
1128318890
1128321893
1128384704
1128583788
1128597842
1128632704
1128793097
1128884729
1128952780
1128973170
1129072392
1129133838
1129133840
1129174739
1129210922
1129259838
1129424291
1129432480
1129528664
1129624134
1129624164
1129701089
1129763152
1129957297
1130264692
1130321148
1130486118
1130490081
1130490082
1130554514
1130559049
1130664509
1130696402
1130708720
1130739714
1130782524
1130940808
1130978903
1131013852
1131028636
1131049752
1131058379
1131082521
1131115841
1131152081
1131233208
1131294354
1131433887
1131541032
1132480902
1132504076
1132600741
1132729684
1132758946
1132919463
1132945602
1132969546
1133011158
1133029303
1133049217
1133083335
1133169470
1133184061
1133199288
1133207154
1133226548
1133244693
1133395588
1133395608
1133405055
1133500407
1133632784
1133645782
1133714024
1133732106
1133767728
1133789600
1133801594
1133814039
1133817295
1133847966
1133917474
1134102835
1134137913
1134159939
1134166987
1134275224
1134293436
1134351054
1134399881
1134407887
1134439505
1134485832
1134506364
1134519892
1134551661
1134572416
1134906820
1134907968
1134913803
1134924250
1134944523
1134951569
1134969690
1134983320
1135072376
1135099172
1135117989
1135152367
1135154544
1135156932
1135231687
1135251058
1135527347
1135531843
1135566739
1135615895
1135666687
1135697133
1135763351
1135859519
1135892293
1135902232
1135920156
1135921560
1136087880
1136118965
1136131815
1136132155
1136133723
1136173768
1136191913
1136328701
1136338627
1136346670
1136369763
1136389157
1136392409
1136402116
1136407190
1136407302
1136452700
1136475138
1136508930
1136517068
1136523989
1136534035
1136547653
1136558197
1136558217
1136574065
1136645669
1136649887
1136739310
1136744259
1136766344
1136773178
1136808390
1136893328
1136893329
1136897347
1136912894
1136930336
1136952209
1136964203
1136964232
1136971843
1136976649
1136979905
1137024888
1137027114
1137060026
1137159568
1137166600
1137184026
1137197278
1137200186
1137264218
1137310043
1137322548
1137329598
1137473134
1137497592
1137513662
1137542771
1137551884
1137570497
1137648442
1137668972
1137679740
1137679755
1137682501
1137714271
1137727297
1137735024
1137800988
1137842205
1137857909
1137884234
1138069430
1138086860
1138110726
1138192264
1138258929
1138280598
1138317126
1138322993
1138338074
1138392546
1138394328
1138396859
1138398295
1138408930
1138484271
1138514847
1138525000
1138545772
1138565473
1138638181
1138644804
1138748356
1138751859
1138775876
1138778505
1138864209
1138910550
1139026405
1139072745
1139169093
1139806093
1139808277
1139835911
1139935786
1142227423
1145373151
1146326359
1146441726
1146563540
1146908438
1147216130
1147263419
1147292174
1147292775
1147296655
1147297256
1147308400
1147308407
1147315165
1147317002
1147326018
1147327085
1147355352
1147394996
1147415445
1147555623
1147667800
1147720759
1147722989
1147729242
1147758449
1147796701
1147850485
1147852968
1147865494
1147894038
1147948168
1147970390
1147974737
1147975584
1147998524
1148037198
1148038623
1148065851
1148078102
1148094422
1148119140
1148126868
1148129590
1148130815
1148131315
1148138147
1148151559
1148157935
1148162258
1148173835
1148210357
1148217812
1148232908
1148236728
1148262531
1148264211
1148264212
1148264665
1148265704
1148270328
1148272317
1148282779
1148287286
1148297779
1148310330
1148310562
1148311166
1148312146
1148319095
1148326126
1148337711
1148369455
1148399175
1148402526
1148528468
1148557830
1148560126
1148562223
1148564343
1148580100
1148600265
1148601995
1148615573
1148623795
1148633540
1148650514
1148662619
1148674748
1148689989
1148729604
1148734150
1148737826
1148747458
1148748948
1148777951
1148787407
1148801122
1148817173
1148994657
1149013875
1149021801
1149031555
1149128077
1149138075
1149249832
1149280877
1149300400
1149300472
1149319632
1149328745
1149335903
1149340498
1149347488
1149353726
1149370363
1149371534
1149400252
1149404261
1149416543
1149416999
1149422792
1149424340
1149436937
1149439197
1149443071
1149445502
1149452781
1149464489
1149465536
1149465537
1149466596
1149469984
1149476926
1149481342
1149484557
1149485423
1149492211
1149496322
1149506790
1149515124
1149515735
1149521799
1149534344
1149549227
1149549535
1149550229
1149552166
1149553338
1149558155
1149558899
1149561071
1149567565
1149568994
1149574034
1149578128
1149580914
1149597226
1149603932
1149648705
1149660289
1149681754
1149682652
1149686361
1149691361
1149695325
1149700882
1149701111
1149702466
1149730101
1149753462
1149811022
1149837771
1149838456
1149840134
1149845991
1149851445
1149863994
1149891994
1149893521
1149935140
1149965027
1149967300
1149981320
1149989116
1149991758
1149996416
1149999162
1150003973
1150010279
1150025225
1150034761
1150041703
1150046118
1150054098
1150065774
1150079902
1150114311
1150115005
1150132342
1150133771
1150135285
1150173396
1150287453
1150455259
1150479322
1150479623
1150481562
1150481863
1150487435
1150487439
1150488028
1150491736
1150512602
1150522746
1150553564
1150619008
1150622214
1150667136
1150693615
1150694729
1150697856
1150731586
1150753749
1150780253
1150784315
1150807318
1150807517
1150818427
1150820604
1150852545
1150913599
1150920153
1150922204
1150938412
1150938588
1150942141
1150951598
1150964499
1150966085
1150979547
1150988399
1150988514
1150988817
1150992782
1151017961
1151032822
1151033820
1151034496
1151035023
1151077852
1151097470
1151150005
1166475743
1169031647
1176371559
117902260
1180007
1198
1204552159
1205141504
1219559903
1227882735
1232077279
1240990175
1241186543
1241186783
1242563039
1244071686
1252655343
1252655583
1273823711
1276576463
1284178399
1290076399
1290076639
1292570124
1293287783
1295778271
1298465247
1306657247
130810095
130810335
131006943
1310458215
1310720
1313
1324286431
133890527
1344930990
1361904095
1371997958
1387069799
1391198687
1415187081
1428161231
1431634399
1431635718
1431636317
1431701254
1431701374
1432422749
1443299687
1443430639
1443430879
1445331183
1445331423
1467025278
1474824062
1474824841
1479344607
1485635943
1489371495
1498
1498612071
1502085599
1531445727
1533215079
1541603807
1548878063
1554317791
1564148071
1567752671
1567754589
1576927591
1584988639
1588527583
1600323823
1600324063
1610547439
1610547679
1610612975
1610613215
1610614654
1610614833
1610615133
1610616332
1611333632
1611401086
1611402764
1611923815
1614610911
1620902127
1621688679
1643053415
1645478787
1651507559
1651704167
1653016326
1664549343
1677787495
1696989663
1703346655
1713242471
1714618847
1719927143
1731635570
1741423071
1746863278
1746863878
1763770607
1768948191
1771374941
1780942598
178913759
1789526255
1789526495
1796866287
1801322735
1801322975
1810694623
1813447375
1822490624
1830158695
1841926314
1847329127
1849232009
1859518703
1861157343
186253551
1867710823
1882325471
1887176454
1889272707
1898775007
189989343
190054639
190054879
190055359
1905
1923940711
192610543
192610783
19268063
1928528231
1950287742
1954284239
1956577759
1958412767
1958715584
1959592415
1962214574
1962215174
1963196775
1965032143
1968505311
1969553767
1979580895
1980170599
1990066415
1990066655
2013921759
2014502296
2016215519
2022506855
2026242407
2035482983
204669407
2068316639
2070085991
2078474719
2085748975
2087846367
2101018983
2109669855
2111701231
2111701471
2113798503
2120745199
2121859551
2125398495
2126971359
2127299039
212992479
2144862687
2145255783
2147418591
2147549663
2147550622
2147551102
2147552180
2148270080
2151481823
2151547359
2156331487
2158625127
2162426335
2179989863
2180973023
2180975540
2208039391
2212430303
2214723943
2223374695
2223374815
2233008367
2233008607
2233926111
2247360991
2256863591
2259878247
2267021791
2269642752
2273509855
2277088634
2278818271
2280653279
2283799726
2283800326
2293432320
2293432919
2294285007
2306343391
2316370399
2326462943
232915423
2340291039
2359427072
2359820767
2369849693
2379525915
238030348
2380464607
239
2396455151
2405435142
2405499119
2410021103
2419261919
2426077663
2426209155
2465464679
2481324511
2485322207
2490106335
2491220687
2495349215
2496528863
2505441759
2505443198
2505444276
2516517343
2518548959
2531786991
2531787231
2533097711
2533097951
253493248
2540372447
2542142638
2553151967
2559443423
2565080958
2565082036
2568028399
2568028639
257
2583822575
2588082655
2624782815
263324127
2646083454
2648573702
2648637679
2649032454
2657681647
2664235487
2672885999
2672886239
2675639770
2677605550
2677606150
2681799135
2682716160
2682716639
2683306343
2684355039
2684420575
2684421534
2684422014
2684423092
2693202399
2695627471
2699297247
2701918687
2703950303
2713780703
2717843935
2717846452
2744910303
2749301215
2760245607
2760245727
2766012655
2784231903
2796749159
2806513664
2810380767
282263791
282264031
2826896079
2830303232
2830303831
2831155919
2835546351
2835546591
28418
2843214303
2850619871
2853241311
2854945127
2861236703
2861237183
2863333615
2863333855
2864906479
2864906719
2865168384
2869297511
2877161951
2906720605
2917335519
2918973919
2929131999
2929656287
2933588447
2933785055
2942370031
2945188319
2948792799
2949185895
2953316102
2962948575
296617134
2994536687
3016884463
3016884703
3018195423
3022193119
302580191
3032613343
3042312671
3043885295
3043885535
3045064704
3055419871
3061841920
3070230528
3070689639
3076391391
3077243359
3079013550
3082158319
3089957343
3090022879
3091071215
3096314335
3099656671
3101884895
3120693487
3124953567
312869343
3129344479
3129345198
3140093702
31414
3149939461
316015071
3171342336
3171457280
3171573504
3175678431
3178563334
3178563633
3179415901
3180134879
3187802351
3192456966
3199796998
3199797118
3204914912
3205930904
3209146368
3214148063
3216704248
3219587072
3219587551
3220177255
3221225472
3221225951
3228565500
3229679647
3229820288
3232367071
3232498383
3235498359
3235840280
3237998475
3237998481
3238002687
3238002688
3238035447
3238035448
3238035449
3238789599
3240821215
3242328543
3246064335
3250651615
3269001695
3275227615
3291546079
3302883567
3307667695
3342730414
3342731014
3345744111
3345809887
3352100864
3363766991
3387490783
3388735727
3388735967
3391816039
3398042079
3398042559
3398107615
3398108095
3400204527
3400204767
3402039296
3406168423
3407544799
341377024
341508455
3417702879
3419343197
3429268937
3434349023
344064479
3448963551
3454206431
3456108294
3462398071
3466527199
347013599
3482059231
3485663711
3485991271
3486056807
3495690719
3502376710
3506438503
351208622
3524723167
3531407599
3545301471
3555983599
3569484255
357892575
357894014
3579183343
3579183583
35848671
3613262303
3619029231
3633185247
3638755807
3650814431
365232367
3663593951
3681289990
368968159
3698655471
3698655711
3700359647
3705143775
3707699679
3712549343
3715434246
3715434545
371589359
371589599
3716286813
3718775023
3718775263
3730374895
3730375135
3734831463
3737552174
3737911655
3745054959
3746627823
3746628063
3750494208
3751018975
3751019694
3752919279
3752919519
3754426847
3757048167
3758096384
3758096863
3758162399
3758882816
3759472640
3769237983
37749215
3779199455
3782935247
3794010591
3801219431
3805872607
3812098527
382534111
3829400031
3835234353
384106975
3844538607
384828111
3860268926
3860594927
3860595167
3860988383
3865315677
3869114607
3869114847
3888971776
3892052447
3895241729
3910732425
3937075679
3948151263
3948216559
3948216799
3948217279
3962831327
3971219935
3980591463
398196975
398197215
3992979206
3999268983
4021486047
4032561631
4043309415
4054779054
4060742111
4061528303
4071031263
4074176991
4082172383
40829287
4092854511
4099670375
4100719071
4102226399
4116054255
4116054495
4116055814
4123394527
4127130079
4142268895
4159244937
4187685343
4192272623
4200464863
4200793262
4200794461
4215408390
4233298399
4237230559
4242014687
4249420255
4267245807
4267246047
4271636839
4271702375
4274782567
4275634535
427885023
4281089606
4287365120
4289134831
4289135071
4291297759
43057511
43494
457246470
458948847
458949087
460325103
460325343
473563615
475136479
477364703
477432157
479
481231087
481231327
48693727
487457247
491258335
492110183
492373466
495255791
495781638
496717012
496894431
509083887
509084127
517472615
517669823
519702398
521074999
528482783
533135839
534382342
534446439
535166976
535167455
536805855
536807174
536871391
536872110
536872410
537659262
537660340
538050919
550568175
550568415
55116255
554369503
574620127
577700199
579340038
580911583
588644831
590807519
591987167
59459
59639558
600703455
612565471
61732
619776049
620298719
623249158
625215238
632160735
63832543
654773172
656149129
667681007
667681247
668270592
682688991
705692127
71238111
713621743
713621983
715784671
720896
747307487
755699212
75694559
758253318
764543455
767623647
774901260
775946599
788350
789428
790364160
804978927
808060078
812057055
82905137
83427807
878247936
878315390
878316169
88344326
883884511
888079534
894763487
894764806
894765405
895420286
897581056
905969664
914358272
915865959
918552576
919405023
919601152
921699023
922746880
923271168
924844032
926941184
933232640
935854080
948765151
964755935
9654
987694974
987695753
990052352
990056448
990058496
990060544
990109696
997589231
997589471
