0
1
1004732895
1012007151
1014104543
1023398784
1023409152
1023409664
102629735
1027277159
10289391
1031798784
1032189888
1038156735
1040056679
104006111
1048117727
1051656671
1052842544
1054081263
1063715055
1064849424
1066599598
1067198464
107282911
1073676647
1073676767
1073742303
1073743262
1073743742
1073744820
1074462720
1077739999
1080166150
1082130432
1082130440
1082134624
1082524127
1082606517
1082606519
1084227584
1084817767
1088618975
1090757082
1090757083
1090899678
1091011839
1092616551
1099170271
1100613382
1106182503
1121845727
1122435551
1134232031
1135152367
1140916583
1144824853
1144957145
1145138476
1145232202
1145239515
1145303009
1145303010
1145313293
1145343935
1145343936
1145343937
1145359476
1145373151
1145386457
1145388552
1145388553
1145390673
1145410023
1145418724
1145426595
1145428326
1145441903
1145450125
1145488950
1145501077
1145528392
1145528393
1145550071
1145555934
1145564156
1145573790
1145575279
1145606060
1145607024
1145613738
1145713923
1145715068
1145775570
1145820955
1145820987
1145840206
1145844642
1145848132
1145954409
1145964406
1145974296
1145974297
1146015985
1146049847
1146049848
1146086701
1146112096
1146215980
1146215981
1146220748
1146244526
1146258842
1146268031
1146327764
1146339939
1146348496
1146387538
1146420124
1146432552
1146435283
1146435717
1146437043
1146438504
1146449969
1146455791
1146465430
1146469413
1146469414
1146478042
1146507747
1146510449
1146510450
1146516012
1146518107
1146518108
1146520229
1146527005
1146540889
1146549721
1146556151
1146557881
1146571460
1146579682
1146606402
1146617288
1146618505
1146630635
1146662403
1146664327
1146685492
1146686107
1146693714
1146703345
1146704836
1146710123
1146713479
1146714849
1146722167
1146725025
1146743293
1146813343
1146813344
11469039
1146950545
1146969763
1146977688
1146988170
1146988629
1147083965
1147093961
1147216256
1147228564
1147242324
1147272544
1147286061
1147321705
1147324687
1147374080
1147397588
1147457321
1147469497
1147517093
1147527423
1147549679
1147556394
1147565271
1147594986
1147607597
1147608518
1147621415
1147634832
1147645571
1147647324
1147647667
1147649786
1147656562
1147670446
1147679276
1147685708
1147687440
1147688776
1147695415
1147701015
1147709237
1147718588
1147724374
1147746843
1147747541
1147748065
1147753654
1147760191
1147770714
1147792272
1147815047
1147815662
1147823269
1147832906
1147834392
1147851725
1147854583
1147872850
1147887170
1148045436
1148066143
1148080101
1148086057
1148095095
1148099318
1148107245
1148118949
1148129853
1148187784
1148223517
1148280461
1148428984
1148448796
1148503637
1148586875
1148646649
1148679235
1148685946
1148694827
1148697535
1148701306
1148709423
1148724542
1148737154
1148765232
1148773761
1148786116
1148800000
1148806319
1148808832
1148824789
1148876399
1148945219
1148946603
1148981278
1148984137
1148992719
1149265398
1149375860
1149433205
1149457266
1149457567
1149459506
1149459807
1149465380
1149465384
1149465974
1149469681
1149490548
1149500691
1149564275
1149564653
1149567335
1149596953
1149645081
1149671560
1149672674
1149675801
1149709530
1149721474
1149731694
1149758198
1149785263
1149785463
1149796372
1149798548
1149825494
1149830489
1149891544
1149898098
1149916357
1149920086
1149927473
1149929544
1149942443
1149944031
1149957493
1149966345
1149966459
1149966762
1149970727
1149985246
1149993494
1149995907
1150006644
1150010767
1150012442
1150055798
1150075415
1150113141
1150113142
1150127951
1150326134
1160118751
1183056231
1186070887
1193018842
1193020340
1195835392
1217069295
1219624960
1219625559
1220477647
1227882735
1252655343
1252655583
1266483679
1278149087
1285619712
1286013407
1295778271
1298465247
1306657247
130810335
1311079
1313
131399680
1322647791
1323106783
1331691759
1350502150
1351877087
1352270303
1352401795
1365574111
1377108207
1391657319
139265798
1404633567
1407582687
1417413327
1421541855
1422721503
1431634399
1442709983
1444741599
145818079
1466565087
1468335278
1479344607
1485636063
1510015215
1514275295
1516373166
1516374365
1529415130
1529415430
154666458
154667357
1550975455
1551173981
1554972911
1554973151
1565065695
1569523462
1583874287
1601832410
1603798190
1603798790
1608189702
1608908800
1608909279
1609498983
1610547679
1610613215
1610614174
1610614654
1610615732
1614807279
1615004007
1619395039
1621820111
1625489887
1628111327
1629422047
1629880799
1641808351
1644036575
1644039092
1664549343
1671102943
1675493855
1686438247
168821215
1692205295
170329862
1710424543
1722941799
1731635570
1732706304
1736573407
1741619679
17498591
1753088719
1756495872
1756496471
1757348559
1763770607
1776812511
1781137767
1787429343
1787429823
178913759
1789526495
1791361024
1795490151
1796866287
1803354591
1807024607
1815019759
1817903463
1829044463
1832913245
1838285279
1841926314
1843528159
1852573446
186253551
1868562671
1871380959
1872036319
1874985439
1875312999
1875378535
1887176454
1889141215
1905
1918
1920729327
193921503
1944388063
1956577759
1958715584
1968505071
1968505311
198052189
1981612511
1989542127
1998192879
2002715103
2003435999
2005206190
2008350959
2014502296
2016215519
2017263855
2022506975
2025849311
2028077535
202834639
204407263
2046886127
2051146207
2055537119
2055537838
2057896415
2097021407
2102986202
210436575
2109669855
2111701231
2111701471
2126971359
2136801519
2140340703
2145779712
2145780191
2146369895
2147418112
2147418591
2158625247
2158756559
2159018223
2165047775
2172322511
2172977391
2180514031
218828300
2188771807
2195259871
219545959
2201485791
2215510495
2229141743
2233925871
2268988590
2268989190
2270234374
2272002287
2272068063
2277088634
2278359040
2278818271
2290025167
2313748959
2318074215
2324365791
2324366271
2326462943
2328297472
2332426599
2340618479
2340618719
236716391
2368995807
2375221727
2379525915
2382366470
2388656247
2392785375
2397
2405435142
2408317407
2410021103
2411921887
2412314983
2421948895
2432696679
2439381471
2445805018
2450981343
2456420591
2457665775
2471559647
2490106335
2505441759
2505443078
250544607
2520449503
2525431558
2526938886
2545287407
2565013983
257
2576154983
2577072607
2589852127
2605383919
2608267503
2608267743
2618820358
2638807519
2642544989
2648637679
2661089639
2664169831
2676752384
2677277151
2677277870
2680685023
2683306343
2684354560
2684355039
2684420335
2684420575
2684422193
2685140992
2685730816
2692678591
2695496159
2695889375
2709193423
271189166
2715746783
2718105839
2720268767
2727477607
2731671791
2732130783
2740062857
2744059354
2752905695
2770796783
2815229952
2818310623
28418
2859467231
2859467711
2863333735
2863333855
2863334335
2874409439
2874474735
2874474975
2874475455
288162271
2883323654
2888827359
2889089503
2897412575
291242463
2917335519
2918973919
2919237382
2925527159
2929131999
2931228911
2947744223
2947809759
2953316102
2958819807
2963276735
296550639
2969567591
2981037230
2987786479
2989818335
2997289439
3000435167
3001876959
3008430559
3019112687
3025928551
3042312671
3045064704
3053388255
3061841920
3067805935
3068527071
3075998175
3084781318
3113943519
3126723039
3127051438
3127052637
313327975
31414
3141666566
3148474368
3148476416
3149939461
3159556575
3163293446
3168272863
3171342336
3171481600
3171481856
3171573504
317456863
3180134879
3187802351
3192456966
3197960551
3201040743
3201892711
3204914912
3205930904
3209146368
32113119
3213623296
3215982831
3216704248
3217555935
3221225951
3221227270
3221291487
3222011904
3222079358
3222080436
3222471015
3222601728
3224110100
3224110104
3228565500
3229679635
3229820288
3233480943
3235498359
3235840280
3236364767
3237998475
3237998481
3238002687
3238002688
3238035447
3238035448
3238035449
3238035460
3240559071
3246719455
3257139679
3262120295
3264348519
3264480730
3275227615
3276144879
3276407263
3285123551
3289821630
3290138002
3290159802
3290168863
3290385549
3290385550
3290565696
3290630166
3290750098
3290770905
3290773310
3290779978
3290784914
3290857355
3290868903
3290878598
3290887671
3290963118
3290963128
3290970030
3290973733
3290973734
3290973735
3291004939
3291012975
3291045348
3291085909
3291088216
3291138756
3291138757
3291149189
3291160125
3291160223
3291160224
3291160225
3291166122
3291172345
3291173975
3291185872
3291223785
3291233583
3291345296
3291345509
3291348819
3291349519
3291356064
3291356583
3291402934
3291440853
3291469269
3291485002
3291508242
3291518507
3291525273
3291541158
3291551533
3291563173
3291563174
3291602898
3291603844
3291608681
3291708752
3291710017
3291718736
3291719306
3291727452
3291727687
3291727688
3291733258
3291733494
3291733591
3291739024
3291739025
3291741108
3291750167
3291772377
3291815720
3291824321
3291992676
3292073277
3292147001
3292211471
3292272443
3292330372
3292331403
3292352210
3292353543
3292361283
3292409718
3292411469
3292438659
3292450207
3292459902
3292468975
3292512762
3292529119
3292544423
3292544433
3292586499
3292588163
3292588484
3292590956
3292624151
3292651917
3292669522
3292730495
3292741429
3292747427
3292753649
3292755280
3292851707
3292864546
3292926600
3292930124
3292984242
3293022158
3293050573
3293089546
3293099813
3293106577
3293122463
3293132839
3293164510
3293185555
3293216560
3293252103
3293300040
3293300613
3293308756
3293322415
3293331474
3293405625
3293460706
3293462471
3293467142
3293472158
3293498616
3293518631
3293523655
3293546824
3293548080
3293575701
3293616335
3293628934
3293629999
3293654582
3293683722
3293703142
3293714727
3293715410
3293728306
3293792776
3293796725
3293806708
3293851864
3293858310
3293881832
3293890568
3293906113
3293912537
3293912709
3293913491
3293933516
3293942589
3293950018
3293969606
3293988337
3293988483
3294010981
3294019965
3294022153
3294031512
3294041209
3294047688
3294050282
3294072978
3294087377
3294097041
3294125729
3294125739
3294136837
3294169469
3294185991
3294206559
3294216284
3294229802
3294233223
3294250826
3294251530
3294295303
3294311798
3294318433
3294322735
3294328732
3294334953
3294336583
3294360186
3294376643
3294382599
3294390727
3294426413
3294429928
3294438642
3294478739
3294501651
3294507905
3294511427
3294514765
3294530057
3294583198
3294595427
3294603461
3294615836
3294618379
3294622182
3294631878
3294652056
3294659999
3294670851
3294681118
3294686500
3294686508
3294687882
3294699475
3294703769
3294714144
3294734901
3294736913
3294768673
3294792156
3294881346
3294890060
3294901994
3294923272
3294976096
3294986931
3295015666
3295023860
3295032172
3295036757
3295042903
3295045060
3295051096
3295065216
3295088768
3295104054
3295119880
3295165721
3295198347
3295232394
3295235886
3295414794
3295578633
3295672636
3295749678
3295750771
3295764588
3295814526
3296985567
3304718815
3309635334
3328444765
3336570630
3339193268
3352297951
3355181535
3400204767
3407544799
3409052127
3411280351
3411345647
3411345887
3411346367
341445257
3425960415
3429268937
3452043743
3459321356
3460366695
3474784256
3484615135
34866051
3517908142
3523871199
352583919
3534160351
3537306079
354419407
3562668032
3562799463
3568304607
3572499630
3572892846
3572893446
357892575
3579183583
3587441599
3590259167
3594257343
3596
3600744687
3600744927
3603825119
3605397983
3606119119
3606839535
3606839775
3610378719
3614966119
3621652230
3624600031
3633185247
3634103231
3649176031
365232367
3678537478
369361375
3694854623
369557863
3696427487
3708748255
3712549343
3713401191
3713664474
3722315526
3722774278
3733915398
3737552174
3738763623
3745054959
3754426847
3755737447
3756457984
3756458463
3758096863
3758950270
3758951348
3759341927
3775660511
3788309978
3788310278
3792175583
3795911135
3798991207
3800565510
3801352841
3812098527
3813278175
3819439878
3821994463
3833856479
3839230191
3841067057
3841589727
3846506246
3853451743
3860988383
3876064180
3888972015
3888972255
3889561600
3895241729
3899392359
3903979999
3904242143
3904242623
3925410271
3926983135
3937075679
3945333215
3970433503
3971023327
3976990220
3991077343
3996192268
4000122630
4007330271
4011655168
4029351086
4044423407
405602783
4056418054
406651119
40894823
4099538944
4099607177
4105175519
41091431
4109370542
4116054495
4116841946
4116842246
411894119
4123394527
4127523295
4140696031
4141547999
4142990031
415236575
4153802991
415629671
4159244937
4186046943
4186505695
4192272623
4194566383
4218880239
4218880479
4231725535
42403590
4245619167
424870247
4250272103
4281089606
4286252506
4288218286
4288218886
4291297759
4292608359
4293328896
4293329375
43494
444924383
444925102
459473255
467861983
475136239
479
480575967
490406247
494010847
494012765
49414623
495255791
496717012
496894431
503185767
511246815
514785759
521074999
528482783
536805615
536805855
536871391
536872830
536874508
537591808
537659262
537660940
538181991
53936607
540869087
547160303
547946855
55313343
569311591
571736963
576061799
577765735
577962343
579274502
580911583
59459
604045671
613943345
61732
623247839
623249158
639500647
646185319
647823599
647823839
658310318
658310918
661324015
661389791
667681247
669975007
670302687
680199103
68485599
70255071
707200774
715784431
715784671
739705551
748748800
756416871
764543455
769786335
773587303
784728543
785776879
787415519
788230
788350
790028
804978927
812057055
815530883
825033183
835127046
840303071
849084775
850198887
854786407
854917359
877003231
879428063
880542415
884080879
884670943
8848319
888472750
888473350
891290319
894763487
897581056
905839071
905969664
906428775
910163968
910819328
914358272
916324591
916324831
916455424
918552576
920256991
922746880
923271168
923795456
924844032
926941184
927465472
929038336
930856960
932184064
932708352
933232640
935854080
940179935
942473695
948765031
948765151
952500583
95289823
961741159
96470790
9654
990040064
990052352
990060544
990109696
994574815
996344167
