0
1
1002569967
1004732895
1005912303
1012007151
1023398784
1027211623
1031798784
1032189888
1038418159
1038418399
1040056679
1047003375
1048117727
1051656671
1052842544
1064849424
1067198464
1071317231
1073676767
1073742303
1073743742
1073745420
1074462720
1074530174
1074531852
1075052903
1076717586
1076953567
1077674463
1078132975
1080452708
1080471572
1080688879
1082009844
1082067512
1082067516
1082067518
1082067520
1082130430
1082130440
1082134624
1082606517
1082606519
1083221432
1083640378
1084031215
1084817767
1090453502
1090487583
1090519038
1090521137
1090610130
1090757082
1090757083
1091011839
1093272031
1094699641
1094713343
1094975727
1103102431
1106182503
1106379231
1106379711
1107165663
1107168180
1108607875
1114636647
1114767719
1116145414
112918767
1135152367
1138622943
1140916583
1141970943
1141985852
1142410514
1142430466
1142468442
1142561121
1142562757
1142569807
1142595876
1142619388
1142621794
1142631474
1142646761
1142684432
1142690468
1142692624
1142719861
1142744088
1142759433
1142763103
1142833533
1142845024
1142884167
1142945257
1142953186
1142985729
1142992067
1142993596
1142994164
1142996284
1142999548
1143008863
1143026956
1143027386
1143032205
1143033936
1143047515
1143049019
1143049026
1143050135
1143053920
1143055737
1143074461
1143088740
1143089370
1143094560
1143101546
1143106688
1143120802
1143138475
1143140100
1143147167
1143152329
1143161544
1143168626
1143169766
1143179399
1143180890
1143190478
1143201115
1143205062
1143207854
1143208747
1143210021
1143219348
1143224788
1143225895
1143231233
1143233874
1143247021
1143250755
1143256787
1143295215
1143296883
1143304564
1143305596
1143306050
1143309112
1143358883
1143359735
1143375338
1143426596
1143432131
1143436308
1143440223
1143445004
1143445816
1143453741
1143464765
1143476350
1143481940
1143488762
1143488832
1143490859
1143500380
1143505722
1143516901
1143519240
1143522557
1143533981
1143542902
1143557452
1143570008
1143570014
1143579860
1143585036
1143586543
1143592714
1143615954
1143616018
1143616128
1143618726
1143642783
1143662545
1143662755
1143666272
1143673324
1143687836
1143687845
1143703487
1143706099
1143723616
1143724544
1143727944
1143734992
1143750278
1143787950
1143793985
1143796141
1143797585
1143822034
1143822987
1143823377
1143829411
1143836004
1143844955
1143847605
1143847780
1143850133
1143862950
1143892132
1143907925
1143928816
1143933369
1143937050
1143939018
1143939993
1143942748
1143965849
1143985875
1143993143
1144023108
1144025728
1144031902
1144031903
1144041322
1144047851
1144063226
1144070832
1144071035
1144083646
1144095583
1144097681
1144099799
1144105525
1144106590
1144112862
1144128765
1144132504
1144132611
1144134910
1144135720
1144137452
1144146496
1144151030
1144152537
1144152544
1144155326
1144159252
1144159882
1144172124
1144177914
1144198076
1144210204
1144222890
1144232311
1144243449
1144243453
1144243617
1144255846
1144258564
1144258565
1144260502
1144263364
1144265060
1144273050
1144273282
1144282915
1144284405
1144287320
1144291712
1144298904
1144310793
1144322865
1144327770
1144330629
1144337391
1144360304
1144388555
1144400400
1144409113
1144412629
1144462401
1144478855
1144507436
1144530112
1144533524
1144543741
1144549330
1144557256
1144598532
1144609240
1144622757
1144633918
1144673531
1144687026
1144707305
1144754981
1144766062
1144791354
1144792481
1144828061
1144843406
1144878162
1144892668
1144925550
1144926505
1144932929
1144948472
1144953649
1144958120
1144984707
1144985350
1145032334
1145036886
1145046266
1145096659
1145129245
1145144838
1145174550
1145177338
1145187162
1145205467
1145209043
1145236126
1145250010
1145258843
1145326406
1145366882
1145376567
1145395228
1145431286
1145434145
1145471929
1145483513
1145912169
1146640989
1146722086
1146872078
1147188447
1147210250
1147219308
1147616140
1147680610
1147800542
1147821348
1147830421
1147862904
1147864924
1147907798
1147914723
1147919345
1147929041
1147937200
1147938114
1147963881
1147981903
1147996462
1147997958
1148012979
1148013358
1148013561
1148013571
1148048848
1148081552
1148101715
1148112309
1148123893
1148138658
1148147066
1148171424
1148181820
1148181822
1148187751
1148195994
1148199631
1148200584
1148201517
1148210566
1148216333
1148216564
1148220521
1148222784
1148224415
1148239433
1148239752
1148242882
1148243474
1148243609
1148246060
1148257611
1148277331
1148291696
1148321235
1148322556
1148323090
1148341894
1148387497
1148394487
1148395735
1148399258
1148410630
1148410870
1148415434
1148423575
1148446275
1148481031
1148491291
1148513398
1148515832
1148519707
1148535944
1148558680
1148561930
1148568948
1148575711
1148580943
1148584846
1148591597
1148601973
1148644827
1148645961
1148646169
1148687762
1148706689
1148749832
1148769175
1148774266
1148777889
1148865199
1148874759
1148987010
1149123713
1149208768
1149285600
1149336160
1149358945
1149360394
1149396063
1149438946
1149470824
1149477469
1149477770
1149477882
1149479709
1149480010
1149485582
1149485585
1149486175
1149489883
1149511525
1149550486
1149551710
1149559903
1149567865
1149604311
1149614205
1149614429
1149665283
1149678538
1149691762
1149692876
1149696003
1149703149
1149725791
1149729732
1149748319
1149778399
1149805464
1149816573
1149818750
1149835691
1149850691
1149851038
1149860610
1149871198
1149906333
1149918300
1149936559
1149940287
1149949745
1149962645
1149964232
1149986546
1149986660
1149986963
1149990928
1149993876
1150004777
1150009307
1150016107
1150017455
1150022346
1150030968
1150032642
1150095616
1150096667
1150148151
1150154592
1150207721
1150239957
1150276236
1150287822
1150299922
1150310325
1150314418
1150314861
1150322578
1150353551
1150359324
1150364173
1150368709
1150406432
1150406437
1150419009
1150444221
1150444223
1150468981
1150499468
1150504936
1150507933
1150511045
1150511859
1150565416
1150580951
1150597520
1150599282
1150645297
1150646963
1150659506
1150664339
1150675927
1150678992
1150683951
1150684126
1150687509
1150695449
1150700639
1150716475
1150774567
1150784240
1150788596
1150814257
1150832250
1150837032
1150893155
1150936592
1150961507
1151065603
1151126916
1151176068
1151179515
1151189633
1151218951
1151250828
1151257473
1151257774
1151259713
1151260014
1151265585
1151265588
1151269886
1151348350
1151350722
1151445286
1151471765
1151472879
1151476006
1151509736
1151510440
1151544957
1151544958
1151558402
1151585468
1151585666
1151592659
1151596577
1151597550
1151598754
1151617197
1151630695
1151643012
1151653959
1151658613
1151698303
1151716562
1151720290
1151729749
1151742649
1151744235
1151766549
1151766664
1151766967
1151770932
1151796110
1151810972
1151812646
1151875619
1151891942
1151894133
1151928154
1152011651
1152068994
1158676719
1160118751
116457951
1173553631
1176371559
117902260
1180007
1183056231
1184694511
1184694751
118949038
1199702495
1204552159
1219822047
1219822527
1229979887
1229980127
1244071686
1252524271
1252655583
1271726319
1271726559
1272774895
1275725574
1275726173
1276576463
1277428191
1285619712
1287259310
1293287783
1295778271
1296042333
1303904735
130810335
1310458215
1313
131399680
1322647791
1324286431
1326252271
1352401795
1361904095
136250542
136251142
1387069799
1391657319
1402929631
1403322607
1403322847
1416298975
1417413327
1421541855
1421935071
1428161231
1431634399
1431635718
1432355055
1437270255
1438974431
1442709983
1443299687
1455096047
1455620335
1457127903
145818079
1465713119
1473249399
1479344607
1485635943
1489371495
1498612071
152305903
152306143
1533215079
1541603807
1544159471
1548878063
1550975455
1560478175
1564148071
1567885062
1567885361
157353434
1575879854
1576009967
1576927591
1583087855
1584988639
1588527583
1593311471
1610547679
1610613215
1610614174
1610614654
1610615732
1611333632
1613103583
1614610911
1616380143
1617887471
1617887711
1619395039
1621688679
1621819631
1625489887
1625948399
1629946095
1631650271
1642856687
1643053415
1645740511
1656358662
1656358961
1659306463
1660027359
1665926079
1671102943
1673200095
1677787495
1686438247
168821215
169674502
1696989663
1699021279
1704853504
1719927143
1722941799
1731635570
1732706304
173342959
174194807
174194927
17498591
1756495872
1756496471
1757348559
176881903
178913519
178913759
1789526255
1789526495
1796866527
1798373855
1803354591
1810629087
1815019999
1822490624
1823605215
1823670751
1841926314
1846149359
1855848927
1859518703
1868103919
1868562671
1874133471
1889141215
1889272707
1905
191693039
1917059311
1928528231
1944388063
1949565407
1954284239
1958412767
1958715584
1963196655
1968046559
1968505311
1979580895
1979974111
1981612511
2000028127
2003435999
2005206190
2013202182
2014502296
2016215519
204407263
2046886127
2051146207
2078474479
2078474719
2087846367
2088044893
2089681375
2091843823
2091844063
2098111
2101871071
2105608541
2106394374
2110457606
2110458205
2137129199
2137129439
2145060614
2145779712
2145780191
2146369895
2147418591
2147549663
2147550622
2147550982
2147551102
2147552180
2150760927
2154496239
2154496479
2154824159
2156331487
2158756559
2162426335
2165047775
2165899503
2166948079
2174353887
218828300
2197225711
2205155807
2208039391
2217017823
2223374695
2229141743
2233991407
2235957727
2241789952
2259878247
2269642752
2277088634
2290025167
2293432320
2293432919
2294285007
2294809055
2313748959
2318074215
2324365791
2324366271
2326462943
2328297472
2332426599
2333802975
2340291039
2347565535
2375221727
2378301919
2379525915
238030348
2390687983
2405499119
2405958111
2408317407
2411921887
2412314983
2426077663
2435317999
2435318239
2457665775
2463039727
2481324511
2481455343
2481455583
2482241775
2487681503
2491613663
249168351
249364959
2494759151
2505441759
2510291183
2512781791
2518548959
2529427695
2530935263
253493248
2540372447
2542142638
2545287407
2553151967
2554200303
2556626694
2558394607
2565013983
257
2578776303
2583625967
2583822575
2588082655
259850719
2619015407
2630157247
2631401951
2648244703
2674131063
2674131183
2677277151
2682716160
2682716639
2683306343
2684354560
2684355039
2684420575
2684421294
2684421594
2693267695
2695496159
2695627471
2695692767
2698772959
2701918687
2702901487
2709193423
2709848543
271189166
2713387247
2713387487
271712735
2718433759
2732130783
2740519391
2755133679
2755658207
2766012655
2770796783
2791573853
2795897071
2797535471
281149679
281149919
2815229952
2821062895
2826896079
2829713647
28418
2850619871
2851668447
2854945127
2859925743
2859925983
2861236703
2861237183
2863333615
2863333855
2863335174
2863336073
2865168384
2869297511
2870673647
2888827359
2903835103
2918056415
2918057734
2919237382
2925527159
2945188319
2948792799
2949185895
2951807455
2957639680
2958819567
2958819807
2962424047
2962424287
2969567591
2987000287
2994536687
3008430559
3026387183
3034841327
3042312671
3045064704
3046442758
3047161856
3053453312
3058696192
3060072687
3061317871
3061318111
3082223855
309068015
309068255
3101884895
3112763871
3113943519
3126723039
3128295903
3128559066
3128559366
3133081350
3136749807
31414
3149939461
3161570048
3170566263
3170566383
3171469312
3175743967
317587695
317587935
3197960551
3198812639
3201040743
3201093120
3204914912
3205930904
3209146368
3213623296
3214148063
3216704248
3217555935
3220177255
3221225951
3221291008
3221291247
3221291487
3221293105
3221293405
3222011904
3222601728
3223191791
3228238303
3228565500
3229682065
3229716064
3229820288
3230925279
3232367071
3232563439
3235498359
3235840280
3237998475
3238002688
3238035448
3238035449
3242655983
3246064335
3247243743
3250521862
3257139679
3259040223
3264348519
3264610423
3269001695
3273064927
3278309126
3304196145
3307667695
3325297119
3352100864
3352101103
3352101343
3355181535
336134383
3364487407
3366781407
3366782846
3374842095
3374842335
339935471
3400204767
3407544799
340984047
340984287
3411280351
3411345647
3411345887
3411346367
341377024
341445257
3417571567
3417571807
3425698031
3425960415
3426223039
3429268937
3456108294
3462398071
347013599
3484680671
3488678367
3491496175
3491496415
3495690719
3506438503
351208622
3517908142
3534160351
3537306079
3545301231
3545301471
3547857135
3547858394
3547858694
3553821151
3562799463
3577938399
357892575
3579183583
3579184902
3579185501
3586523615
3588161775
3590259167
3601793503
3605397983
3613393375
3620929775
3620930015
3647865311
364904687
3650814431
3663593951
3678537478
3696427487
3704881391
3705143535
3711828207
3722379743
3725526790
3734831463
3735683551
3737552174
3737911655
3738763623
3747479791
3750494208
3753640175
3754426847
3755016671
3758096863
3758162399
3758882816
3758950270
3758951348
3759341927
3759472640
3759736582
3761045743
3761045983
3769368815
3772055671
3772056031
3775332831
3783590127
3793486063
3794010591
3798991207
3799384543
3801219431
3801219551
3813278175
3819241951
3821994463
382534111
3826123231
3833856479
383385839
3838378463
3841589727
3846506246
384828111
3850895839
3866099951
3869311215
3876064180
3892052447
3895241729
3916497375
3919773935
3937075679
3948151263
3948216559
3948216799
3948217279
3948806383
3958243807
3962831327
3968598495
3996192268
4011655168
4020633839
4020634079
4021486047
402718959
4054779054
4071031263
4074176991
4077781471
4080271839
40829287
4099538944
4099670375
4100719071
4105175519
4109370542
4112777335
4116054495
4116513007
4121690591
4124901855
4127130079
4140696031
4142268895
4142990031
4143710447
4143710687
4145348727
4145348847
4148496134
4186046943
4215408390
4231725535
4233298399
4238737887
4239262175
4245619167
4250272103
4252172767
4252174685
4254532063
4255187423
4259186438
4259645190
4269539807
4275634535
427885023
4281089606
4283498975
4291297759
4292608359
4293328896
4293329375
43494
446300639
44827103
457703903
469041631
473563615
479
482805510
482806409
487457247
492110183
494797279
495780319
496370143
496717012
497025503
501481951
503120111
504365295
516096479
516686303
519897327
521074999
528941535
531562735
532152559
533135839
534249951
534446439
535166976
535167455
536805855
536872830
536874508
537659262
537660940
538181991
547160303
55116255
554369503
555745519
556204271
5570799
562299359
571736963
577765735
577962343
579274502
59459
607125983
612696543
61732
630259951
632160735
63832543
639500647
64620294
664797423
664797663
667681247
668270592
680067311
680067551
682033391
682033631
682688991
692650223
694485231
694485471
695009759
695665119
696844767
705692127
707200774
715784671
733282783
734923101
739705551
755699212
756416871
75694559
75759855
772014559
773587303
787415519
788350
789428
791545606
804258271
808060078
825033183
83427807
84018950
850198887
855113967
855114207
869859567
874643935
878316169
88344326
88408543
885850591
891290319
894763247
894763487
896336351
897581056
905969664
906428775
918552576
923271168
924844032
927727616
933232640
935854080
937099383
942473695
948765031
952500583
95289823
961741159
9654
981270767
983171551
989004255
990052352
990060544
996344167
