0
1
1002569967
1004732895
1005912303
1012007151
1023398784
1027211623
1031798784
1032189888
1038418159
1038418399
1040056679
1047003375
1048117727
1051656671
1052842544
1064849424
1067198464
1071317231
1073676767
1073742303
1073743742
1073745420
1074462720
1074530174
1074531852
1075052903
1076717586
1076953567
1077674463
1078132975
1080452708
1080471572
1080688879
1082009844
1082067512
1082067516
1082067518
1082067520
1082130430
1082130440
1082134624
1082606517
1082606519
1083221432
1083640378
1084031215
1084817767
1090453502
1090487583
1090519038
1090521137
1090610130
1090757082
1090757083
1091011839
1093272031
1094699641
1094713343
1094975727
1103102431
1106182503
1106379231
1106379711
1107165663
1107168180
1108607875
1114636647
1114767719
1116145414
112918767
1135152367
1138622943
1140916583
1142568803
1142583712
1142807380
1142888477
1143008374
1143028326
1143038470
1143066302
1143158981
1143160617
1143167667
1143193736
1143217248
1143219654
1143229334
1143244621
1143282292
1143288328
1143290484
1143317721
1143341948
1143354838
1143357293
1143360963
1143376641
1143385699
1143431393
1143442884
1143482027
1143543117
1143551046
1143583589
1143589927
1143591456
1143592024
1143594144
1143597408
1143606723
1143624816
1143625246
1143630065
1143631796
1143645375
1143646879
1143646886
1143647995
1143651780
1143653597
1143672321
1143686600
1143687230
1143692420
1143699406
1143704548
1143718662
1143736335
1143737960
1143745027
1143750189
1143759404
1143766486
1143767626
1143777259
1143778750
1143782531
1143788338
1143798975
1143802922
1143805714
1143806607
1143807881
1143817208
1143822648
1143823755
1143829093
1143831734
1143844881
1143847001
1143848615
1143854647
1143893075
1143894743
1143902424
1143903456
1143903910
1143906972
1143956743
1143957595
1143966933
1143973198
1143987739
1143996812
1144024456
1144029295
1144029991
1144031315
1144034168
1144038083
1144042864
1144043676
1144051601
1144062625
1144074189
1144074210
1144079800
1144081114
1144085736
1144086622
1144086692
1144088719
1144095432
1144098240
1144103582
1144103591
1144104505
1144114761
1144117100
1144120417
1144130272
1144131841
1144140762
1144148294
1144155312
1144162853
1144164349
1144167868
1144167874
1144177720
1144179370
1144179749
1144179952
1144179962
1144182896
1144184403
1144190574
1144213814
1144213878
1144213988
1144215239
1144216586
1144240643
1144247943
1144260405
1144260615
1144264132
1144268105
1144271184
1144278700
1144285696
1144285705
1144290284
1144301347
1144303959
1144305050
1144313457
1144321476
1144322404
1144325804
1144332852
1144337815
1144348138
1144348211
1144348213
1144354142
1144362385
1144366022
1144366975
1144367908
1144376957
1144382724
1144382955
1144385810
1144386912
1144389175
1144390806
1144391845
1144394001
1144395445
1144405824
1144406143
1144409273
1144409865
1144410000
1144412451
1144419894
1144420847
1144421237
1144424002
1144427271
1144433864
1144442815
1144443722
1144445465
1144445640
1144447993
1144458087
1144460810
1144487626
1144488947
1144489481
1144489992
1144505785
1144508285
1144526676
1144531229
1144534910
1144536878
1144537853
1144540608
1144553888
1144560878
1144562126
1144563709
1144565649
1144577021
1144577261
1144581825
1144583735
1144589966
1144591003
1144612666
1144620968
1144623588
1144629762
1144629763
1144639182
1144645711
1144647422
1144657682
1144661086
1144668692
1144668895
1144679789
1144681506
1144682223
1144686098
1144693443
1144695541
1144697659
1144702336
1144703385
1144704450
1144710722
1144725071
1144726625
1144728321
1144730364
1144730471
1144732770
1144733580
1144735312
1144735339
1144742102
1144744356
1144747334
1144748890
1144750397
1144750404
1144751237
1144753186
1144757112
1144757742
1144757988
1144768364
1144769984
1144775774
1144795936
1144808064
1144811218
1144812352
1144812560
1144820750
1144830171
1144841309
1144841313
1144841477
1144853706
1144854153
1144856424
1144856425
1144858362
1144861224
1144862920
1144870910
1144871142
1144873080
1144880775
1144882265
1144885180
1144889572
1144896764
1144908653
1144916224
1144920725
1144925630
1144928489
1144935251
1144935566
1144940657
1144944280
1144958164
1144986415
1144998260
1145006973
1145010489
1145031591
1145041150
1145060261
1145076715
1145105296
1145127972
1145131384
1145141601
1145147190
1145153401
1145155116
1145196392
1145207100
1145220617
1145231778
1145271391
1145284886
1145290104
1145305165
1145352841
1145363922
1145375159
1145389214
1145390341
1145425921
1145441266
1145476022
1145490528
1145498296
1145523410
1145524365
1145530789
1145546332
1145551509
1145555980
1145582567
1145583210
1145599414
1145630194
1145634746
1145644126
1145644985
1145647882
1145694519
1145719220
1145727105
1145742698
1145772410
1145775198
1145785022
1145803327
1145804988
1145806903
1145833986
1145847870
1145856703
1145868743
1145882033
1145882634
1145882858
1145886513
1145887114
1145898260
1145898266
1145899446
1145906860
1145924266
1145950146
1145964742
1145974427
1145993088
1146028067
1146029146
1146030515
1146032005
1146046902
1146062825
1146069789
1146081373
1146135718
1146155505
1146155955
1146257662
1146284173
1146310620
1146312848
1146319100
1146333394
1146378676
1146386559
1146423733
1146483893
1146510029
1146538022
1146560243
1146564595
1146598476
1146628477
1146629173
1146648316
1146669489
1146739762
1146763695
1146800211
1146807670
1146826584
1146852385
1146855558
1146900186
1146900415
1146901021
1146908950
1146914848
1146936648
1146945709
1146959309
1146962005
1146971788
1146989031
1146992379
1147118325
1147120426
1147223397
1147236279
1147342538
1147407008
1147479568
1147502737
1147526940
1147547746
1147555930
1147556819
1147572251
1147634197
1147645743
1147655440
1147664513
1147739959
1147739969
1147765111
1147815538
1147815541
1147865056
1147926029
1147936965
1147942962
1147949185
1147950813
1148057926
1148088997
1148122134
1148125657
1148217690
1148221021
1148246108
1148255776
1148278949
1148285081
1148294997
1148295346
1148302110
1148317995
1148328371
1148360045
1148476230
1148495574
1148504290
1148591597
1148601158
1148713408
1148800282
1148850111
1149058303
1149180926
1149259263
1149262711
1149272829
1149302146
1149334023
1149340669
1149340970
1149342908
1149343209
1149348781
1149348784
1149353082
1149431545
1149433917
1149528482
1149554961
1149556075
1149559202
1149592931
1149593635
1149628152
1149628153
1149641598
1149668663
1149668861
1149675855
1149679772
1149680746
1149681950
1149700392
1149713891
1149726207
1149737154
1149741808
1149781499
1149799758
1149803486
1149812945
1149825845
1149827431
1149849745
1149849859
1149850162
1149854127
1149879306
1149894167
1149895841
1149958815
1149975137
1149977328
1150011350
1150094846
1150152189
1150814257
1158676719
1160118751
116457951
1173553631
1176371559
117902260
1180007
1183056231
1184694511
1184694751
118949038
1199702495
1204552159
1219822047
1219822527
1229979887
1229980127
1244071686
1252524271
1252655583
1271726319
1271726559
1272774895
1275725574
1275726173
1276576463
1277428191
1285619712
1287259310
1293287783
1295778271
1296042333
1303904735
130810335
1310458215
1313
131399680
1322647791
1324286431
1326252271
1352401795
1361904095
136250542
136251142
1387069799
1391657319
1402929631
1403322607
1403322847
1416298975
1417413327
1421541855
1421935071
1428161231
1431634399
1431635718
1432355055
1437270255
1438974431
1442709983
1443299687
1455096047
1455620335
1457127903
145818079
1465713119
1473249399
1479344607
1485635943
1489371495
1498612071
152305903
152306143
1533215079
1541603807
1544159471
1548878063
1550975455
1560478175
1564148071
1567885062
1567885361
157353434
1575879854
1576009967
1576927591
1583087855
1584988639
1588527583
1593311471
1610547679
1610613215
1610614174
1610614654
1610615732
1611333632
1613103583
1614610911
1616380143
1617887471
1617887711
1619395039
1621688679
1621819631
1625489887
1625948399
1629946095
1631650271
1642856687
1643053415
1645740511
1656358662
1656358961
1659306463
1660027359
1665926079
1671102943
1673200095
1677787495
1686438247
168821215
169674502
1696989663
1699021279
1704853504
1719927143
1722941799
1731635570
1732706304
173342959
174194807
174194927
17498591
1756495872
1756496471
1757348559
176881903
178913519
178913759
1789526255
1789526495
1796866527
1798373855
1803354591
1810629087
1815019999
1822490624
1823605215
1823670751
1841926314
1846149359
1855848927
1859518703
1868103919
1868562671
1874133471
1889141215
1889272707
1905
191693039
1917059311
1928528231
1944388063
1949565407
1954284239
1958412767
1958715584
1963196655
1968046559
1968505311
1979580895
1979974111
1981612511
2000028127
2003435999
2005206190
2013202182
2014502296
2016215519
204407263
2046886127
2051146207
2078474479
2078474719
2087846367
2088044893
2089681375
2091843823
2091844063
2098111
2101871071
2105608541
2106394374
2110457606
2110458205
2137129199
2137129439
2145060614
2145779712
2145780191
2146369895
2147418591
2147549663
2147550622
2147550982
2147551102
2147552180
2150760927
2154496239
2154496479
2154824159
2156331487
2158756559
2162426335
2165047775
2165899503
2166948079
2174353887
218828300
2197225711
2205155807
2208039391
2217017823
2223374695
2229141743
2233991407
2235957727
2241789952
2259878247
2269642752
2277088634
2290025167
2293432320
2293432919
2294285007
2294809055
2313748959
2318074215
2324365791
2324366271
2326462943
2328297472
2332426599
2333802975
2340291039
2347565535
2375221727
2378301919
2379525915
238030348
2390687983
2405499119
2405958111
2408317407
2411921887
2412314983
2426077663
2435317999
2435318239
2457665775
2463039727
2481324511
2481455343
2481455583
2482241775
2487681503
2491613663
249168351
249364959
2494759151
2505441759
2510291183
2512781791
2518548959
2529427695
2530935263
253493248
2540372447
2542142638
2545287407
2553151967
2554200303
2556626694
2558394607
2565013983
257
2578776303
2583625967
2583822575
2588082655
259850719
2619015407
2630157247
2631401951
2648244703
2674131063
2674131183
2677277151
2682716160
2682716639
2683306343
2684354560
2684355039
2684420575
2684421294
2684421594
2693267695
2695496159
2695627471
2695692767
2698772959
2701918687
2702901487
2709193423
2709848543
271189166
2713387247
2713387487
271712735
2718433759
2732130783
2740519391
2755133679
2755658207
2766012655
2770796783
2791573853
2795897071
2797535471
281149679
281149919
2815229952
2821062895
2826896079
2829713647
28418
2850619871
2851668447
2854945127
2859925743
2859925983
2861236703
2861237183
2863333615
2863333855
2863335174
2863336073
2865168384
2869297511
2870673647
2888827359
2903835103
2918056415
2918057734
2919237382
2925527159
2945188319
2948792799
2949185895
2951807455
2957639680
2958819567
2958819807
2962424047
2962424287
2969567591
2987000287
2994536687
3008430559
3026387183
3034841327
3042312671
3045064704
3046442758
3047161856
3053453312
3058696192
3060072687
3061317871
3061318111
3082223855
309068015
309068255
3101884895
3112763871
3113943519
3126723039
3128295903
3128559066
3128559366
3133081350
3136749807
31414
3149939461
3161570048
3170566263
3170566383
3171469312
3175743967
317587695
317587935
3197960551
3198812639
3201040743
3201093120
3204914912
3205930904
3209146368
3213623296
3214148063
3216704248
3217555935
3220177255
3221225951
3221291008
3221291247
3221291487
3221293105
3221293405
3222011904
3222601728
3223191791
3228238303
3228565500
3229682065
3229716064
3229820288
3230925279
3232367071
3232563439
3235498359
3235840280
3237998475
3238002688
3238035448
3238035449
3242655983
3246064335
3247243743
3250521862
3257139679
3259040223
3264348519
3264610423
3269001695
3273064927
3278309126
3304196145
3307667695
3325297119
3352100864
3352101103
3352101343
3355181535
336134383
3364487407
3366781407
3366782846
3374842095
3374842335
339935471
3400204767
3407544799
340984047
340984287
3411280351
3411345647
3411345887
3411346367
341377024
341445257
3417571567
3417571807
3425698031
3425960415
3426223039
3429268937
3456108294
3462398071
347013599
3484680671
3488678367
3491496175
3491496415
3495690719
3506438503
351208622
3517908142
3534160351
3537306079
3545301231
3545301471
3547857135
3547858394
3547858694
3553821151
3562799463
3577938399
357892575
3579183583
3579184902
3579185501
3586523615
3588161775
3590259167
3601793503
3605397983
3613393375
3620929775
3620930015
3647865311
364904687
3650814431
3663593951
3678537478
3696427487
3704881391
3705143535
3711828207
3722379743
3725526790
3734831463
3735683551
3737552174
3737911655
3738763623
3747479791
3750494208
3753640175
3754426847
3755016671
3758096863
3758162399
3758882816
3758950270
3758951348
3759341927
3759472640
3759736582
3761045743
3761045983
3769368815
3772055671
3772056031
3775332831
3783590127
3793486063
3794010591
3798991207
3799384543
3801219431
3801219551
3813278175
3819241951
3821994463
382534111
3826123231
3833856479
383385839
3838378463
3841589727
3846506246
384828111
3850895839
3866099951
3869311215
3876064180
3892052447
3895241729
3916497375
3919773935
3937075679
3948151263
3948216559
3948216799
3948217279
3948806383
3958243807
3962831327
3968598495
3996192268
4011655168
4020633839
4020634079
4021486047
402718959
4054779054
4071031263
4074176991
4077781471
4080271839
40829287
4099538944
4099670375
4100719071
4105175519
4109370542
4112777335
4116054495
4116513007
4121690591
4124901855
4127130079
4140696031
4142268895
4142990031
4143710447
4143710687
4145348727
4145348847
4148496134
4186046943
4215408390
4231725535
4233298399
4238737887
4239262175
4245619167
4250272103
4252172767
4252174685
4254532063
4255187423
4259186438
4259645190
4269539807
4275634535
427885023
4281089606
4283498975
4291297759
4292608359
4293328896
4293329375
43494
446300639
44827103
457703903
469041631
473563615
479
482805510
482806409
487457247
492110183
494797279
495780319
496370143
496717012
497025503
501481951
503120111
504365295
516096479
516686303
519897327
521074999
528941535
531562735
532152559
533135839
534249951
534446439
535166976
535167455
536805855
536872830
536874508
537659262
537660940
538181991
547160303
55116255
554369503
555745519
556204271
5570799
562299359
571736963
577765735
577962343
579274502
59459
607125983
612696543
61732
630259951
632160735
63832543
639500647
64620294
664797423
664797663
667681247
668270592
680067311
680067551
682033391
682033631
682688991
692650223
694485231
694485471
695009759
695665119
696844767
705692127
707200774
715784671
733282783
734923101
739705551
755699212
756416871
75694559
75759855
772014559
773587303
787415519
788350
789428
791545606
804258271
808060078
825033183
83427807
84018950
850198887
855113967
855114207
869859567
874643935
878316169
88344326
88408543
885850591
891290319
894763247
894763487
896336351
897581056
905969664
906428775
918552576
923271168
924844032
927727616
933232640
935854080
937099383
942473695
948765031
952500583
95289823
961741159
9654
981270767
983171551
989004255
990052352
990060544
996344167
