0
1
1014303069
1018101999
1018102239
1020723679
1023398784
1028129247
1031798784
1032189888
1032652550
1042810750
1052842544
1064849424
1064961498
1066598879
1066927278
1066927878
1067198464
1071318790
1072037888
1072038367
1072628071
1073676288
1073676767
1073742303
1073744221
1076717586
1080688879
1080689119
1081528266
1082130438
1082130440
1082134624
1082181555
1082515096
1082606517
1082606519
1084227584
1084817887
1084949199
1085430567
1090757082
1090757083
1091011839
1091240415
109314407
1098515151
1098868639
1098868641
1098907647
1099694559
11075943
110952687
110952927
1111491039
1117192551
1121452511
112329063
1123418351
1127678431
1135152367
1144979935
1155334383
1156646961
1160118511
1177747935
1180895581
1204551680
1204551919
1204552159
1216217807
122093568
1239941599
1241186783
1244266855
1250492895
1250493375
1250558431
1250558911
1252655583
1254490112
1258619239
1278148847
1278673855
1295124230
1295124350
1301414367
1306657247
1308559110
1313
1314848887
133104095
1334510047
1338114527
1338442087
1338507623
1348141535
1348207071
1358889319
1360003431
1376322015
1383858415
1397752287
1400307951
1400309210
1400309510
1400571654
1403125819
140313055
1413480927
1413481407
1420099823
1420100303
1431634399
1438
145883136
145883735
1462829535
1464795615
1464796095
1465844191
146735823
1471480047
1471545583
1480392943
1485636063
14877151
1488978399
1491206623
1492320615
1503265247
1516044767
1518666207
1518666926
1560150495
1565000159
1582760415
1587282279
1590362471
1599930607
1602945024
1603469791
1606877663
1609498983
1610547200
1610613215
1611333632
1611923456
1621688799
1621885407
1635386063
1636040943
1646461407
1648361951
1651835359
1653670247
1658323423
1664549343
1678574047
1693517873
1696989423
1703610118
1711734843
1721762031
1731635570
1732052142
1732052742
1735065839
1735131615
1741422592
1741422831
1741423071
1744503263
1773078398
1773079177
178913519
178913759
1789526495
1789593350
1798
1800602079
1800667375
1800667615
1800668095
1815282143
1821049311
1838285279
1841926314
1845430022
1851719799
1874002399
1885012447
1895760231
1905
1907229870
1914044895
1918
1923482079
1926627807
192741855
1934623199
1952121191
1953169887
1958715584
1968505311
1979580895
197984495
197984735
1994719711
200016351
2014502296
2040136159
2052915679
2063991263
2067859206
2085749215
2091188703
2104623583
2104625501
211877888
2124153191
2125005279
2127233383
2128085351
2139815936
2140341422
2143748575
2147549423
2147549663
2147551281
2148270080
2148337534
2148338612
2148729191
2148859904
2149449967
2149647295
2154496479
2158821615
2183397855
2188378471
2190606695
2202665439
2211381727
221446623
2223243743
2230976991
2235893510
2265451444
2277088634
2278359519
2281439711
230752735
2320892143
2326462703
2326462943
232915423
2337538527
2337603823
2337604063
2337604543
2341470687
2351956447
2352218591
2357985759
2370175455
2370175695
2379525915
2380464607
2385579532
2396914143
2401042432
2410873311
2444166318
2450915567
245236191
2460418527
2463564255
2488272646
2488926208
2489057639
248905967
2494562783
2498757806
2505441519
2505441759
2505441999
2512453871
2516517343
2530083295
2530935023
2531656159
2532377295
257
2575434207
257949935
2590180526
2590181725
2604795654
2605253087
2616590815
2621112799
2622685663
2628125151
2630354694
2630355593
2635006431
2639659367
2641560031
2641561949
2651784966
2661941727
2663645663
2665021799
2679111919
2680685023
2681995623
2682716160
2682716639
2684355039
2684420575
2685208446
2685209524
2685600103
2701918687
2703688159
2709848543
2725249383
2738356703
2739536351
2748252639
2760114655
2767847903
2772632750
2772764422
2779709919
278528479
278659971
2802322356
2815230431
2815427039
2815819776
2817851871
2830238175
28418
2842558943
2853241311
2863333615
2863333855
2880831967
2903248396
2907046607
2908422503
291832287
2922450444
2937913344
2955609262
2966227593
298257332
2996
3004039647
3025797120
3025865353
3031433695
3033399775
3035628718
3042312431
3042312671
3045064704
3047161856
3047948767
3053453312
3058696192
3061841920
3066954207
3069248207
3069968623
3069968863
3084781318
3085959407
3096314335
3112305119
31414
3142123999
3149939461
3153461487
3157983711
3161570048
3171573248
3171877343
3176530279
3176793562
317915495
3185444614
3185903366
3194552559
3195797983
3197045085
3201093120
3204914912
3205930904
3209146368
3216704248
3217555935
3218866535
3219587072
3219587551
3221225951
3221291487
3221292926
3221294604
3222079358
3222081036
3222667623
3226861807
3228238063
3228565500
3229679647
3229820288
3231580399
3235498359
3235840280
3237998475
3237998481
3238002687
3238002688
3238035447
3238035448
3238035449
3238035460
3238789599
32440679
3253928415
3253928895
3254714847
3254717364
3256157059
3261530591
3261530831
3262185831
3262382439
3263694598
3264481929
3275227615
3277440396
3277479131
3277702849
3277729601
3277729602
3278110498
3278718126
3278756871
3278817334
3278859682
3279056294
3279084508
3279152780
3279154379
3279214948
3279240651
3279244462
3279318450
3279353279
3279388228
3279403519
3279482187
3279482188
3279488186
3279506237
3279515038
3279596188
3279634424
3279678666
3279781250
3279788985
3279882414
3279938992
3279948154
3279970795
3279990168
3280020396
3280022538
3280090830
3280156006
3280177691
3280188117
3280200681
3280219204
3280227715
3280232052
3280233964
3280255681
3280270542
3280305847
3280316383
3280325156
3280336492
3280358714
3280414639
3280418107
3280428940
3280451284
3280457851
3280488484
3280502355
3280521395
3280530680
3280552684
3280552939
3280602977
3280620938
3280627965
3280645396
3280659265
3280694968
3280707668
3280709202
3280713421
3280725588
3280746198
3280771409
3280826985
3280839548
3280858071
3280866583
3280870921
3280872831
3280878919
3280882442
3280910042
3280934504
3280958962
3280997588
3281017438
3281039369
3281067809
3281101541
3281127353
3281141109
3281141124
3281141222
3281160265
3281167297
3281173530
3281179583
3281191807
3281196023
3281220738
3281240149
3281259809
3281266844
3281271858
3281284267
3281311074
3281319180
3281334366
3281364456
3281383729
3281387603
3281387606
3281409750
3281410288
3281417824
3281417835
3281417836
3281422385
3281463907
3281478416
3281499862
3281505451
3281548908
3281572097
3281573375
3281597833
3281598161
3281636457
3281647201
3281677241
3281679970
3281683397
3281683398
3281720300
3281766221
3281769910
3281778285
3281779979
3281779995
3281799134
3281799443
3281818489
3281827473
3281840926
3281840929
3281853914
3281858228
3281870298
3281898677
3281901944
3281905712
3281909359
3281910741
3281923135
3281929764
3281932981
3281945643
3281949025
3281976215
3281991374
3281991384
3282003324
3282019560
3282049156
3282099553
3282131919
3282210966
3282212244
3282236702
3282359167
3282379929
3282418848
3282418864
3282438314
3282466411
3282479299
3282488349
3282492787
3282497100
3282509170
3282584511
3282589575
3282605432
3282615087
3282619169
3282738420
3282745015
3282849834
3282859622
3282925161
3282998036
3283077182
3283121094
3283131655
3283135968
3283148037
3283164695
3283182817
3283223380
3283244738
3283253954
3283267461
3283277379
3283297280
3283377288
3283532249
3283624930
3283663105
3283678822
3283763951
3283906330
3283936149
3283976472
3284105414
3284248731
3284296870
3284345280
3284386893
3284405038
3284505414
3284545197
3284559791
3284575016
3284582884
3284602281
3284620426
3284644428
3284690779
3284722877
3284771322
3284771342
3284922482
3285021512
3285143457
3285165329
3285177324
3285189770
3285193026
3285478567
3285535670
3285542719
3285726783
3285733445
3285783621
3285861565
3285864308
3285882097
3285895624
3285927395
3285948149
3286172127
3286282553
3286299983
3286493720
3286991628
3288021401
3288148910
3292083503
3292198869
3292320684
3292573400
3292665581
3292733514
3292843185
3292936760
3292971185
3292975684
3292995410
3293009905
3293009940
3293018238
3293019730
3293020786
3293037955
3293049317
3293049918
3293053798
3293054399
3293056951
3293065544
3293065550
3293074144
3293112495
3293137497
3293153128
3293195759
3293349914
3293402929
3293424941
3293477899
3293480131
3293486383
3293495438
3293553843
3293579093
3293601332
3293610109
3293618378
3293651178
3293698783
3293705309
3293727529
3293731879
3293795763
3293884007
3293886729
3293915075
3293922831
3293922832
3293930975
3293967495
3293974951
3293993869
3294000367
3294007322
3294019671
3294022843
3294029456
3294047162
3294050871
3294067470
3294067701
3294068307
3294076236
3294102961
3294115733
3294126594
3294140330
3294156317
3294159666
3294170899
3294213783
3294237546
3294253183
3294253184
3294285607
3294361000
3294390679
3294524838
3294582440
3294741287
3294819755
3294907460
3294966180
3294966781
3294967208
3294970661
3294971262
3294982407
3294982413
3294991007
3295049129
3295170960
3295212967
3295254239
3295258025
3295292846
3295341809
3295394767
3295396999
3295403251
3295405220
3295409575
3295424868
3295470709
3295568040
3295622172
3295644390
3295648744
3295704486
3295712624
3295747010
3295753642
3295847843
3295884361
3295891817
3295910207
3295910735
3295917230
3295917479
3295927723
3295936534
3295939709
3295984335
3295984566
3295985173
3295993101
3296032596
3296043457
3296073183
3296076529
3296096241
3296114025
3296143125
3296144100
3296146855
3296154410
3296202478
3296307551
3296310698
3296376233
3296499304
3296540006
3296540008
3296621931
3296720233
3296737973
3296751123
3296759371
3296802994
3296803295
3296805235
3296805536
3296811107
3296811111
3296815408
3296817144
3296893871
3296896244
3296919123
3296990808
3297017287
3297018402
3297021529
3297023143
3297055259
3297055961
3297090478
3297090480
3297103924
3297130991
3297131187
3297142100
3297144276
3297156170
3297162718
3297176216
3297179963
3297180342
3297188535
3297199481
3297204135
3297204136
3297222316
3297243825
3297262084
3297265811
3297275271
3297288170
3297289757
3297312072
3297312187
3297312489
3297312982
3297316454
3297341633
3297343143
3297356496
3297358170
3297368756
3297372104
3297421143
3297424240
3297436973
3297437465
3297438021
3297438022
3297439081
3297439656
3297447409
3297457042
3297457907
3297464695
3297468806
3297473678
3297488220
3297494283
3297521711
3297525822
3297530640
3297531384
3297544577
3297550613
3297557173
3297583459
3297614517
3297654238
3297655942
3297663846
3297667810
3297725946
3297742834
3297752125
3297766671
3297794967
3297818135
3297866007
3297881535
3297887649
3297907624
3297937511
3297953804
3297961601
3297976458
3297982763
3297991915
3298007244
3298014187
3298018603
3298052386
3298086797
3298104826
3298106255
3298125147
3298130939
3316580831
3321102815
3323920743
333775327
3340568326
334692591
3347251679
3352101343
3352690688
3367109087
3367371231
3367371711
3378644442
3390112223
3391620870
3393389023
3393389263
3400204767
340132319
3419144551
3423274758
3423275357
3424125647
3429268937
343671503
3440119308
3440836967
3443591517
3454206431
3458007399
3470459359
3471835615
347209967
347800031
3492480174
3509453279
3513123295
351601838
351602438
3519547142
3534618983
3562014470
3562736265
3563848159
3567649007
3567649247
3567649487
3570270687
3575710415
357892335
357892575
357892815
3579183583
3579184902
3579904239
3579973132
3590848871
3604677087
3626893791
3633185127
3636920679
3646161255
3672115849
3680764263
3682009327
3682009567
3689152991
368968159
3696427247
370999775
3711697255
3712614879
3717071327
3722772959
3724476775
372900319
3731423471
3732537823
3736076767
3737552174
3758096863
3758162399
3758163838
3758165516
3758882816
3758950270
3758951948
3759472999
3762160095
3768451311
3769237863
3789357535
3790602599
3791585759
3791588276
3793027971
379453679
379453919
3799056743
3799253351
3800565510
3803907846
3803908145
3807576543
3812098527
3813475263
3823043039
3825336679
3826647519
3828416991
383386079
3844538847
3857973727
3860791655
3867476327
3884122591
3888972255
3895241729
3918135775
392823263
3928491782
3937075439
3937075679
394593454
3956214109
3958178271
3960996559
3962569183
3970039808
3971154399
3977707879
3980462429
3994878311
3998175
4003398111
4007067887
4008706527
4012836614
4019585503
403309023
4036821891
4039969117
4039969417
4046324191
405602783
4071489895
4075618783
4076077415
4076404975
4076405215
4101833423
4105961951
410845423
4110745839
4112581327
4116054495
411894239
4127130079
4127719783
4158523142
4163764703
4170056039
417007486
4173791591
4183032167
4217635175
4226023903
4233298159
4235395551
4248568167
4249420255
4253157725
4258006790
4258007389
4261347687
4269408735
4272947679
4281089606
43494
436273391
440533471
450824841
473238153
477233631
479
482608063
483852767
491258335
494995805
496717012
502138030
521074999
535166976
535167455
535757159
536805855
536871391
536872350
536872830
536873908
545653215
548078287
551748063
554369503
562299359
570884575
585564639
592970207
59459
596967783
597361119
597688799
597689039
60490207
608109023
612696423
61732
618463471
629868294
644024669
649199975
656149428
658964480
67174759
679346895
682754048
682754647
683606735
703070687
704119263
707395943
713687519
713687999
715784431
715784671
715785990
715786889
717619200
720896
721748327
726270431
729612767
741278175
749142495
757269199
75825511
769786335
77072433
794820847
797639135
801243615
801636711
813631238
815399391
839451103
846987503
86376927
870646239
870711775
871563503
875823583
8782303
883228911
883229151
894304735
894501343
894501823
894763487
897581056
899416543
899417023
905969664
907870687
914358272
916455424
917504000
918552576
919601152
923271168
923795456
924844032
925892608
926941184
929694175
930856960
931464366
931659776
932708352
933232640
934674671
935329792
935854080
936247535
936247775
936248015
937232134
938279271
942408159
942473695
948765151
950470406
954335711
965214687
9654
973144303
977404383
981009882
981010182
990040064
990052352
990056448
990060544
990109696
992544518
