0
1
1008337135
1014104543
1015939551
1023398784
102629735
10289391
1031798784
1032189888
1032651231
1037566431
1038352863
1052842544
1063059695
1063452791
1063452911
1064849424
1067198464
1072037888
1072038367
1072628071
1073676767
1073742303
1073743262
1073743742
1073744820
1076717586
1080452708
1080471572
1082009844
1082067512
1082067516
1082067518
1082067520
1082130430
1082130440
1082134624
1082524127
1082589423
1082606517
1082606519
1083221432
1083640378
1084227584
1084949199
1088094687
1088618975
1090453502
1090487583
1090519038
1090521137
1090610130
1090757082
1090757083
1091011839
1091240415
1092223215
109314407
1094699641
1094713343
1099170031
1102708975
1102709215
11075943
1114964447
11206895
1125515743
1128129080
1129351546
1129411184
1130629285
1130688924
1130947127
1131747006
1131993678
1132054824
1132205510
1132229653
1132238280
1132347225
1132483795
1132556567
1132631998
1132743412
1132866748
1132897322
1132917018
1132949783
1132972665
1132984736
1132989050
1133043522
1133062972
1133062987
1133066193
1133085758
1133107364
1133110970
1133111177
1133111264
1133112477
1133113622
1133113849
1133122665
1133140662
1133143668
1133245133
1133269591
1133270867
1133303882
1133311853
1133315868
1133324472
1133343002
1133364777
1133432685
1133443052
1133478506
1133480690
1133486217
1133508530
1133558700
1133576129
1133583158
1133604881
1133634344
1133643777
1133682701
1133701841
1133701856
1133715609
1133747901
1133777458
1133792405
1133803297
1133845382
1133874410
1133876336
1133877118
1133884003
1133888005
1133902405
1133906228
1133908461
1133919058
1133929476
1133931852
1133934779
1133976378
1133986278
1134003413
1134019564
1134019658
1134032897
1134071555
1134106651
1134117376
1134159727
1134173882
1134197569
1134214266
1134214999
1134217120
1134222027
1134232031
1134239777
1134280448
1134290023
1134297480
1134311579
1134321570
1134340604
1134354480
1134373727
1134390182
1134414019
1134423488
1134434911
1134435133
1134446093
1134465487
1134484251
1134498427
1134540828
1134552898
1134557211
1134588667
1134599865
1134607733
1134608999
1134610907
1134611685
1134615249
1134623755
1134642283
1134654842
1134660142
1134690831
1134697863
1134738336
1134822564
1134839032
1134846194
1134896635
1134905227
1134919812
1134928893
1134978154
1134979474
1134993085
1135052889
1135056322
1135105172
1135115220
1135152367
1135155249
1135156104
1135160296
1135160297
1135164534
1135175983
1135229940
1135231070
1135234750
1135236379
1135239840
1135247870
1135249776
1135262625
1135266997
1135270003
1135270019
1135283440
1135293711
1135361088
1135385345
1135406385
1135407382
1135452165
1135461434
1135476623
1135491666
1135495059
1135511034
1135511502
1135530767
1135533747
1135570651
1135603990
1135610665
1135639710
1135641935
1135661262
1135681212
1135685542
1135765732
1135781369
1135783154
1135790190
1135814852
1135889733
1135922645
1136025162
1136052410
1136063598
1136079451
1136128278
1136130536
1136149903
1136161046
1136183415
1136193812
1136210450
1136232772
1136248633
1136312001
1136324884
1136423387
1136497059
1136547643
1136621058
1136703934
1136711551
1136816036
1136817946
1136830794
1136861882
1136872238
1136881175
1136904175
1136936981
1136975509
1136979477
1137024702
1137029602
1137038712
1137126953
1137158260
1137223431
1137254616
1137314044
1137329538
1137333040
1137339267
1137383020
1137437195
1137445391
1137464964
1137482627
1137491731
1137540691
1137597614
1137607588
1137617758
1137698699
1137718072
1137755399
1137827519
1137833235
1137931973
1138812452
1141703135
1142227423
1144455407
1149567335
1155334383
1185218799
1186070887
1186857199
1195835392
1210384623
1216217807
1219035375
1219624960
1219625559
1220477647
1233715679
1239941599
1244266855
1249247471
1249247711
1250492895
1250493375
1250558431
1250558911
1252655583
1254490112
1258619239
1266483679
1270153695
1293156831
1307378143
1307379462
130810335
131006943
1311079
1313
1328416518
1331691759
1334510047
1338114527
1338442087
1338507623
1341129183
1346961408
1348141295
1348141535
1351745775
1351746015
1352270303
1365574111
1383858415
1391198687
1391984879
1391985119
1407517151
1415708911
1417806303
1424163055
1431634159
1431634399
1431635718
1431636317
1435764486
1438974431
1444741599
1449394415
1450639599
1450639839
1466565087
1468335278
1471480047
1471545583
1479344607
1491206623
1510015215
1514275295
1517617631
1522337542
1526071535
15335663
1559887991
1559888111
1565065695
1603469791
1608908800
1608909279
1609498983
1610547200
1610547679
1610612975
1610613215
1610613934
1610614234
1610614833
1617887471
1617887711
1620247007
1621688799
1621820111
1628111327
1629946095
1631977711
1635386063
1639843590
1641808351
1653932151
1658323423
1667630854
1692205295
1696989423
170329862
1703346655
1731635570
1741422592
1753088719
1756103135
1756104574
1764163823
1764164063
1768948191
1776812511
1781137767
1787429343
1787429823
178913759
1789526495
1791361024
1795490151
1796866527
1806893295
1806893535
1808597231
1808597471
1810694623
1815019999
1841926314
1845430022
1851719799
1871380959
1872036319
1874985439
1875378535
187761119
1878000095
1880817903
1880818143
1885012447
1895760231
1905
1918
1920729327
19268063
1934622959
1934623199
193921503
1943142879
19530207
1953169887
1958715584
1962214574
1962215174
1967260127
1968505311
1968506630
1977483503
1990066415
1990066655
1991115231
1993998575
2008350959
2010251503
2010251743
2013921759
2014502296
2028077535
202834639
2037187039
2040136159
204407263
2052915679
2094203119
2094465263
2101149935
2112750766
211877888
2124153191
2127233383
2139815936
2140340703
2142175471
2142961903
2143748575
2144338399
2146369895
2147418112
2147418591
2147549663
2148270080
2148859904
2149123846
2150433007
2150433247
2154824159
2158625247
2158756079
2161442935
2161443295
2165899503
2172322511
2172977631
2182873327
2183397855
2190606695
2190606815
2195259871
219545959
2199323103
2208629215
2227765727
2233925871
2255487215
2277088634
2278359040
2281439711
2283799726
2283800326
2309161199
2326462943
2333802975
2337538527
2337603823
2337604063
2337604543
2338193647
2352218591
235536623
2359820767
2360541663
236716391
2368995807
2379525915
2382366470
2388656247
2410021103
2410021343
2410873311
2419261919
2421948895
2432696679
2439381471
2444166318
2460418527
2463564255
2471559647
2486501855
2489057639
248905967
2490847
2502164599
2504983007
2505441759
2505443078
2505443677
250544607
2512781791
2514289119
2516517343
2520449503
2531656159
2533097711
2533097951
2534735991
2534736111
2537883398
25428447
257
257491183
2577072607
2583625967
2589852127
2604795654
2622685663
2628649439
263520735
2648573702
2649032454
2661089639
2664169831
2664235487
2665021799
2672886239
2675639770
2676752384
2677605550
2677606150
2680685023
2681799135
2684355039
2684420575
2684421894
2685140992
2685208446
2685209524
2685600103
2685730816
2691367151
2691367391
2720268767
2725249383
2727477607
2729247199
2734096623
2739536351
2748252639
2749040390
2760114655
2760179951
2760245727
2767847903
2768439046
2772764422
2772828639
2777154015
278659971
2797338863
2800878047
2802322356
2803369134
2818310623
2830500319
2830500799
2836725999
2836726239
28418
2842755551
2843214303
2853241311
2854094598
2858614903
2858615023
2861301999
2863333855
2870673647
2874409439
2874474735
2874474975
2874475455
2876113135
288162271
2884501983
2889089503
2915172831
2922450444
2933588447
29360607
2937913344
2944336351
2947809759
2965569775
2965570015
2981037230
2993488111
2993488351
2997289439
3000435167
3002007791
3002008031
3020554479
3022193119
3024355567
3025404143
3025404383
3025797120
3025928551
3031433695
3035628718
3042312671
3045064704
3053388255
3061841920
306446575
3066954207
3067806175
3068527071
3069248207
3087139055
3091071215
3099656671
3112305119
3129344479
3129345198
3130720735
313327975
31414
3141666566
3149939461
3157983711
3159556575
3171469312
3171877343
3176530279
317915495
3179217375
3187540207
3188785391
319619551
3201892711
3204317423
3204914912
3205930904
3209146368
3213361631
3216572655
3216704248
3217555935
3218866535
3219587072
3219587551
3221225951
3221291487
3222079358
3222080436
3222471015
32243951
3228565500
3229682065
3229716064
3229820288
3232563679
3235498359
3235840280
3237998475
3238002688
3238035448
3238035449
3238789599
3240165615
3240821215
32440679
3250651615
3255304671
3262120295
3270705631
3276407263
3276604351
3285123551
3291546079
3296985567
3297216278
3297273961
3297334867
3297392499
3297417075
3297507316
3297548147
3297580915
3297613683
3297683947
3297699184
3297699485
3297701425
3297701726
3297707297
3297707300
3297711598
3297729583
3297736676
3297758248
3297761186
3297765013
3297771596
3297772207
3297772667
3297777186
3297785602
3297812874
3297827863
3297828289
3297836621
3297838520
3297862990
3297870972
3297876673
3297883163
3297884018
3297886997
3297889450
3297894812
3297898638
3297913476
3297914590
3297917717
3297931394
3297951448
3297970959
3297994349
3297998070
3298000115
3298005048
3298006751
3298007275
3298014126
3298025723
3298026791
3298027181
3298036382
3298038290
3298040465
3298067519
3298067665
3298072407
3298095580
3298103875
3298107435
3298108957
3298111690
3298140014
3298148703
3298149543
3298151524
3298151959
3298157921
3298158274
3298162002
3298171459
3298173172
3298174709
3298184361
3298185947
3298187122
3298203507
3298208261
3298208376
3298208680
3298209697
3298212253
3298212645
3298213169
3298232392
3298237823
3298252684
3298254359
3298293299
3298301811
3298317330
3298369865
3298400114
3298432882
3298465747
3298604914
3298621298
3298657615
3298657916
3298659855
3298660156
3298665728
3298665731
3298670029
3298791071
3298792273
3298817906
3298845428
3298871907
3298873021
3298876148
3298909878
3298958546
3298985612
3298996720
3298998896
3299015839
3299030838
3299041778
3299098445
3299116705
3299120433
3299129890
3299142792
3299144378
3299166692
3299166807
3299167110
3299171075
3299174024
3299184925
3299189455
3299196254
3299203879
3299211114
3299212789
3299275761
3299328296
3299354552
3299387870
3299392666
3299420106
3299462177
3299480071
3299490474
3299495010
3299502725
3299533700
3299539474
3299544322
3299548858
3299560651
3299586582
3299586587
3299635957
3299649131
3299663957
3299676505
3299679617
3299681958
3299685085
3299687817
3299688084
3299689495
3299690180
3299691194
3299692009
3299777670
3299779432
3299797848
3299825447
3299826840
3299827069
3299839656
3299845297
3299859142
3299864276
3299867659
3299867662
3299875600
3299879248
3299880789
3299924018
3299930726
3299947037
3299953917
3299954717
3299964391
3299968747
3299975786
3299977722
3299993607
3300012401
3300017183
3300073307
3300105160
3300110952
3300141659
3300156417
3300180461
3300192048
3300245755
3300307067
3300399103
3300430979
3300437623
3300437924
3300439864
3300440165
3300445737
3300445741
3300450038
3300511867
3300564466
3300574585
3300585594
3300625438
3300651917
3300653031
3300656158
3300689888
3300724859
3300738554
3300749614
3300765620
3300776729
3300778905
3300810845
3300878455
3300880507
3300896713
3300896889
3300900441
3300909900
3300922799
3300924386
3300946702
3300946818
3300947120
3300951085
3300976263
3300977611
3300977612
3300982503
3300991125
3300992798
3301055772
3301108307
3304718815
3309635334
3314680047
3316580831
3339193268
3342730414
3342731014
3345744111
3345809887
3349217519
3349217759
3352690688
3357541550
3357542150
3364487407
3366453487
3366453727
3367109087
3377070319
3378905327
3378905567
3388539359
3390112223
3400204767
3407544799
3419343197
342557151
3425698271
3429268937
343671503
3440119308
344064479
3448963551
3456434655
3459321356
3474784256
347800031
348193247
34866051
3488678367
3492480174
3493003743
35127775
3524723167
354419407
3554279663
3562668032
3562736265
3568304607
3569484255
3572499630
3573874927
357892575
3579183583
3580756447
3586523615
3596
3603825119
3606119119
3610378719
3613262303
3621519479
363528671
3649176031
3649634783
3665690863
3667591647
3673489887
3686990063
368968159
369361375
3694854623
369557863
3708748255
3713401191
3715434246
3715434545
3722379743
3722838255
3722838495
3735683551
3737552174
3737977311
3751019694
3754426847
3755540959
3755737327
3755737447
3756457984
3756458463
3758096863
3758162399
3758163838
3758164317
3758165516
3758950270
3758951948
3759472999
3760062703
3761373663
3762553071
3765109215
3768451311
3769434351
3775332831
3775660511
3779199455
3779395823
3793027971
3799056743
3799253351
3800565510
3833987551
3835234353
3843096815
3853451743
3860791655
3862168031
3869114607
3869114847
3888972255
3889561600
389415391
3895241729
3903979999
3914399983
3914400223
3916956127
391971295
3926983135
3928491782
3936944367
3937075679
3957260527
3960996559
3961848287
3971219935
3971679406
3976990220
3977707879
3980263903
3988324831
3994878311
3998175
4008706527
4010672367
402589446
4029351086
4046324191
405602783
4061528303
4071489895
4080271839
4087349727
4087742703
4087742943
40894823
4095934943
4098294239
4099607177
4105371887
41091431
4112581327
4116054495
4116513007
411894119
4121690351
4127719783
4139516143
4140040431
4141547999
415629671
4157669495
4163764703
4170056039
4173791591
4183032167
4200793262
4200794461
4217635175
4226023903
4228579567
4233298159
4237230559
42403590
4244898271
4248568167
424870247
4254532063
4255187423
4260430063
4261347687
4262397702
4267507951
4269408735
4272554463
4272947679
4277731567
4281089606
43494
459473255
467861743
467861983
475136239
477233631
477432157
479
481231087
481231327
48693727
490406247
492373466
494143238
494143537
495781638
496370143
496717012
497025503
503185767
511246815
511377887
514785759
521074999
526516463
526516703
534447878
536805855
536871391
536872110
536872350
536872410
536872830
536873908
537591808
540082655
540869087
542441711
545653215
547946855
551748063
556204271
556269807
557908447
563675615
569311591
5767407
594477535
59459
597361119
604045671
606339551
612696423
61732
623247839
623313135
625279455
62587359
631111680
646185319
649199975
658964480
670302687
67174759
680067311
680067551
682754048
682754647
683606735
684130783
694224346
715784431
715784671
720896
729612767
741277935
748748800
749928927
764543455
780009711
785776879
786235871
788350
790028
794820847
795279839
815399391
815530883
824639727
824639967
852361455
854786407
86376927
870646239
870711775
870777071
870777311
880542415
88408543
884670943
894763487
897581056
899612911
905839071
907870687
918749423
923271168
924844032
927727616
928973279
929694175
931464366
933232640
935854080
94240768
942408159
942473695
943522031
945948422
9654
968098031
973144303
977404383
990060544
997589231
997589471
