0
1
1023279583
1023398784
1023409152
1023409664
1031798784
1032189888
1050411367
1052842544
1053491559
1064849424
1066074112
1066598879
1067198464
1068433647
1070006751
1072628071
1073676288
1073742303
1073744221
1074462720
1075052544
1076717586
1080688879
1080689119
1082130432
1082130440
1082134624
1082606517
1082606519
1084227584
1084817887
1085210863
1090757082
1090757083
1090899678
1091011839
1093272031
1098515151
1099170271
1103102431
1106706671
1109590495
1113326047
1116799335
11207375
1121452511
112329063
1123418351
1127678431
1135152367
1143996895
1160118511
1177747935
1184891119
119277018
119278516
1195181230
1195181830
1196427014
1198194927
1198260703
1204551680
1207632351
122093568
1224016351
1252655583
1263731167
1263796463
1263796703
1263797183
1266811119
1266811359
1271794013
1278411231
1301414367
1308559110
1313
1314848887
1337065951
1348141535
1358889319
136250542
136251142
1370358958
1371997658
1377173983
1382613231
1386611167
1389756895
1397752287
1415250279
1421935071
142475983
1431634399
143327471
1438
1442709983
1451624198
1453131526
1454047711
1457848799
145883136
145883735
1464140255
1465713119
146735823
14877151
1491535022
1502347623
1503265247
1516044767
1530988294
1531576559
1545012998
1548878303
1567885062
1567885361
1587282279
1590362471
1591214439
1602945024
1603470510
1606877663
1610613215
1611333632
1611401086
1611402164
1611792743
1611923456
1612710847
1618871231
1621885407
1622082015
1631650271
1641939423
1644298479
1646461407
1651442023
1653670247
1657864431
166199775
1665728991
1666255497
1670251994
1674445279
1686307295
1687685169
1689387487
1694040543
1698957062
170525031
1707803103
1721565423
1721565663
1728514996
1731635570
1744503263
17498591
1756692959
1756693439
176816607
176817087
1783955695
1785659871
1785660351
178913519
178913759
178915078
178915977
1789526375
1789526495
1789526975
1798
1800602079
1800667375
1800667615
1800668095
180748288
1809516294
1815282143
1823670751
1836646879
1841926314
1843528159
1848643084
184877415
1857421551
1864105984
1873936863
1874002399
18874727
1889469375
1904148959
1905
1907229870
1913979119
1916010975
1918
1923482079
1926627807
192741855
1951989760
1952121191
1953169887
1957626335
1958715584
1961821358
1968505311
1975517423
1979580895
197984495
197984735
1993146847
1993998815
1994719711
1995440847
2002190815
2010973958
2014502296
2038497759
2053244078
2053245277
2067859206
2071069151
2079654367
2084176351
2085749215
2089486086
2089681375
2093418246
2093419145
2098069983
2102722919
212271583
2125005279
2126709215
2128085351
2143748575
2145059175
2145779712
2145780191
2147418591
2147549663
2148337534
2148338612
2148729191
2149449967
2154496479
2158821615
2159739119
2162622943
2165047775
2166817247
2188378471
2190738906
2196242911
2196963807
2201485791
2202403055
2202665439
2202862527
2211381727
2223243743
2230976991
2235893510
2242839007
2262828806
2265451444
2277088634
2278556127
2278948864
2293367263
2305688031
230752735
2316370399
2326462703
2326462943
232915423
2335310303
2351956447
2366377484
2379525915
2385579532
2386624871
2396914143
2401042432
2418738350
2430599647
2480341471
2488926208
2488994441
2491613663
2493318918
2494562783
2498757806
2500133103
2500592095
2505441759
2513699775
2520515519
2528838111
2530083295
2532377295
2541224295
25428207
2547910406
2559443423
2560361407
257
2575434207
257949935
260768223
2616590575
2621112799
2624981341
2626421215
2628780271
2628780511
2635006431
2639659367
2639922650
2643330822
264372703
264765799
2651784966
2660173574
2661941727
2680685023
2681995623
2681997062
2682716160
2682716639
2684355039
2684421294
2684421594
2684422014
2684423692
2685208446
2685210124
2685731175
2691367151
2694709487
2701918687
2714568154
2714568454
2717057503
2717057983
271712735
2719286147
2725314919
2725511527
2726823686
2727611017
2738356703
2745698054
2750415327
2751267295
2765488367
276760326
2779709919
278135263
2782724575
278528479
2787049831
2815230431
2815819776
2825650535
2830238175
2833449439
28418
2853241311
2854749958
2863333855
2871591391
2880831967
2886403846
2886404445
2887254735
2897281503
2903248396
2903966055
2912092639
2917335519
2921136487
2926380806
2934964703
2946041606
2955609262
2970681583
2972582367
2982676230
2996
2997748071
3004039647
3024552415
3025865353
3031630063
3038839503
3041591775
3042312431
3042312671
3043033327
3043100122
3043100422
3045064704
3047161856
3047948767
3053453312
3053781471
3053977959
3058696192
3061841920
3067806175
3080061167
3085503113
3090022879
3096314215
3100049767
310116591
3109290343
3120824559
31414
3143893351
3145138415
3145138655
3148474368
3148476416
3149939461
3152282079
3159556335
3161570048
3171342336
3171481600
3171481856
3171573504
3174826343
3187605863
3195666911
3195797983
3199205855
3201093120
3204914912
3205930904
3209146368
3216704248
3221225951
3221291487
3221292926
3221294604
3222011904
3222079238
3222079358
3222081036
3222602087
3222667623
3224110100
3224110104
3225289183
3226861807
3228565500
3229679635
3229820288
3230139327
3231580399
3232366951
3232760047
3235498359
3235840280
3237998475
3237998481
3238002687
3238002688
3238035447
3238035448
3238035449
3238035460
3246719455
3253404127
3253731687
3256157059
3262185831
3262382439
3263694598
3267036934
3267037233
3267407958
3268466288
3269916923
3270666736
3270725242
3271233192
3271315465
3271315466
3271558861
3271558863
3271558865
3271621013
3271728945
3271737326
3271737329
3271745807
3271823208
3271858011
3271889496
3271896419
3271950732
3271983619
3272138912
3272162668
3272187428
3272222306
3272296687
3272383400
3272406856
3272439743
3272478270
3272484230
3272607354
3272611201
3272638063
3273038800
3273043383
3273064927
3273285390
3273466925
3273467061
3273543933
3273561675
3273575639
3274000748
3274040735
3274059952
3274080296
3274080297
3274152651
3274247045
3274345010
3274382496
3274382497
3274529913
3274558127
3274631492
3274631493
3274708726
3274804790
3274831924
3274865937
3275016623
3275040767
3275047022
3275047023
3275049394
3275066097
3275158338
3275161212
3275227615
3275255236
3275293151
3275316625
3275494161
3275577094
3275613036
3275647478
3275733258
3275790055
3275863598
3275913305
3275921144
3275924234
3275925969
3275931276
3275937123
3275937124
3275965011
3275982981
3276020050
3276044822
3276060754
3276060755
3276060757
3276095269
3276128725
3276214094
3276224898
3276224899
3276224901
3276247167
3276255549
3276255552
3276264030
3276291124
3276346661
3276381984
3276407720
3276414641
3276468950
3276474974
3276475004
3276501837
3276652251
3276657145
3276705648
3276707561
3276839290
3276840414
3276888206
3276925068
3276927526
3276948681
3276957955
3276979783
3276981621
3276996503
3277002456
3277071773
3277083204
3277156284
3277214388
3277306050
3277436475
3277436476
3277466428
3277501276
3277515344
3277558699
3277674546
3277714431
3277780259
3277920458
3277985286
3278039784
3278062161
3278074905
3278080377
3278093807
3278093864
3278124770
3278134387
3278134388
3278284683
3278301796
3278355867
3278414836
3278508686
3278558947
3278640699
3278760064
3278786730
3278929089
3278944002
3279030251
3279111133
3279169146
3279177077
3279400866
3279567035
3279570858
3279574542
3279591157
3279596552
3279658729
3279669322
3279679435
3279713568
3279898928
3279918817
3279969946
3279979056
3279997980
3280001672
3280067192
3280098602
3280137585
3280163772
3280194960
3280254386
3280255177
3280259960
3280279609
3280282009
3280303489
3280307681
3280307682
3280311923
3280323366
3280377535
3280383768
3280387225
3280405306
3280414383
3280422966
3280430826
3280461098
3280507428
3280508477
3280532732
3280558098
3280596888
3280639044
3280642443
3280658418
3280658886
3280678157
3280681136
3280695740
3280706508
3280732813
3280758049
3280767856
3280773574
3280786684
3280802798
3280825975
3280924499
3280941825
3281156202
3281172551
3281210988
3281226840
3281250240
3281272050
3281459381
3282019624
3282143362
3282186098
3282305645
3282370816
3282402003
3282407406
3282407414
3282461430
3282476922
3282486649
3282559862
3282584579
3282612349
3282630009
3282685457
3282765139
3282902783
3282974900
3282980618
3288465767
3289776607
3291625839
3291942209
3291964009
3291973070
3292189757
3292189758
3292369903
3292434372
3292554303
3292575111
3292577515
3292584184
3292589121
3292661562
3292673107
3292682804
3292691877
3292767322
3292767332
3292774235
3292777940
3292809143
3292817179
3292849552
3292890114
3292892423
3292942962
3292953395
3292964331
3292964429
3292964430
3292970327
3292976550
3292978180
3292990076
3293027990
3293037787
3293149501
3293149714
3293153023
3293153723
3293153724
3293160268
3293160787
3293207136
3293245056
3293273472
3293289205
3293312445
3293322712
3293329477
3293345361
3293355737
3293367376
3293407101
3293408048
3293412884
3293512955
3293514220
3293522940
3293523511
3293531654
3293531892
3293537460
3293537696
3293537794
3293543228
3293545310
3293554372
3293576579
3293619922
3293628524
3293796879
3293877479
3293949211
3293949212
3293951200
3293972379
3293997901
3294015669
3294017466
3294018716
3294041889
3294041890
3294046914
3294066928
3294104839
3294106923
3294135602
3294156410
3294165483
3294242860
3294254407
3294264105
3294273178
3294296766
3294348622
3294348632
3294369414
3294379989
3294392364
3294412618
3294456118
3294473718
3294534692
3294545629
3294551624
3294557848
3294559477
3294574807
3294614369
3294688569
3294700998
3294730799
3294734323
3294826355
3294854773
3294893746
3294904011
3294910776
3294926662
3294937036
3294941392
3294957120
3294971653
3294973305
3294977058
3294979042
3295013708
3295052781
3295064444
3295084895
3295104241
3295112955
3295154072
3295155826
3295200261
3295209824
3295211998
3295235168
3295293099
3295322073
3295362604
3295458778
3295666967
3295855127
3295929661
3295939445
3295973662
3296037418
3296050708
3296051309
3296055188
3296055789
3296066934
3296066940
3296075534
3296199195
3296426335
3296479293
3296481523
3296487775
3296555236
3296652566
3296706697
3296725930
3296728108
3296734220
3296744339
3296745047
3296760048
3296820659
3296827656
3296845914
3296846091
3296849643
3296859103
3296872002
3296873587
3296884378
3296895903
3296896018
3296896320
3296900285
3296903234
3296914133
3296918664
3296925464
3296940327
3296941999
3296948099
3296952587
3296952589
3297004973
3297006982
3297011816
3297057509
3297104499
3297117079
3297149313
3297150839
3297158657
3297209279
3297219684
3297224220
3297262908
3297268681
3297272485
3297273531
3297274384
3297278067
3297315790
3297315795
3297330744
3297341994
3297347787
3297378338
3297408824
3297414293
3297417290
3297420402
3297421217
3297444222
3297481674
3297495902
3297498397
3297506878
3297508641
3297554656
3297568865
3297579491
3297588351
3297593484
3297596867
3297604809
3297609997
3297693598
3297697956
3297746390
3297799612
3297870868
3298128310
3298160187
3307667935
330891743
3317761798
3323920743
3328573919
3330605415
333775327
3352101343
3360556806
3372810719
3375957466
3375958365
3378644442
3391620870
3400204527
3400204767
3408855519
3421307359
3424125647
3425698271
3429268937
3433168896
3440836967
3458007399
3470196975
3471835615
3499950979
3509453279
3512533471
3517841647
3534618983
3538747871
3539206503
3563848159
3564962511
3569091039
3575710415
357892575
3579183583
3579184902
3579185501
359
3590259167
3590652383
3590848871
3626893791
3633185127
3636920679
3646161255
3680764263
3689152991
3692429791
3696427247
3698524639
370999775
3711697255
3717071327
3721135878
3721136477
3722772959
3724476775
3732537823
3736076767
3737552174
3758096623
3758096863
3758162159
3758162399
3758163358
3758163838
3758164017
3758164916
3758882816
3762160095
3766944223
3769237863
3773039071
3790602599
3797352807
3818324447
3818652127
3825336679
3825598943
3833987431
3834184159
3838247391
3844538847
3850895839
385548527
385548767
3857449439
3867476327
3870490983
3880255488
3891266015
3895241729
3897952006
3901490111
3904045056
3904045655
3904897743
3916497375
3918135775
392823263
3935764959
3937075679
394593454
3950903775
3958178271
3958243807
3962568943
3970039808
3971154399
397803759
3991077343
4006019551
4007067887
4012836614
4016111855
4036690399
4036821891
405602783
4056418054
4070375783
4076077415
4076208367
4076404975
4076405215
4092002783
4101833423
4105961951
4109763758
4109764358
4116054495
411894239
41222623
4127130079
4129161695
4137615599
4137615839
4150264287
4150985183
4152755374
4161470943
4163764703
4169007343
4170056159
417464799
4194435311
4198695391
4231791071
4235395551
4240769983
4259447743
426181087
4277797343
4281089606
4284350703
4285006063
4293328896
4293329375
4293919079
43494
436273391
440533471
444138970
444139270
4456927
455673306
455673606
474810717
479
496717012
497025503
501024518
501483270
502138030
511574495
516686303
521074999
528090586
529727967
530056366
530056966
534249951
535166976
535167455
535757159
536805376
536805855
541065455
541262183
547946975
548078287
554369503
555680223
56099295
561644239
562823647
566428127
570884575
584581599
590807519
59459
60490207
612696543
616366559
61732
618463471
623247599
667419103
667680768
679346895
67961311
695665119
703070687
704119263
705692127
707395943
713687519
713687999
715784671
717619200
721748327
741278175
741802943
744161639
755302639
75825511
769786335
771688198
777977975
778831622
786039263
797639135
801243615
801571175
801636711
811270623
81592559
822018407
823656927
846987503
860881375
863437039
863438298
863438598
874643935
875823583
8782303
894304735
894763487
897581056
905969664
910163968
910819328
914358272
915800303
916455424
920256751
922746880
923271168
923795456
924451055
924844032
926941184
927465472
929038336
930856960
932184064
932708352
933232640
934609135
934674671
935854080
943522031
948765151
952107487
954335711
965214687
9654
966394335
979173855
981795295
981796014
984154591
990040064
990052352
990060544
990109696
