0
1
1023279583
1023398784
1023409152
1023409664
1031798784
1032189888
1050411367
1052842544
1053491559
1064849424
1066074112
1066598879
1067198464
1068433647
1070006751
1072628071
1073676288
1073742303
1073744221
1074462720
1075052544
1076717586
1080688879
1080689119
1082130432
1082130440
1082134624
1082606517
1082606519
1084227584
1084817887
1085210863
1090757082
1090757083
1090899678
1091011839
1093272031
1098515151
1099170271
1103102431
1106706671
1109590495
1113326047
1116799335
11207375
1121452511
112329063
1123418351
1127678431
1135152367
1143996895
1160118511
1177747935
1184891119
119277018
119278516
1195181230
1195181830
1196427014
1198194927
1198260703
1204551680
1207632351
122093568
1224016351
1252655583
1263731167
1263796463
1263796703
1263797183
1266811119
1266811359
1271794013
1278411231
1301414367
1308559110
1313
1314848887
1337065951
1348141535
1358889319
136250542
136251142
1370358958
1371997658
1377173983
1382613231
1386611167
1389756895
1397752287
1415250279
1421935071
142475983
1431634399
143327471
1438
1442709983
1451624198
1453131526
1454047711
1457848799
145883136
145883735
1464140255
1465713119
146735823
14877151
1491535022
1502347623
1503265247
1516044767
1530988294
1531576559
1545012998
1548878303
1567885062
1567885361
1587282279
1590362471
1591214439
1602945024
1603470510
1606877663
1610613215
1611333632
1611401086
1611402164
1611792743
1611923456
1612710847
1618871231
1621885407
1622082015
1631650271
1641939423
1644298479
1646461407
1651442023
1653670247
1657864431
166199775
1665728991
1666255497
1670251994
1674445279
1686307295
1687685169
1689387487
1694040543
1698957062
170525031
1707803103
1721565423
1721565663
1728514996
1731635570
1744503263
17498591
1756692959
1756693439
176816607
176817087
1783955695
1785659871
1785660351
178913519
178913759
178915078
178915977
1789526375
1789526495
1789526975
1798
1800602079
1800667375
1800667615
1800668095
180748288
1809516294
1815282143
1823670751
1836646879
1841926314
1843528159
1848643084
184877415
1857421551
1864105984
1873936863
1874002399
18874727
1889469375
1904148959
1905
1907229870
1913979119
1916010975
1918
1923482079
1926627807
192741855
1951989760
1952121191
1953169887
1957626335
1958715584
1961821358
1968505311
1975517423
1979580895
197984495
197984735
1993146847
1993998815
1994719711
1995440847
2002190815
2010973958
2014502296
2038497759
2053244078
2053245277
2067859206
2071069151
2079654367
2084176351
2085749215
2089486086
2089681375
2093418246
2093419145
2098069983
2102722919
212271583
2125005279
2126709215
2128085351
2143748575
2145059175
2145779712
2145780191
2147418591
2147549663
2148337534
2148338612
2148729191
2149449967
2154496479
2158821615
2159739119
2162622943
2165047775
2166817247
2188378471
2190738906
2196242911
2196963807
2201485791
2202403055
2202665439
2202862527
2211381727
2223243743
2230976991
2235893510
2242839007
2262828806
2265451444
2277088634
2278556127
2278948864
2293367263
2305688031
230752735
2316370399
2326462703
2326462943
232915423
2335310303
2351956447
2366377484
2379525915
2385579532
2386624871
2396914143
2401042432
2418738350
2430599647
2480341471
2488926208
2488994441
2491613663
2493318918
2494562783
2498757806
2500133103
2500592095
2505441759
2513699775
2520515519
2528838111
2530083295
2532377295
2541224295
25428207
2547910406
2559443423
2560361407
257
2575434207
257949935
260768223
2616590575
2621112799
2624981341
2626421215
2628780271
2628780511
2635006431
2639659367
2639922650
2643330822
264372703
264765799
2651784966
2660173574
2661941727
2680685023
2681995623
2681997062
2682716160
2682716639
2684355039
2684421294
2684421594
2684422014
2684423692
2685208446
2685210124
2685731175
2691367151
2694709487
2701918687
2714568154
2714568454
2717057503
2717057983
271712735
2719286147
2725314919
2725511527
2726823686
2727611017
2738356703
2745698054
2750415327
2751267295
2765488367
276760326
2779709919
278135263
2782724575
278528479
2787049831
2815230431
2815819776
2825650535
2830238175
2833449439
28418
2853241311
2854749958
2863333855
2871591391
2880831967
2886403846
2886404445
2887254735
2897281503
2903248396
2903966055
2912092639
2917335519
2921136487
2926380806
2934964703
2946041606
2955609262
2970681583
2972582367
2982676230
2996
2997748071
3004039647
3024552415
3025865353
3031630063
3038839503
3041591775
3042312431
3042312671
3043033327
3043100122
3043100422
3045064704
3047161856
3047948767
3053453312
3053781471
3053977959
3058696192
3061841920
3067806175
3080061167
3085503113
3090022879
3096314215
3100049767
310116591
3109290343
3120824559
31414
3143893351
3145138415
3145138655
3148474368
3148476416
3149939461
3152282079
3159556335
3161570048
3171342336
3171481600
3171481856
3171573504
3174826343
3187605863
3195666911
3195797983
3199205855
3201093120
3204914912
3205930904
3209146368
3216704248
3221225951
3221291487
3221292926
3221294604
3222011904
3222079238
3222079358
3222081036
3222602087
3222667623
3224110100
3224110104
3225289183
3226861807
3228565500
3229679635
3229820288
3230139327
3231580399
3232366951
3232760047
3235498359
3235840280
3237998475
3237998481
3238002687
3238002688
3238035447
3238035448
3238035449
3238035460
3246719455
3253404127
3253731687
3256157059
3262185831
3262382439
3263694598
3267036934
3267037233
3273064927
3275227615
3275293151
3281553646
3281818229
3282180887
3282368342
3282382968
3282509956
3282530523
3282591807
3282591809
3282591810
3282622884
3282676849
3282681040
3282681041
3282685281
3282723980
3282741383
3282757126
3282760586
3282787744
3282804187
3282881832
3282893711
3282906091
3282923530
3282960721
3283004077
3283015805
3283032248
3283051512
3283054493
3283116055
3283117979
3283131408
3283331777
3283334070
3283455072
3283545840
3283545841
3283545907
3283584345
3283593216
3283600196
3283812752
3283832744
3283842354
3283852525
3283888703
3283935901
3283984883
3284003626
3284077335
3284091441
3284128124
3284166740
3284214771
3284228339
3284245347
3284320688
3284332761
3284335889
3284337074
3284345427
3284391546
3284392983
3284439995
3284470691
3284559457
3284600924
3284600925
3284618895
3284636116
3284679005
3284707404
3284744176
3284769030
3284772948
3284774494
3284775361
3284778016
3284780939
3284794884
3284803868
3284822402
3284834789
3284842753
3284842755
3284842757
3284860011
3284876740
3284919424
3284924826
3284924827
3284924829
3284935962
3284940151
3284940152
3284944393
3284957940
3284985708
3285003368
3285016238
3285019698
3285046853
3285049864
3285049879
3285063296
3285138502
3285140950
3285165202
3285166157
3285232023
3285232583
3285256481
3285274912
3285276139
3285286718
3285291355
3285302269
3285303188
3285310630
3285313606
3285348262
3285353978
3285390519
3285419571
3285465403
3285530616
3285545591
3285563016
3285570049
3285591726
3285649649
3285669593
3285702507
3285772606
3285805020
3285832269
3285843458
3285849830
3285852566
3285859281
3285859310
3285874762
3285879571
3285954719
3285963275
3285990311
3286019794
3286066720
3286091851
3286132727
3286192409
3286205742
3286276921
3286284377
3286327502
3286367944
3286396951
3286400917
3286512811
3286595893
3286597806
3286599649
3286607954
3286610653
3286641741
3286647039
3286652094
3286669160
3286761841
3286771785
3286809460
3286818569
3286837493
3286841184
3286906706
3286938114
3286977097
3287003285
3287034473
3287093900
3287094691
3287099472
3287119122
3287121523
3287143003
3287147195
3287147196
3287151435
3287162880
3287217049
3287223280
3287226739
3287244819
3287253897
3287262479
3287270340
3287300611
3287346942
3287347991
3287372244
3287397611
3287436402
3287478556
3287481955
3287497931
3287498398
3287517671
3287520650
3287535253
3287546021
3287572326
3287597563
3287607369
3287613087
3287626197
3287642311
3287665487
3287764012
3287781337
3287995716
3288012063
3288050502
3288066352
3288089754
3288111564
3288298895
3288465767
3288596736
3288658606
3288679973
3288739748
3288772332
3288787925
3288790627
3288790632
3288817639
3288825386
3288830249
3288866856
3288879215
3288893100
3288901929
3288929654
3288969495
3289038316
3289074374
3289077233
3289776607
3296038067
3296354437
3296376238
3296385298
3296601984
3296601986
3296752537
3296784772
3296844737
3296855141
3296856343
3296859677
3296862147
3296898366
3296904140
3296908988
3296913524
3296951248
3296951253
3296954703
3296956555
3296956556
3296972158
3296976175
3296992363
3297012643
3297013798
3297039067
3297044283
3297049751
3297049800
3297049801
3297052750
3297055860
3297056675
3297062623
3297081581
3297086479
3297142336
3297142443
3297144097
3297144448
3297147720
3297147980
3297171155
3297190114
3297204322
3297212189
3297223808
3297228942
3297232325
3297240266
3297245455
3297251275
3297271136
3297271610
3297274028
3297324063
3297324695
3297329056
3297329342
3297333413
3297333531
3297336316
3297336434
3297336483
3297339200
3297340241
3297344772
3297355875
3297377547
3297381848
3297466025
3297466026
3297506325
3297542191
3297542192
3297543186
3297553775
3297566536
3297575421
3297576319
3297576944
3297588530
3297588531
3297591044
3297601050
3297620005
3297621048
3297635387
3297645791
3297650327
3297689016
3297694789
3297699639
3297704175
3297715969
3297741898
3297741903
3297752293
3297757580
3297763768
3297773895
3297795645
3297804445
3297834931
3297840401
3297843398
3297846510
3297847324
3297854990
3297874769
3297911870
3297918084
3297932986
3297934748
3297980764
3297994973
3298014459
3298019591
3298022975
3298030916
3298036104
3298038282
3298046146
3298053412
3298054238
3298056115
3298057107
3298074440
3298093977
3298099807
3298110033
3298119706
3298124064
3298144622
3298145499
3298167717
3298172498
3298173586
3298185171
3298214135
3298228622
3298248888
3298296975
3298401069
3298495149
3298532416
3298537308
3298554417
3298586294
3298592940
3298593241
3298595180
3298595481
3298601052
3298601056
3298605352
3298667183
3298780754
3298807233
3298808346
3298811473
3298845204
3298893869
3298920936
3298932044
3298934222
3298940334
3298950453
3298951161
3298966162
3299026773
3299033771
3299052028
3299052205
3299055757
3299065217
3299078116
3299079701
3299090492
3299102017
3299102131
3299102434
3299106399
3299109348
3299120247
3299124778
3299131578
3299146441
3299148114
3299154213
3299158701
3299158703
3299211087
3299213096
3299217930
3299263622
3299310613
3299323193
3299355427
3299356953
3299364771
3299415393
3299425798
3299430334
3299469022
3299474795
3299478599
3299479645
3299480498
3299484181
3299521904
3299521909
3299536858
3299548108
3299553901
3299584452
3299614938
3299620407
3299623404
3299626516
3299627331
3299650336
3299687788
3299702016
3299704511
3299712992
3299714755
3299760770
3299774979
3299785605
3299794465
3299799598
3299802981
3299810923
3299816111
3299899712
3299904070
3299952504
3300005726
3300076982
3300334424
3300366301
3307667935
330891743
3317761798
3323920743
3328573919
3330605415
333775327
3352101343
3360556806
3372810719
3375957466
3375958365
3378644442
3391620870
3400204527
3400204767
3408855519
3421307359
3424125647
3425698271
3429268937
3433168896
3440836967
3458007399
3470196975
3471835615
3499950979
3509453279
3512533471
3517841647
3534618983
3538747871
3539206503
3563848159
3564962511
3569091039
3575710415
357892575
3579183583
3579184902
3579185501
359
3590259167
3590652383
3590848871
3626893791
3633185127
3636920679
3646161255
3680764263
3689152991
3692429791
3696427247
3698524639
370999775
3711697255
3717071327
3721135878
3721136477
3722772959
3724476775
3732537823
3736076767
3737552174
3758096623
3758096863
3758162159
3758162399
3758163358
3758163838
3758164017
3758164916
3758882816
3762160095
3766944223
3769237863
3773039071
3790602599
3797352807
3818324447
3818652127
3825336679
3825598943
3833987431
3834184159
3838247391
3844538847
3850895839
385548527
385548767
3857449439
3867476327
3870490983
3880255488
3891266015
3895241729
3897952006
3901490111
3904045056
3904045655
3904897743
3916497375
3918135775
392823263
3935764959
3937075679
394593454
3950903775
3958178271
3958243807
3962568943
3970039808
3971154399
397803759
3991077343
4006019551
4007067887
4012836614
4016111855
4036690399
4036821891
405602783
4056418054
4070375783
4076077415
4076208367
4076404975
4076405215
4092002783
4101833423
4105961951
4109763758
4109764358
4116054495
411894239
41222623
4127130079
4129161695
4137615599
4137615839
4150264287
4150985183
4152755374
4161470943
4163764703
4169007343
4170056159
417464799
4194435311
4198695391
4231791071
4235395551
4240769983
4259447743
426181087
4277797343
4281089606
4284350703
4285006063
4293328896
4293329375
4293919079
43494
436273391
440533471
444138970
444139270
4456927
455673306
455673606
474810717
479
496717012
497025503
501024518
501483270
502138030
511574495
516686303
521074999
528090586
529727967
530056366
530056966
534249951
535166976
535167455
535757159
536805376
536805855
541065455
541262183
547946975
548078287
554369503
555680223
56099295
561644239
562823647
566428127
570884575
584581599
590807519
59459
60490207
612696543
616366559
61732
618463471
623247599
667419103
667680768
679346895
67961311
695665119
703070687
704119263
705692127
707395943
713687519
713687999
715784671
717619200
721748327
741278175
741802943
744161639
755302639
75825511
769786335
771688198
777977975
778831622
786039263
797639135
801243615
801571175
801636711
811270623
81592559
822018407
823656927
846987503
860881375
863437039
863438298
863438598
874643935
875823583
8782303
894304735
894763487
897581056
905969664
910163968
910819328
914358272
915800303
916455424
920256751
922746880
923271168
923795456
924451055
924844032
926941184
927465472
929038336
930856960
932184064
932708352
933232640
934609135
934674671
935854080
943522031
948765151
952107487
954335711
965214687
9654
966394335
979173855
981795295
981796014
984154591
990040064
990052352
990060544
990109696
