0
1
1004732895
1012007151
1015255040
1016463599
1023398784
1023413248
1027211623
1028194783
1031798784
1032189888
1039532271
1039597807
1040056679
1041106694
1048117727
1051263455
1051656671
1052842544
1053884655
105644271
1056507654
1063190767
1063256303
1063343692
1067450368
1073676767
1073742303
1073743742
1073745420
1074462720
1074530174
1074531852
1075052903
1075577791
1076717586
1076887552
1077674463
107806959
1081803111
1082029652
1082067508
1082067516
1082126079
1082130432
1082130440
1082134624
1082134632
1082134636
1082166700
1082182860
1082182872
1082235288
1082606517
1082606519
1082774932
1083554980
1084031215
1084227584
1084346683
1084817767
1088095167
1090470834
1090470838
1090519036
1090519037
1090519040
1090519042
1090757082
1090757083
1091185590
1092616551
1093271911
1094713341
1094713342
1094713343
1094713344
1094765783
1094975486
1098907647
1098907648
1098907652
1098908696
1099038720
1099038721
1101004799
1102840167
1103234067
1104937439
1105330174
1106182503
1106641135
1108607875
1112998847
1114636647
1114767719
1116145414
1123156447
11272671
1128333551
1129055167
1133379943
1135152367
1140916583
1146326357
1146441723
1146563538
1146908435
1147215055
1147223296
1147252794
1147262385
1147285793
1147289903
1147292170
1147292771
1147296652
1147297253
1147304926
1147308397
1147308404
1147316998
1147341669
1147355349
1147362672
1147369874
1147380053
1147385076
1147389463
1147389623
1147416579
1147427685
1147431532
1147444235
1147450672
1147457748
1147464944
1147468909
1147483173
1147486981
1147488541
1147488696
1147497286
1147518206
1147529059
1147537251
1147544312
1147559935
1147567725
1147568428
1147570396
1147607037
1147624285
1147626507
1147653884
1147665992
1147667796
1147669303
1147670062
1147671718
1147683213
1147689958
1147694452
1147703838
1147720754
1147722986
1147729238
1147730499
1147732207
1147788763
1147796698
1147837352
1147852964
1147854296
1147894034
1147921888
1147927265
1147948165
1147955090
1147970385
1147974732
1147979495
1147990792
1147993302
1147995068
1147997238
1148018645
1148024397
1148038617
1148056285
1148058770
1148065848
1148066651
1148082326
1148082900
1148091033
1148094228
1148112599
1148126862
1148128827
1148129421
1148129584
1148138516
1148140475
1148144799
1148146089
1148147173
1148151316
1148155026
1148157930
1148161365
1148165698
1148166877
1148169790
1148173174
1148173831
1148185440
1148187786
1148188608
1148198962
1148210351
1148214028
1148217807
1148226189
1148230491
1148235736
1148236722
1148237730
1148238748
1148238840
1148243223
1148260840
1148262525
1148264995
1148265699
1148268476
1148270264
1148270323
1148272312
1148276570
1148277618
1148277976
1148286582
1148288380
1148302871
1148310326
1148310558
1148311163
1148316206
1148318057
1148319092
1148325136
1148332548
1148358589
1148369450
1148399171
1148402522
1148480403
1148528463
1148633535
1148825300
1148947921
1149160912
1149209036
1149209637
1149213516
1149214117
1149225262
1149225268
1149226448
1149233863
1149257448
1149267590
1149298407
1149363853
1149372136
1149411979
1149438458
1149439572
1149442699
1149476429
1149498592
1149511400
1149525097
1149536156
1149552161
1149552360
1149563272
1149565447
1149582390
1149597389
1149658442
1149664996
1149667048
1149683256
1149683431
1149686985
1149696443
1149709344
1149710930
1149724391
1149733243
1149733357
1149733661
1149737626
1149740575
1149751475
1149756005
1149762805
1149777665
1149779341
1149822695
1149842312
1149894848
1149947631
1149954422
1149959216
1149986657
1150046622
1150057025
1150061561
1150100251
1150106025
1150110872
1150115408
1150153132
1150153137
1150215682
1150246168
1150251636
1150254635
1150257745
1150258560
1150283603
1150344221
1150345982
1150373040
1150391998
1150399455
1150406206
1150425692
1150430826
1150434210
1150442150
1150447339
1150530940
1150531226
1150535298
1150542126
1150546656
1150561649
1150583732
1150628222
1150708209
1150745072
1150761453
1150777304
1150777307
1150802672
1150822872
1150823699
1150830964
1150837272
1150847676
1150852212
1150888890
1150890901
1150896676
1150901523
1150906059
1150935887
1150942595
1150943783
1150943788
1150965240
1150965652
1150987366
1150997529
1150998950
1151002342
1151006333
1151021314
1151022121
1151036818
1151042286
1151045285
1151048396
1151049211
1151068763
1151103217
1151124818
1151134872
1151136634
1151161143
1151182650
1151184654
1151190106
1151196858
1151216344
1151221477
1151224861
1151232802
1151237990
1151256063
1151288581
1151300167
1151310575
1151321592
1151323337
1151325949
1151374384
1151473945
1151498860
1151512058
1151756304
1151788180
1152516575
1160118751
1170932191
1176371559
117902260
1180007
1183056231
1184104687
1184891119
1204552159
1204879599
1206845919
1244071686
1252655583
1276576463
1278149087
1282867439
1282868159
1285619712
1286013407
1293287783
1299775967
130548191
1306657247
1310458215
1313
131399680
1322647791
1324286431
133431775
1335165407
1352401795
1355284959
1361904095
1367278047
1382416623
1387069799
1391657319
1393295839
1416298975
1417413327
1421541855
1422721503
1426325743
1426588607
1428161231
1431634399
1433469407
1437270495
1442709983
1443299687
145818079
1479344607
1485635943
1485636063
1489371495
1498612071
1515651431
1533215079
1534198239
1534462601
1541603807
1548878063
1550975455
1562837471
1564148071
1576927591
1583874287
1584988639
1585119711
1588527583
1588658415
1601832410
1603798190
1603798790
1610547679
1610613215
1610614174
1610614654
1610615732
1611333632
1612710847
161284335
161415647
1614545375
1614610911
1616183535
1619395039
1621688679
1624441071
162465542
162466441
1625489887
1643053415
1644036575
1644039092
164888815
1671102943
167248351
1675493855
1677787495
1686438247
168821215
1696989663
1700724975
1710424543
1719927143
1722941799
172949743
1729889215
1729890174
1729891252
1731635570
1732706304
1736573407
17498591
1756495872
1756496471
1757348559
1767966170
1771110639
1783955695
178913519
178913759
178915078
178915977
1789526255
1789526495
1798898623
1803354591
1822490624
1828847855
1832059359
1832913245
1841926314
1843528159
1849164015
1859518703
1859977695
1868562671
1889141215
1889272707
1893663199
1902445023
1905
1928528231
1943339487
1943405023
1944388063
1950745055
1954284239
1956382470
1957822703
1957954495
1958412767
1958715584
1963655647
1968505311
1975517423
1979580895
1981612511
1983513055
1991901663
1993998815
2003435999
2005206190
2014502296
2016149983
2017263855
2022506975
2025849311
2046886127
2051146207
2055537119
2055537838
2066285503
2066286342
2066286462
2068317119
2079654367
2087846367
2089484767
2093418246
2093419145
210436575
2106393055
2112094687
2126709215
2144403815
2145779712
2145780191
2146369895
2147418591
2147549663
2147550622
2147551102
2147552180
2151940455
2155544815
2156331487
2158756559
2159804775
2162426335
2165047775
2172977631
218828300
2201485791
2208039391
2213544415
2214396383
2223374695
2229141743
2245853663
2259878247
2268988590
2268989190
2269642752
2272002287
2272068063
2277088634
2287665391
2290025167
2293432320
2293432919
2294285007
2296578527
2305688031
2307523039
2313748959
2318074215
2324365791
2324366271
2326462943
2328297472
232915423
2332426599
2340291039
2340815327
2340815807
2343961055
2351956447
2375221727
2379525915
238029449
238030348
2380464607
2392785375
2399601119
2402223878
2405499119
2408317407
2409170694
2411921887
2412249447
2416640239
2423718847
2424309510
2426077663
2450981343
2457665775
2465792239
2465792479
2468086119
2480800223
2481324511
2485911791
2504720863
2505441519
2505441759
2514748351
2516975975
2518548959
2519794623
253493248
2540372447
2542142638
25428447
2545287407
2553086431
2553151967
2559443423
2565013983
257
2583822575
2588082655
2595422447
2603877311
2616590575
2633957855
2638807519
2642544989
2673344751
2677277151
2677277870
2682716160
2682716639
2683306343
2684354560
2684355039
2684420575
2691367151
2691367871
2695496159
2695627471
2701918687
2709193423
271189166
2717057503
2717057983
2732130783
2738356703
2766012655
2770796783
2809987311
2809987551
2815229952
2826896079
2835939807
2838626783
2838692319
28418
2844262879
2850619871
2854945127
2861171167
2861171647
2861236703
2861237183
2863333855
2865168384
286786015
2869297511
2871984607
2882404591
2882404831
2886403846
2886404445
2888827119
2919237382
2925527159
2945188319
2948792799
2949120359
2949185895
29557215
2958819807
2969567591
298256134
2987786479
2990670063
2991980783
2994536687
3008430559
3019112687
3026977247
3042312671
3042313990
3043033327
3045064704
3047161856
3053453312
3058696192
3061841920
3063939072
3073507807
3076522463
3082158319
3090940863
3101429260
3101884895
3113943519
3126723039
3127051438
3127052637
3129425920
3140813759
31414
3149939461
3155558879
3161570048
3164340703
3168272863
3171342080
3171344000
3171416192
3171417088
3171454464
317456863
3184656743
3186558126
3197960551
3198081408
3201040743
3201093120
3203793135
3203793855
3204914912
3205930904
3210608879
3213623296
3214148063
3216704248
3217555935
3220177255
3221225472
3221225951
3222011904
3222601728
3227655004
3228172767
3228565500
3229679639
3229679647
3229820288
3232367071
3232432487
3235498359
3235643871
3235644351
3235840280
3235840479
3236098061
3237144051
3237998475
3237998481
3238002670
3238002687
3238002688
3238035447
3238035448
3238035449
3238035460
3240559071
3245730026
3246064335
3246431406
3246719215
3246926778
3247269768
3247361212
3248515164
3250717388
3251806938
3252733741
3252879504
3253162084
3253606384
3254587434
3254700962
3254976573
3255178358
3255653784
3255903254
3256424632
3256568032
3256722663
3257139679
3257381013
3257621398
3258098894
3258205557
3258712814
3261421609
3261912864
3262513631
3263181610
3263214039
3263228789
3263772444
3264111808
3264116272
3264146717
3264175215
3264328964
3264348519
3265048448
3265986957
3266048144
3266133085
3266153368
3266155940
3266294621
3266306546
3266383602
3266433312
3266444437
3266449375
3266526004
3266888231
3266971398
3266971697
3266985264
3266989410
3266994995
3267295846
3267361619
3267463292
3267470250
3267484096
3267535515
3267606175
3267690969
3267717246
3267771474
3267788427
3267788432
3267805198
3268108957
3268209854
3268447568
3268572296
3268832979
3269001695
3269028404
3269311176
3269789043
3269816134
3269977084
3271239685
3271887561
3271927568
3272053720
3272211730
3272250464
3272352673
3272384378
3272461248
3272881834
3273281718
3273290237
3273444080
3273450044
3273488559
3273489486
3273521446
3273528220
3273588672
3273740878
3273789401
3273855852
3273924116
3273944687
3273977574
3273986288
3274011989
3274015800
3274023177
3274031889
3274038814
3274159590
3274161886
3274174864
3274182503
3274186166
3274190972
3274190974
3274192133
3274199363
3274328130
3274331344
3274347626
3274360457
3274405762
3274552589
3274576594
3274579264
3274596935
3274653756
3274660318
3274692833
3274743774
3274774976
3274789366
3274792351
3274799852
3274813516
3274814082
3274821845
3274866428
3274874311
3274876227
3274913013
3274917202
3274957247
3274983758
3275017976
3275028770
3275034006
3275045986
3275049281
3275060405
3275062917
3275169262
3275191275
3275201872
3275218645
3275226977
3275264044
3275268954
3275281048
3275289745
3275290142
3275290565
3275293556
3275361989
3275391443
3275398215
3275536932
3275543035
3275556731
3275561976
3275609371
3275683518
3275713128
3275728199
3275752678
3275800273
3275802584
3275829533
3275830345
3275868400
3275875748
3275916600
3275924808
3275927895
3275931512
3275991920
3276024945
3276067483
3276078335
3276081540
3276116399
3276124944
3276145932
3276159373
3276172314
3276265721
3276276793
3276366238
3276368427
3276383558
3276441957
3276445763
3276485456
3276504733
3276558804
3276600908
3276602793
3276641176
3276641483
3276641812
3276656123
3276658431
3276694619
3276738762
3276739215
3276743535
3276757071
3276820791
3276945050
3277033411
3277071673
3277080340
3277094039
3277107828
3277107857
3277146156
3277157814
3277159394
3277184781
3277236211
3277267042
3277276522
3277292492
3277345239
3277359296
3277369330
3277394155
3277401602
3277429607
3277430672
3277441644
3277448466
3277464156
3277468585
3277483104
3277554549
3277557713
3277646183
3277698644
3277711972
3277749541
3277759815
3277863540
3277946078
3277951340
3277969808
3277971848
3277972375
3278021291
3278132788
3278165710
3278169402
3278180095
3278192410
3278200295
3278200296
3278213517
3278239414
3278266216
3278287897
3278347381
3278385584
3278385613
3278420291
3278424498
3278462594
3278465774
3278478896
3278488857
3278499271
3278516978
3278533443
3278542070
3278566211
3278624213
3278714284
3278716900
3278778044
3278792321
3278939459
3278939463
3279024718
3279247565
3279543972
3279702254
3279725891
3279768269
3279791429
3279811199
3279819826
3279843967
3279970192
3280000764
3280032418
3280124101
3280189349
3280622241
3280653135
3280682954
3280949921
3281292013
3281321832
3281453535
3288728031
3289252319
3292529119
3297313247
3301376479
3307667695
3320578527
3328444765
3330671551
3346661615
3351970031
3351970751
3352100864
3352297951
3355181535
3358786015
3361081094
3398894047
3400204527
3400204767
34013663
3405316575
3411280351
3411345647
3411345887
3411346367
341377024
341445257
3414556911
3414557631
3421307359
3425960415
3429268937
3434283487
3450011887
3456108294
3462398071
347013599
3480617439
3484615135
3495690719
3502048191
3503358911
3506438503
351208622
3517908142
3523871199
3534160351
3537306079
3545301471
3560243679
3561685471
3562799463
3578724831
357892575
357893894
3579183583
358679487
358680446
358682124
3590259167
3605397983
3612082655
3626893671
3633185247
3640852719
3650814431
3653566823
3663593951
3678537478
3684827375
3694920159
3696427487
3712549343
3713664474
3721135878
3721136477
372245439
3727230726
3734831463
3737552174
3737911655
3738763623
3740664287
3740926431
3750494208
3754426847
3758096863
3758098182
3758882816
3758950270
3758951348
3759341927
3759472640
3762618847
3765108975
3765109215
3773563839
3783263167
3794010591
3795911135
3798991207
3800631046
3801219431
3807838447
3812098527
3813278175
3817802377
3821994463
382534111
3833856479
3841067057
3841589727
3846506246
384828111
3860268206
3876064180
3888972015
3888972255
3891790063
3892052447
3895241729
3902997439
3919577327
3919577567
393347431
3937075679
3948151263
3948216559
3948216799
3948217279
3952083423
3958178271
3962569183
3962831327
3979084015
3979543487
3979544326
3988914655
3996192268
400360383
4011655168
4021486047
4054779054
4071031263
4074176991
40829287
4099538944
4099670375
4105175519
4109370542
4116054495
4127130079
4140696031
4141547759
4142268895
4142990031
4144496879
4158523142
4169007343
4170056159
4184343007
4186046943
4200857839
420348383
4208986761
4213310399
4215408390
4218880239
4218880479
4225500095
4231725535
4232972637
4233298399
4240769983
4245619167
4246864231
4250272103
4255187423
4269736415
4270785471
4270786430
4270786909
4275634535
4278780143
427885023
4281089606
4282450279
4283040103
428343775
4289724655
4291297759
4292608359
4293328896
4293329375
4294446604
43190921
43494
441385319
444138970
444139270
465436911
465502447
473563615
479
47907175
480575967
483197887
487457247
492110183
494010847
494012765
496717012
514392543
521074999
526385631
533135839
534118639
534446439
535166976
535167455
536805855
536871391
536872830
536873309
536874508
537659262
537660940
538181991
538706159
53936607
542048495
543818207
547160303
548143343
55116255
552272831
554369503
56099295
562823647
565577478
56885727
571736963
576455135
577765735
577962343
578027759
579274502
590807519
59459
596509631
61732
626458863
632160735
63832543
639500647
640877023
646250735
646251455
650182895
662110447
667681247
668270592
682688991
682951135
682951615
68420063
687145439
698286319
698286559
705692127
707200774
715784431
715784671
727646567
739705551
741802943
755699212
756416871
75694559
773587303
775490185
787415519
788350
789428
79495647
808060078
825033183
828703199
83427807
850198887
863437039
863438298
863438598
878316169
88344326
888472750
888473350
891290319
894763487
897581295
905969664
906428775
914358272
915406848
916324591
916324831
917176799
917504000
918552576
919601152
920256991
921698304
922746880
923271168
923795456
924844032
926416896
926941184
927269343
929038336
931135488
932184064
932708352
933232640
933756928
935329792
935854080
939524096
940179935
942276847
942473695
948765031
948765151
952500583
95289823
954403465
954664110
959643887
961741159
9654
990040064
990052352
990056448
990060544
990109696
994574815
996344167
