0
1
1003356399
1003356639
1003357059
1005912303
1012007391
1012662751
1015742943
1018560751
1020461535
1022623983
1022624223
1023398784
1023409664
1024065775
1028129247
1031798784
1031866717
1032189888
1033502959
1040646263
1046414031
1048248799
1050345831
1050411367
1052842544
1053491559
1054343527
1055850735
1064849424
1066074112
1066598879
1066599598
1067198464
1069547592
1070006751
1072628071
1073676288
1073676767
1073742063
1073742303
1073743921
1074462720
1074530174
1074531252
1074921831
1075052544
1075839095
1075839875
1075904751
1076717586
1079312623
1080688879
1082095720
1082130428
1082130432
1082130436
1082130440
1082134624
1082134630
1082606517
1082606519
1082913376
1084227584
1084817887
1085604319
1085735151
1085735391
1086980575
1090453502
1090453503
1090453505
1090453568
1090454028
1090486223
1090519018
1090757082
1090757083
1091011839
1091567616
1092616192
1094602970
1094680522
1094680838
1094713342
1094713344
1097594818
1098515151
1098592027
1098772382
1098872770
1098872771
1098874825
1098874872
1098874888
1098874931
1098874933
1098874934
1098874951
1098875142
1098921426
1098976835
1100690044
1100732476
1100988336
1100988410
1100988419
1100988547
1101003785
1101102584
1102184447
1103085594
1103085699
1104150767
1105182720
1105182727
1105199102
1105199103
1105199104
1105216968
1105225318
1106117087
1106379231
1106379711
1107296254
1107296256
11076063
1109590495
1111097943
1111661664
1114571111
1115897426
1115920287
1116208778
1116294702
1116294703
1116759337
1116799335
1117081137
1117299862
1117343280
1117370513
1117481588
1117867567
1117873299
1117974192
1117998639
1118190246
1118211902
1118336637
1118391856
1118597325
1118916144
1119075514
1119440431
1119741416
1119937292
1119964720
1120357934
11207375
1120751151
1120882223
1121144368
1121452511
1121526794
1121537582
1121799727
1121982361
1122192945
1122232531
1122360926
1122546309
1122586161
1122630730
1122708195
1122848304
1122912562
1122975970
1123050955
1123129714
1123241520
112329063
1123372591
1123503248
1123503665
1123634735
1123970935
1124101290
1124312647
1124378392
1124430589
1124584424
1124590386
1124628911
1124629844
1124661798
1124668586
1124729040
1124771608
1124827692
1124881226
1124914899
1124929744
1124951139
1125064486
1125070846
1125085036
1125099288
1125117923
1125126658
1125152359
1125156170
1125172237
1125179160
1125230359
1125237854
1125272548
1125295896
1125299948
1125322849
1125331323
1125331326
1125339711
1125361232
1125458322
1125480172
1125542658
1125544063
1125546130
1125554698
1125689113
1125692959
1125725088
1125749612
1125756063
1125765948
1125794126
1125950410
1125951256
1125956141
1125966020
1126006783
1126016792
1126043999
1126103586
1126106660
1126109280
1126217879
1126227713
1126246081
1126322046
1126331631
1126342227
1126365574
1126367346
1126391472
1126401591
1126404400
1126410008
1126421416
1126430098
1126433913
1126446088
1126538469
1126610522
1126683405
1126777796
1126783809
1126789490
1126792781
1126794622
1126796117
1126796351
1126796947
1126803016
1126806090
1126820988
1126823872
1126832732
1126833127
1126864786
1126867328
1126875547
1126896154
1126896539
1126902894
1126904932
1126909345
1126911676
1126912419
1126913194
1126920519
1126922504
1126934296
1126935144
1126942954
1126970701
1126990320
1127008062
1127008770
1127056953
1127065368
1127071867
1127130511
1127130700
1127191525
1127207854
1127221910
11272431
1127256770
1127276073
1127327513
1127359298
1127387892
1127395589
1127416688
1127417162
1127433712
1127455708
1127458584
1127463458
1127463462
1127470973
1127508797
1127523904
1127523918
1127523920
1127524121
1127586118
1127645087
1127655192
1127679796
1127689016
1127699158
1127705105
1127720728
1127721153
1127727392
1127751290
1127758424
1127786054
1127786063
1127786264
1127790074
1127802175
1127826365
1127834987
1127840976
1127883903
1127937387
1127945426
1127951143
1127961160
1127966281
1127966382
1127972972
1127982656
1127982872
1127985705
1128008364
1128019793
1128029305
1128048196
1128061450
1128096066
1128105569
1128112927
1128113120
1128114783
1128128153
1128128193
1128137648
1128143900
1128144790
1128166193
1128166900
1128220695
1128228069
1128244815
1128245016
1128248198
1128248227
1128271884
1128286519
1128310552
1128333412
1128370106
1128370109
1128392619
1128395214
1128409278
1128411296
1128416360
1128416908
1128419322
1128419491
1128441594
1128481110
1128485603
1128499666
1128506963
1128507160
1128534519
1128554216
1128555067
1128615839
1128628548
1128638232
1128694240
1128694903
1128707800
1128708239
1128719114
1128786553
1128794928
1128852010
1128858079
1128872438
1128884835
1128916183
1128919043
1128940172
1128955226
1128964730
1128965061
1128971577
1128980460
1129023231
1129084807
1129110178
1129112736
1129161652
1129228056
1129251055
1129271506
1129279109
1129293592
1129323594
1129392486
1129406584
1129424664
1129431830
1129525946
1129525977
1129555736
1129564869
1129592352
1129621070
1129633855
1129646848
1129656862
1129670960
1129673813
1129682440
1129706581
1129752127
1129857268
1129867402
1129918414
1129922220
1129926589
1130039086
1130065427
1130152752
1130165089
1130178281
1130308641
1130349704
1130376767
1130387921
1130407494
1130440304
1130481808
1130538571
1130575008
1130604312
1130645077
1130684325
1130842614
1130933878
1130951559
1130960186
1130984327
1130997528
1131063064
1131135011
1131150619
1131185483
1131196160
1131210931
1131259672
1131303612
1131319141
1131442829
1131456280
1131506679
1131510580
1131521601
1131572958
1132045895
1132176969
1132308248
1132379765
1132439108
1132439320
1132481496
1132511315
1132515427
1132581772
1132647308
1132712844
1132909452
1133007756
1133040524
1133120365
1133150185
1133237132
1133545197
1133672706
1134482316
1135152367
1137115255
1137574367
1139737055
1140589023
1149436383
1154154975
1157169631
1160118511
1162086150
1166475743
1172046303
1180565743
1191644084
1198
1204551680
120717551
1207632351
122093568
1222771167
1231095258
1232077279
1237975159
1241055471
1252655583
125960671
1263731167
1263796463
1263796703
1263797183
1264189679
1273823711
1275725574
1275726173
1278411231
1285357687
1306657247
130809856
1308559110
1311772172
1313
1314848887
1327235072
1335363334
1337065951
1348141535
1358889319
1370358958
1377108207
1386611167
1389756895
1397752287
1408434415
1415118848
1415250279
1420755423
142475983
1424950446
1430913503
1431634399
1432355055
1438
1442709983
1455096107
1456275935
1457848799
1458569935
145883136
145883735
146735823
14877151
1498
150143215
1501626847
1503265247
1510408431
1515127023
1515127263
1516044767
1516373166
1516374365
1530988294
1543766255
1543766495
1547305439
1548878303
1553795121
1557463279
1557594591
1561199071
1565852007
1569522143
1575223775
1587282279
1590362471
1591214439
1602945024
1606877663
1608188263
1608908800
1608909279
1610547679
1610613215
1611333632
1611401086
1611402164
1611792743
1611923456
1628111327
1629880799
1646461407
1651442023
1653670247
1656358662
1656358961
1659634563
166199775
1664549343
1665728991
1674445279
1681850847
1686307295
168755439
168755679
1693647207
1694040543
1698957062
170525031
1705902559
1717766493
1728514996
1731635570
173342959
1741619679
1742012416
1744503263
1746863278
1746863878
17498591
1750729183
1756430815
1760887263
1762132447
176816607
176817087
1770586591
1779433951
178913759
1789526255
1789526495
1798177247
1800602079
1800667375
1800667615
1800668095
1804534239
180748288
1810629087
1815282143
1829441036
1833304303
1841926314
1843528159
1848643084
184877415
1864105984
1865287430
1873936863
1881801902
1882325471
1888485615
1888485855
1900783
1905
1907229870
1913192927
1918
1923482079
1926627807
19267823
192741855
1928855791
1928856031
1929707759
1931084015
1951989760
1952057993
1952121191
1957626335
1958715584
1961821358
1968505311
1977155823
1977156063
1979580895
1987117295
1987706999
1987707119
1993146847
1994719711
1995440847
1996161263
1996161503
1996226799
2014502296
2019754223
2022506975
2038497759
2067859206
2072969335
2078343407
2081751519
2084176351
2085749215
2098069983
2098111
2098331887
2101871071
2102722919
2102986202
2104164591
2110457606
2110458205
2111637254
2112096006
2127299039
2128085351
2128150647
2129658095
213254383
213254623
2135556335
2143748575
2144862687
2145059175
2145779712
2145780191
2147418351
2147418591
2147551102
2147552780
2148337534
2148338612
2148339212
2148729191
2148860263
2157838575
2165047775
2176386822
2182415235
2185298399
2188378471
2188444007
2188640615
2189952774
2201157871
2202665439
2207711711
2211381727
2214986207
222300509
2223243743
2223374815
2223571423
2227634655
2230454321
2230976991
2235893510
2242839007
2246836703
2250178919
226034143
2265451444
2273771699
227672543
2277088634
2278359279
2278359519
2278948864
2280980959
2287339270
2291269811
2293367263
2296512751
229769455
2303262839
2306343391
2315583967
2316370399
2317879046
2325152223
2326462943
232915423
2336227567
2345533679
2345533919
2347565535
234817286
2350383823
2360082911
2366377484
2367095143
2379525915
2380333295
2380464607
2384265575
2385579532
2396717535
2398093791
2401042432
241107063
2412904687
2418738350
2432172271
2435711455
2460877159
2472083695
24773327
2482504579
2485322207
2488926208
2488994441
2494562783
2498757806
2501968591
2505441759
2517107047
2530083295
2532377295
2546794975
2553151967
2558394607
2559443303
2559443423
2563178855
257
2572419431
2575434207
257949935
2607022439
260768223
2608267503
2608267743
2611937519
2611937759
2614886879
2615411167
2621112799
2621178335
2622554471
2622554711
2622685423
2630157247
2635006431
2637955431
2639659367
264372703
264437999
264700263
264765799
2649687214
2650734951
2658795999
2662334943
2667184607
2680685023
2681078958
2681995623
2682716160
2682716639
2684355039
2684420575
2684422014
2684423692
2685140992
2685208446
2685210124
2685731175
2688418271
2688877023
2694709487
2695496039
2701918687
2703950303
2713780703
2716860775
2719286147
2725314919
2725511527
2726823686
2740519391
274399711
2751594855
2752840159
2754675167
2770797023
2779709919
2780497670
278528479
2787049831
2793537775
2793538015
2793734503
2794981126
2801467631
2801467871
2804810627
2815230431
2815819776
2830238175
28418
285147495
2853241311
2854749958
2863333615
2863333855
2863335174
2863336073
2882472285
2887254735
2894856671
2896297984
2903248396
2903966055
2921136487
2933326063
2934964703
293536223
2940469487
2940469727
2955609262
2963080067
2964979831
2972582367
2973171951
2973172191
2973172611
2976252383
2996
2997748071
3001876959
3002204399
3002335591
3006398703
3023372767
3025865353
3028091599
3032220127
3032613343
3038839503
3041853919
3042312671
3045064704
3047161856
3047489775
3053388255
3053453312
3053977959
3058696192
3061841920
3076391391
3090022879
3096314215
3096314335
3100049767
310116591
3109290343
3110601183
3123577071
3128559066
3128559366
3132096751
3134914560
3137282048
31414
3143893351
3144745199
3144745439
3149939461
3152282079
3159230813
3159556335
3161570048
3161653727
3164996063
316604655
3171363584
3174826343
3175743967
3175809143
3178430943
3178432861
3178563334
3178563633
3181445599
3187605863
3195666911
3195994591
3199205855
3201093120
3204914912
3205930904
3207399174
3209146368
3209625839
3216704248
3221225951
3221291487
3221292446
3221292926
3221294004
3221294604
3222011904
3222079358
3222081036
3222602087
3225289183
3228238063
3228238303
3228565500
3229618354
3229681550
3229682065
3229820288
3230073311
3231580399
3232366951
3235498359
3235840280
3236168159
3237998475
3238002688
3238035447
3238035448
3238035449
324010463
3242328543
3243180091
3243901167
3246915823
3247243743
3250848223
3252486623
3253731687
3256157059
3262185831
3262382439
3263694598
3266052335
3270967535
3281781215
3288465767
3289055471
3289055711
3291557521
3291573905
3291606672
3291606673
3291672209
3291893207
3291983505
3292008573
3292081808
3292114576
3292130388
3292196497
3292229265
3292278416
3292294801
3292327569
3292360337
3292475024
3292475285
3292540560
3292688016
3292763575
3292768402
3292780012
3292788775
3292802057
3292830841
3292851857
3292859020
3292859621
3292863501
3292863815
3292864102
3292875247
3292875254
3292880414
3292883848
3292889966
3292897380
3292906055
3292906695
3292912916
3292914464
3292915317
3292915346
3292916034
3292916654
3292919825
3292919895
3292920765
3292921026
3292922957
3292949079
3292950302
3292977417
3293005072
3293014478
3293017379
3293020351
3293032081
3293048465
3293090686
3293100844
3293112379
3293118147
3293121749
3293122955
3293126635
3293130385
3293131136
3293132147
3293138384
3293143841
3293149568
3293150395
3293150553
3293151438
3293153324
3293153671
3293156744
3293157799
3293160904
3293162276
3293168447
3293173393
3293176325
3293179536
3293182471
3293183862
3293183990
3293198077
3293219825
3293234646
3293260719
3293261456
3293261457
3293282520
3293287548
3293287604
3293289836
3293296088
3293308102
3293352765
3293358620
3293360744
3293363547
3293380257
3293381557
3293392529
3293395601
3293425165
3293425297
3293432689
3293458669
3293460884
3293465741
3293515014
3293535512
3293536336
3293537192
3293537234
3293541582
3293556369
3293589138
3293605467
3293607205
3293617525
3293617956
3293622291
3293638529
3293645140
3293658055
3293665019
3293684265
3293690069
3293737998
3293740681
3293748489
3293748882
3293749102
3293750954
3293752977
3293762892
3293766184
3293766624
3293772723
3293775720
3293777201
3293781651
3293784657
3293803572
3293810070
3293817682
3293829375
3293832549
3293854663
3293867665
3293877175
3293877407
3293878012
3293883453
3293884675
3293885805
3293885941
3293900433
3293925436
3293936300
3293966020
3293969370
3294006865
3294015121
3294031505
3294047251
3294047888
3294095313
3294113425
3294129809
3294178961
3294200385
3294211729
3294293649
3294326417
3294375569
3294392147
3294432847
3294432848
3294441105
3294490257
3294514768
3294514769
3294539409
3294588561
3294604945
3294613072
3294621329
3294637713
3294638337
3294645841
3294654097
3294672143
3294688637
3294719633
3294768785
3294775883
3294776484
3294780364
3294780965
3294785169
3294792111
3294792117
3294800711
3294804183
3294817936
3294886866
3294957138
3294957637
3294962380
3294978313
3294997456
3294998161
3295008141
3295030929
3295151510
3295202895
3295204468
3295206700
3295212952
3295216181
3295247950
3295280411
3295281817
3295293073
3295293235
3295342455
3295350851
3295350852
3295377745
3295391377
3295431875
3295432270
3295454095
3295458446
3295492331
3295495333
3295522328
3295529823
3295530578
3295546961
3295568856
3295578165
3295579726
3295596114
3295657544
3295676483
3295694064
3295701519
3295720436
3295727182
3295743771
3295746236
3295749411
3295794038
3295794270
3295794875
3295802804
3295808700
3295830502
3295839562
3295853162
3295882885
3295886233
3295907408
3295978747
3295981645
3296012178
3296044823
3296049204
3296117250
3296199642
3296236394
3296251472
3296284240
3296300865
3296398928
3296420796
3296441602
3296450675
3296477688
3296528053
3296539599
3296549295
3296558368
3296633815
3296633825
3296698452
3296740930
3296741380
3296771415
3296776883
3296779882
3296782992
3296783807
3296825561
3296837814
3296849398
3296869468
3296871230
3296917245
3296931454
3296931760
3296936289
3296950940
3296956074
3296959457
3296967398
3296972587
3296997906
3297008775
3297047657
3297056188
3297060545
3297081103
3297088571
3297108980
3297116519
3297153668
3297212561
3297213609
3297213610
3297214669
3297220128
3297232630
3297233457
3297233495
3297240284
3297244395
3297246170
3297249090
3297263807
3297269871
3297297300
3297301223
3297301411
3297306226
3297306972
3297326201
3297429826
3297437563
3297439434
3297441258
3297441259
3297443398
3297490900
3297501535
3297522777
3297570557
3297615077
3297641594
3297663238
3297683214
3297713100
3297729393
3297732750
3297737189
3297752046
3297758352
3297782834
3297789776
3297794192
3297827974
3297862384
3297880415
3297881844
3298068722
3298363441
3300786655
3307667935
3323920743
3329622255
3329622495
3330605415
3332243695
3332243935
3333620071
333775327
33423839
33426356
3343384576
3351839199
3352101343
3367174144
3367174743
3368026831
3373531435
3376676983
3391620870
3399155951
3400204527
3400204767
3402105311
3414032863
3421634799
3424125647
3426223039
3427074287
3429268937
3433168896
3434349023
3440836967
3443786207
3446800623
3454206431
3458007399
3470196975
3471835615
3479240943
3482714591
3499819487
3499950979
3508077023
3509453279
3513911046
3534618983
3539206503
3547857135
3547858394
3547858694
3555066335
3564962511
3569091039
3572892846
3572893446
3575710415
357892575
3579183583
3590259167
3590848871
3592290783
3600744687
3600744927
3614114271
3615884462
3617718511
3617718751
3617718871
3624600031
3626893791
3633185127
3633185247
3636920679
3646161255
364904687
3657564399
3661824479
3678994911
3680764263
3689152991
3689742815
3696427247
3698524639
3700359647
370999775
3711697255
3724476775
3732537823
3736076767
3736338671
3736338911
3737552174
3746693599
3756457984
3756458463
3757048167
3758096863
3758162399
3758163358
3758163838
3758164916
3758882816
3759145859
3762160095
3766944223
3769237863
3769369295
3769434591
3773039071
3775660511
3790602599
3796631791
3796632031
3797746143
3806855647
3818652127
3825336679
3833987431
3839754479
3844538847
3852140783
3852141023
3867476327
3869311215
3870490983
3871605215
3880255488
3895241729
3900637903
3904045056
3904045655
3904897743
3908436447
3924361695
392823263
3928686951
3934978527
3934979007
3937075679
3938910208
3943039335
394593454
3950903775
395445123
3957064159
3970039808
3970433503
397738223
3979608543
3991077343
4007067887
401408239
4016111855
4018930143
4019912943
4022534623
4022862183
4036690399
4036821891
4049994207
405602783
406651119
406651359
4068278511
4076077415
4078174447
4078174687
4078176905
4081516783
4081518342
4091937247
4101833423
4102226399
4105961951
4107141599
4115988719
4115988959
4116054495
4127130079
4129161695
4131062239
4133290223
4138467807
4148560351
4150985183
415236575
4152755374
4155900143
4163699167
4163764703
417464799
4175626719
4175955118
4190109935
4194435311
4198695391
4235395551
4235594077
4239393007
4239393247
4253943558
4266066159
4268294383
4269670639
4272554463
4277207279
4277207519
4281089606
4286252506
4287889887
4288218286
4288218886
4292609798
4293328896
4293329375
4293919079
429523423
43494
436273391
440533471
442302943
444924383
444925102
460456415
469041631
47710687
479
482805510
482806409
496717012
504235782
513540455
514392543
516096479
516620647
521074999
529203200
529727967
533135839
533201015
533201375
535166976
535167455
535757159
536805376
536805855
536871391
537591808
538181632
547946975
548078287
554369503
558825711
561250423
561644239
572719583
579928423
584581599
588644831
590873055
59459
60490207
61732
618463471
623247599
635371759
635371999
635700998
64881119
658310318
658310918
661324015
661389791
667680768
670367983
670368223
670761439
679346895
6947295
695009759
703070687
707395943
713687519
713687999
715784671
717619200
721748327
726860255
726925551
726925791
726926271
734724335
741540319
75825511
764543455
769786335
771688198
777977975
782107103
78774751
797639135
800195039
801243615
801571175
811270623
81592559
819921375
822018407
833488046
84017391
84017631
840303071
846987503
849740255
852885983
854786527
856424927
860881375
86245615
86376687
869597663
869663199
8782303
878379367
882640646
889913823
894763487
894764806
894765405
897581056
900399583
901186435
905839071
905969664
910163968
914358272
918159839
918552576
920977887
922746880
923271168
924844032
925958623
927924463
931135488
93257967
93258207
933232640
934609135
935329792
935854080
948765151
954335711
957481199
957481439
9654
966394335
971309955
97190367
979173855
985464951
987693295
990052352
990057088
990060544
994117382
99811807
