0
1
1004732895
1012007151
1023398784
1027211623
1031798784
1032189888
1035928031
1036715782
1036716381
1037959407
1037959647
1040056679
1048117727
1051656671
1052842544
1053229535
1064849424
1067198464
1073676767
1073742303
1073743742
1073745420
1074462720
1074530174
1074531852
1075052903
1077674463
1081528266
1082130438
1082130440
1082134624
1082181555
1082515096
1082606517
1082606519
1084031215
1084817767
1085430567
1090757082
1090757083
1091011839
1098868639
1098868641
1098907647
1106182503
1108607875
1114636647
1114767719
1116145414
1127678431
1135152367
1138762276
1139026857
1139149879
1139224600
1139389516
1139463452
1139493270
1139576970
1139591596
1139596628
1139676811
1139718583
1139756339
1139806500
1139843677
1139885479
1139889668
1139889670
1139893909
1139965754
1139969215
1139974704
1139996371
1140012814
1140035696
1140090463
1140102322
1140114718
1140132140
1140191503
1140224431
1140240874
1140260142
1140263120
1140340036
1140391207
1140394783
1140448482
1140479115
1140572025
1140575849
1140576904
1140589024
1140617521
1140617522
1140624466
1140631374
1140661179
1140663700
1140669660
1140751332
1140754534
1140784513
1140788491
1140792971
1140808823
1140815088
1140864090
1140870559
1140876595
1140878751
1140905987
1140916583
1140936031
1140945560
1140946028
1140965613
1140965768
1141004197
1141010670
1141019660
1141024897
1141038167
1141049575
1141055953
1141067826
1141068322
1141075370
1141095886
1141105173
1141137036
1141152322
1141162222
1141189994
1141196030
1141198186
1141218078
1141225423
1141226146
1141235147
1141235154
1141249653
1141264994
1141282286
1141309384
1141323371
1141326227
1141330117
1141338456
1141339095
1141342444
1141358831
1141369158
1141387297
1141401743
1141402657
1141407529
1141417335
1141420001
1141431588
1141439200
1141442914
1141447050
1141459661
1141483010
1141489366
1141489900
1141491723
1141495239
1141497631
1141499729
1141501849
1141506488
1141508625
1141522510
1141530094
1141531340
1141537770
1141539500
1141545011
1141553079
1141554581
1141554588
1141561301
1141561466
1141598906
1141600124
1141608317
1141611189
1141612253
1141626351
1141637065
1141639805
1141645661
1141657890
1141659617
1141667109
1141667726
1141670126
1141675331
1141684963
1141686454
1141691850
1141703786
1141705367
1141706644
1141724913
1141727042
1141739436
1141741465
1141744363
1141762349
1141802446
1141808140
1141811158
1141814675
1141848672
1141864445
1141873963
1141877652
1141880901
1141900818
1141910671
1141932161
1141933653
1141945785
1141951380
1141959306
1141981373
1141984728
1141986098
1141993505
1142002544
1142008161
1142009115
1142011284
1142014188
1142015538
1142024355
1142024356
1142024802
1142031082
1142043165
1142075579
1142114944
1142168107
1142178028
1142193398
1142230105
1142259418
1142259877
1142291653
1142317886
1142327595
1142328549
1142334946
1142334973
1142350518
1142355697
1142374638
1142399822
1142434378
1142438935
1142449492
1142459177
1142480081
1142498708
1142499810
1142513570
1142531294
1142546886
1142557308
1142576600
1142589210
1142592952
1142611087
1142619103
1142638175
1142652060
1142660891
1142728454
1142768926
1142778613
1142797276
1142827639
1142833335
1142836194
1142918569
1142966659
1142989832
1143996895
1144204376
1144520746
1144542548
1144551607
1144688306
1144756293
1144756294
1144785047
1144803287
1144876012
1144934420
1144948437
1144974505
1145012908
1145082936
1145083693
1145083694
1145116257
1145132840
1145153645
1145156048
1145162718
1145235413
1145240095
1145251642
1145261338
1145270411
1145345859
1145345869
1145349226
1145352770
1145371254
1145395714
1145417408
1145427205
1145427590
1145428085
1145448287
1145470954
1145531927
1145533626
1145542863
1145548862
1145551314
1145555083
1145556712
1145568610
1145570437
1145574846
1145616319
1145659099
1145701968
1145728032
1145731556
1145736180
1145785676
1145789603
1145823590
1145852006
1145860600
1145890979
1145901244
1145908008
1145923894
1145934269
1146041049
1146100057
1146101472
1146102045
1146110188
1146116327
1146121813
1146123847
1146132906
1146166014
1146207056
1146365550
1146411892
1146416424
1146423478
1146446648
1146456010
1146502823
1146504575
1146529737
1146565449
1146594207
1146605866
1146643595
1146679604
1146681588
1146714139
1146717255
1146734945
1146736277
1146744018
1146775753
1146819913
1146821394
1146832942
1146842637
1146851710
1146927158
1146927168
1146957648
1146970893
1147034648
1147052254
1147113226
1147117318
1147124162
1147130161
1147136382
1147138012
1147278656
1147309331
1147312856
1147404889
1147433305
1147447264
1147447410
1147472278
1147482543
1147485730
1147489307
1147505194
1147515568
1147553805
1147553916
1147591716
1147611731
1147616754
1147641179
1147663424
1147682771
1147691487
1147709434
1147720337
1147732605
1147752025
1147778791
1147788355
1147860044
1147900606
1147968605
1148037310
1148219184
1148245501
1148552192
1148615947
1148629237
1148629838
1148633717
1148634318
1148645465
1148645471
1148654065
1148844785
1149004862
1149057820
1149060052
1149066304
1149133763
1149231098
1149262262
1149273371
1149275547
1149307488
1149375096
1149393356
1149397083
1149406542
1149409792
1149419443
1149421029
1149443343
1149443458
1149443761
1149447726
1149467475
1149472905
1149487766
1149489440
1149528381
1149552412
1149604948
1149700829
1149712988
1149729372
1149892697
1149892998
1149893211
1149894937
1149895238
1149900811
1149900814
1149905112
1149934171
1150016090
1150036726
1150038618
1150056030
1150080511
1150098011
1150106990
1150108104
1150111231
1150112217
1150144960
1150193628
1150220692
1150231801
1150233978
1150261850
1150265919
1150283111
1150333528
1150351787
1150355515
1150364710
1150364973
1150373468
1150377873
1150379460
1150401773
1150401889
1150402191
1150406156
1150431336
1150446196
1150447870
1150457726
1150481168
1150481656
1150483033
1150510844
1150563379
1150564954
1150597721
1160118751
1176371559
117902260
1180007
1183056231
1204552159
1205010911
1219822047
1219822527
1244071686
1252655583
1271794013
1273758175
1276576463
1285619712
1286734303
1293287783
1295188447
1310458215
1313
131399680
1322647791
1324286431
1331627782
1336213743
1352401795
1355549021
1355549321
1361904095
1365574111
1387069799
1391657319
1417413327
1421541855
1428161231
1431634399
1438974431
1442709983
1443299687
1446642143
1457127903
145818079
1474103046
1479344607
1484587247
1485635943
1489371495
1498612071
1533215079
154140911
1541603807
1548878063
1550975455
1556349887
1564148071
1574830319
1576927591
1584988639
1588527583
1610547679
1610613215
1610614174
1610614534
1610614654
1610615732
1611333632
1614610911
1617887471
1617887711
1619395039
1621688679
1625489887
1629946095
1643053415
1660027359
1665926079
1666712031
1671102943
1677787495
1686438247
1687685169
168821215
1696989663
1719927143
1721565423
1721565663
1722941799
1731635570
1732706304
1743716831
17498591
1750925791
1756495872
1756496471
1757348559
178913759
1789526255
1789526495
1789527814
1789528713
1796866527
1803354591
1815019999
1822490624
1841365471
1841926314
1843528159
1845166559
1855324639
1859518703
1868562671
1879508742
1889141215
1889272707
1905
1908870068
1928528231
1944388063
1954284239
1958412767
1958715584
1963196655
196411871
1968505071
1968505311
1968505551
1979580895
1981612511
2003435999
2005206190
2014502296
2016215519
201983750
201984349
2022506975
2027620222
204407263
2046886127
2051146207
2054751706
2054752006
2061437577
2083850889
2087846367
2106327519
2113994991
2118649606
2145779712
2145780191
2146369895
2147418591
2147549663
2147550622
2147551102
2147552180
2154824159
2156331487
2158756559
2162426335
2165047775
2165899503
2173501919
2181562847
218828300
2196242911
2207646055
2208039391
2208367071
2208367311
222036447
2223374695
222626511
2229141743
224002407
2240546566
224723423
2259878247
2266827700
2269642752
2277088634
2290025167
2293432320
2293432919
2294285007
2313748959
2314797535
2318074215
2324365791
2324366271
2326462943
2328297472
2332426599
2333802975
2336948703
2340291039
2352481215
2367947471
2379525915
238030348
2380464607
2405499119
2408317407
2411921887
2412314983
2424309510
2426077663
2457665775
2474115311
2474116570
2474116870
2481324511
2487681503
2493907183
2493907423
2494759151
2505179615
2505180095
2505441759
2510094815
2510095295
2512781791
2518548959
2530935263
253493248
2536636895
2540372447
2542142638
2545287407
2546925807
2546926047
2546926287
2547910406
2548957543
2553151967
2559443423
2561148678
2565013983
257
2575892959
2583625967
2583822575
2588082655
2603222790
2624981341
2628780271
2628780511
2643330822
2653489022
2671313135
2677277151
2681931526
2682716160
2682716639
2683306343
2684354560
2684355039
2684420575
2684422493
26871558
2695496159
2695627471
2701918687
2709193423
2709848543
271189166
2727870823
2732130783
2738356703
2766012655
2770796783
2787246559
2788426207
2795569391
2815229952
281807497
2826896079
28418
2850619871
2851865055
2854945127
2861236703
2861237183
2863333855
2865168384
2869297511
2870673647
2888827359
2905802502
2905802622
2912092639
2917335519
291832287
2919237382
2925527159
2945188319
2948792799
2949185895
2958819807
2958885343
2969567591
2970681703
2994536687
3008430559
3011249926
3013869627
3024159199
3024159679
3030778095
3030778575
3042312671
3045064704
3047161856
3049652703
3053453312
3058696192
3075473887
3075474367
3082223855
3096314335
3101884895
3102998887
3113943519
3118530799
3126723039
31414
3149939461
3161570048
3170828767
3171573248
3193438687
3197960551
3201040743
3201093120
3204914912
3205930904
3209146368
3213623296
3214148063
3216704248
3217555935
3220177255
3221291008
3221291487
3222011904
3222601728
3223389119
3228565500
3229679647
3229820288
3232367071
3235498359
3235840280
3237998475
3237998481
3238002687
3238002688
3238035447
3238035448
3238035449
3238035460
3246064335
3257139679
32637407
32637887
3264348519
3269001695
3275227615
3307667695
3314288390
3322413115
3352100864
3355181535
3364487407
3383756670
3383757449
3394633967
3400204767
3400271622
3407544559
3407544799
3411280351
3411345647
3411345887
3411346367
341377024
341445257
3415212511
3425698031
3425960415
3429268937
3456108294
3462398071
347013599
3484680671
3495690719
3506438503
351208622
3517908142
3534160351
3537306079
3545301471
3562799463
3563848159
357892335
357892575
3579183583
358613231
3586195695
3586523375
3586523615
3590259167
3605397983
3613393375
3650814431
3663593951
3674669535
3678537478
3690332639
3696427487
3704096518
3704097417
3716546799
3718185439
3722379743
3734831463
3737387487
3737552174
3737911655
3738763623
3747479791
3749773791
3750494208
3754426847
3758096863
3758162159
3758162399
3758164017
3758882816
3758950270
3758951348
3759341927
3759472640
3775332831
3783590127
3794010591
3798991207
3799384543
3801219431
3802202591
3813278175
3821994463
382534111
3826123231
3833856479
383385839
3841589727
3844540166
3846506246
384828111
385548527
385548767
3876064180
3891593695
3892052447
3895241729
3916300767
3937075439
3937075679
3948151263
3948216559
3948216799
3948217279
3962831327
3980788191
3980788431
3991077343
3996192268
400361222
4007526879
4011655168
401539311
4021486047
4026269935
4033348063
4054779054
4071031263
4074176991
4080271839
40829287
4098885382
4099538944
4099670375
4105175519
4109370542
4116054255
4116054495
4116054735
4116513007
411894239
4127130079
4140696031
4142268895
4142990031
4186046943
4215408390
4227203311
4231725535
4233298399
4245619167
4250272103
4254532063
4255187423
4275372271
4275634535
427885023
4281089606
4291297759
4292608359
4293328896
4293329375
43494
473563615
479
48038367
487457247
491323871
492110183
496370143
496717012
497025503
501024518
501483270
512624989
521074999
531562735
533135839
534446439
535166976
535167455
536805855
536872830
536874508
537659262
537660940
538181991
53936607
547160303
55116255
554369503
556204271
562299359
568066527
571736963
577110495
577110735
577765735
577962343
579274502
580061833
582616838
582617137
590807519
59459
61732
632160735
63832543
639500647
6424326
656148230
667681247
668270592
680067311
680067551
682688991
690028783
6947055
705692127
707200774
708968927
708969167
715784431
715784671
71631327
723124463
734724455
736887263
739705551
755699212
756416871
75694559
769786335
773587303
786039263
787415519
788350
789428
798294495
808060078
813434630
825033183
83427807
835127046
850198887
877594374
878316169
879428063
88212654
882835935
883228911
883229151
883229391
88344326
891290319
894763487
894764806
895553036
897581056
905969664
906428775
914358272
916455424
917504000
919601152
923271168
923795456
924844032
925892608
926941184
930856960
931659776
932708352
933232640
935329792
935854080
942473695
948765031
952500583
95289823
961741159
9654
987695753
990040064
990052352
990056448
990060544
990109696
996344167
