0
1
1004732895
1012007151
1014104543
1014303069
1018101999
1018102239
1023384064
1023398784
102629735
1027277159
10289391
1031014150
1031014449
1031798784
1032189888
1032585695
1032652550
1040056679
1040253167
1044907782
1048117727
1050210944
1051656671
1052842544
1063343692
1063545840
1064849424
1067198464
1070730448
1071318790
1071513959
1072037888
1072038367
1072628071
1073358368
1073676767
1073742303
1073743262
1073743742
1073744820
1073745420
1074079008
1074462720
1074513592
1074530174
1074531852
1075052903
1076558448
1076618320
1076717586
1077739999
1077853424
1077970903
1079084323
1079465652
1081016559
1081016799
1082130432
1082130440
1082134624
1082524127
1082606517
1082606519
1082868268
1082868270
1082868272
1084031215
1084817767
1084949199
1085720687
1088421887
1088618975
1090757082
1090757083
1091011839
1091240415
1093075183
109314407
1094502132
1094779359
1098866126
1099694559
1099774141
1100113109
1100117779
1100145749
1100214452
1100460809
1100760715
1101014348
1101614061
1102754676
1104735104
1106182503
11075943
1108607875
1108780465
1108986176
110952687
110952927
1110235351
1110497589
1111004792
1111375558
1111829386
1112785760
1113307138
1113556614
1113744655
1114032030
1114233814
1114451244
1114636647
1114767719
1115017234
1115082855
1115239387
1115380681
1116073300
1116125312
1116145414
1116623860
1116912344
1116935209
1117978947
1134232031
1135152367
1140916583
1143996895
1149567335
1150315378
1150373062
1150433966
1150606414
1150760262
1150760263
1150783907
1150798283
1150798584
1150800524
1150800825
1150806396
1150806400
1150809781
1150810697
1150815206
1150815741
1150829874
1150849696
1150859920
1150930009
1150986098
1151012577
1151013691
1151016818
1151050548
1151077438
1151078677
1151084942
1151099214
1151126279
1151137389
1151139565
1151139990
1151156506
1151170795
1151171506
1151185119
1151185120
1151211767
1151215631
1151216992
1151217855
1151221271
1151227976
1151231161
1151231162
1151233325
1151239115
1151257373
1151261103
1151268652
1151270559
1151283460
1151284300
1151284301
1151284529
1151285048
1151287361
1151288355
1151293586
1151301086
1151307360
1151307475
1151307779
1151311744
1151314692
1151325592
1151330123
1151336922
1151351784
1151353458
1151416432
1151446446
1151468967
1151475411
1151486996
1151515082
1151515959
1151528538
1151530556
1151560773
1151566605
1151603474
1151604466
1151620738
1151622300
1151623756
1151631142
1151635678
1151644299
1151674367
1151676262
1151680141
1151683942
1151684989
1151689525
1151727249
1151727254
1151742496
1151750867
1151758322
1151789798
1151802516
1151812422
1151820284
1151825752
1151828750
1151831861
1151832676
1151886685
1151903000
1151918337
1151920100
1151933024
1151966115
1151979367
1151980323
1151980628
1151983887
1151997125
1151999809
1152004197
1152004943
1152008326
1152016267
1152021456
1152032261
1152040576
1152042848
1152046774
1152050300
1152052419
1152059530
1152069538
1152072050
1152081133
1152084262
1152088778
1152105057
1152107612
1152109414
1152110629
1152111708
1152118389
1152118390
1152125327
1152127051
1152137441
1152141559
1152145114
1152150089
1152155139
1152157849
1152177668
1152179716
1152182163
1152182527
1152200309
1152202537
1152208367
1152222656
1152224920
1152239830
1152261430
1152262479
1152262480
1152263538
1152281499
1152282326
1152282364
1152289154
1152289906
1152289909
1152292167
1152293265
1152312676
1152318742
1152335447
1152341562
1152343555
1152346170
1152350281
1152351750
1152355096
1152355842
1152375071
1152382332
1152391933
1152393792
1152411376
1152413838
1152417283
1152418194
1152419953
1152425578
1152431767
1152434389
1152434391
1152444838
1152450051
1152453068
1152478697
1152482821
1152485507
1152486432
1152488304
1152490128
1152492267
1152497779
1152507394
1152507397
1152518260
1152525019
1152539769
1152540162
1152540166
1152543066
1152544515
1152547720
1152547721
1152548689
1152550405
1152567291
1152571645
1152596670
1152609315
1152627670
1152663946
1152676414
1152676891
1152679428
1152680104
1152687876
1152690464
1152717705
1152729807
1152732084
1152761951
1152761970
1152778263
1152786059
1152800915
1152807221
1152818159
1152831704
1152838646
1152843062
1152876843
1152897079
1152901924
1152911254
1152929285
1152930714
1152941572
1153007108
1155334383
1159201007
1159201247
1160118751
1176371559
117902260
11796719
11796959
1180007
1183056231
1186070887
1193214431
1195835392
1204552159
1206845919
1216217807
1219624960
1219625559
1220477647
1239941599
1244071686
1244266855
1250558431
1250558911
1252655583
1254490112
1258619239
1259995615
1266483679
1271726319
1271726559
1271794013
1276576463
1278673855
1285619712
1286799839
1293287783
1301414367
1306657247
130810335
1310458215
1311079
131269087
1313
131399680
1322647791
1324286431
1331691759
1334510047
1338114527
1338507623
1352270303
1352401795
1361904095
1383858415
1387069799
1391657319
1400307951
1400309210
1400309510
1407582687
1413874143
1417413327
1420951791
1421541855
1428161231
1431634399
1431635838
1431636916
143196399
143196639
1442709983
1443299687
1444741599
1457127903
1457979631
1457979871
145818079
146080223
146080703
1466565087
1468335278
1471545583
1479344607
1485635943
1485636063
1489371495
1491206623
1491273598
1491274676
1494221039
1494221279
1498612071
1510015215
1514275295
1533215079
1541603807
1548878063
1550975455
1552810463
1564148071
1572276094
157353434
1575879854
1576927591
1584988639
158794207
1588527583
1597505775
1599078639
1599078879
1603469791
1608908800
1608909279
1609498983
1610547200
1610547679
1610613215
1610614174
1610614654
1610615732
1611333632
1614610911
1617887711
1619395039
1621688679
1621688799
1621820111
1625489887
1628111327
1628963055
1635386063
1636041183
1643053415
1658323423
1671102943
167444719
167444959
1677787495
1686438247
1687685169
168821215
1692205295
1696989423
1696989663
170329862
1713439199
1719927143
1721565423
1721565663
1721762031
1722941799
1731635570
1732706304
1741422592
17498591
1753088719
1756495872
1756496471
1757348559
1761738991
1761739231
1776812511
1781137767
1787429343
1787429823
178913759
1789526495
1791099119
1791099359
1791361024
1795490151
1796866527
1803354591
1815019999
1822490624
1841926314
1843528159
1845430022
1851719799
1859518703
1868562671
1871380959
1874985439
1875378535
1885012447
1889141215
1889272707
1895760231
1905
1918
1920729327
1928528231
19333359
1934623199
1943077103
1943077343
1944388063
1949565407
1954284239
1954677215
1958412767
1958715584
1968046559
1968505311
1970077935
1970078175
1975845343
1979580895
1981612511
1996882279
200016351
2003435999
2005206190
2008350959
2014502296
2016215519
2022506975
2028077535
202834639
2040136159
2044723439
2046689519
2046886127
2051146207
2052915679
2066286342
2087846367
211877888
2124153191
2125989638
2125989758
2127233383
2139815936
2140340703
2143748575
2146369895
2147418112
2147418591
2147549423
2147549663
2147550382
2147550622
2147550682
2147551102
2147551281
2147552180
2148270080
2148859904
2149647295
2154496239
2154496479
2156331487
2158625247
2158756559
2162426335
216334575
216334815
2165047775
2172322511
2183397855
218828300
2190606695
2195259871
219545959
2196242911
2197225711
2201485791
2208039391
2223374695
2229141743
2233925871
2259878247
2269642752
2277088634
2278359040
2281439711
2290025167
2293432320
2293432919
2294285007
2313748959
2314993903
2314994143
2318074215
2320892143
2324365791
2324366271
2326462703
2326462943
2328297472
232915423
2332426599
2333802735
2337538527
2337603823
2337604063
2337604543
2340291039
2351956207
2352218591
236716391
2379525915
238030348
2380464607
2382366470
2388656247
2405499119
2408317407
2410873311
2411921887
2412314983
2421948895
2426077663
2428634886
2432696679
2444166318
2457665775
2460418527
2463564255
2471559647
2481324511
2489057639
248905967
2505441519
2505441759
250544607
2512453871
2512781551
2516517343
2518548959
2531656159
253493248
2539651551
2540372447
2542142638
2545287407
2553151967
2559443423
2565013983
257
2577072607
257885958
2583822575
2588082655
2589852127
2604795654
2607548166
2616590815
2622685663
262471919
2624913647
2624913887
2624981341
2628780271
2628780511
2630354694
2630355593
2633957855
2642804975
2643330822
2644443615
2645033199
2645033439
2656633071
2656633311
2661089639
2663645663
2664169831
2665021799
2672885999
2672886239
2673737967
2676031967
2676752384
2677277151
2679177455
2679177695
2680685023
2681931526
2682716160
2682716639
2683306343
2684355039
2684420575
2685140992
2685208446
2685209524
2685600103
2685730816
2695496159
2695627471
2695692767
2701918687
2709193423
2709848303
271189166
2720268767
2725249383
2725642719
2727477607
2728460767
2732130783
2736194015
2738356703
2739536351
2748252639
2752381407
2760114655
2766012655
2767847903
2770796783
2770798342
2772764422
2786527102
278659971
2786853103
2786853343
2802322356
2815229952
2818310623
2826896079
2827616495
2836990601
28418
2842558943
2850619871
2854945127
2861236703
2861237183
2863333855
2865168384
2869297511
2870673887
2874409439
2874474735
2874474975
2874475455
288162271
2889089503
2906849639
2912092639
2919237382
2922450444
2925527159
2937913344
2945188319
2947744223
2948792799
2949185895
2952528111
2958819807
2959606239
2969567591
2981037230
298256134
2994536687
2997289439
3000435167
3008430559
3025797120
3025928551
3031433695
3035628718
3042312431
3042312671
3042313990
3042314589
3045064704
3047161856
3049652703
3053388255
3053453312
3058696192
3066954207
3068527071
3069248207
3069968623
3069968863
3070230528
3082223855
3085503113
3101884895
3112305119
3113943519
3126723039
313327975
31414
3141666566
3149939461
3153461487
3157983711
3159556575
3161570048
3171342336
3171457280
3171573504
3171877343
3176530279
317915495
3185444614
3185508831
3185903366
3193503983
3193504223
3197505152
3197960551
3198812639
3199326021
3201040743
3201093120
3201630447
3201892711
3204914912
3205930904
3209146368
3213623296
3214148063
3214214018
3215393007
3215393247
3216704248
3217555935
3218524142
3218866535
3219587072
3219587551
3220177255
3220423893
3221225472
3221225711
3221225951
3221291487
3222011904
3222079358
3222080436
3222194232
3222471015
3222601728
3223191791
3227715334
3228238063
3228238303
3228565500
3229679647
3229820288
3230188896
3231241260
3232367071
3232563439
3232979256
3233200791
3235498359
3235666484
3235840280
3237066168
3237798838
3237998475
3237998481
3238002687
3238002688
3238035447
3238035448
3238035449
3238036380
3238036417
3238170550
3238461919
3238789599
3243782546
3243981528
32440679
3244069166
3244283966
3246064335
3246864674
3247617540
3248162566
3248656696
3249754977
3250216312
3250301094
3250798482
3251004068
3251034592
3251065776
3251652940
3251870960
3252307048
3252307052
3252720805
3252720807
3253105487
3253476217
3253928415
3253928895
3253934027
3254154258
3255054398
3255399394
3255459061
3255981696
3256275866
3256608768
3256621412
3256621413
3256621414
3256753931
3256915924
3256915926
3257139679
3257279240
3257516053
3257751940
3257890759
3257968221
3257991987
3258176728
3258246343
3258331875
3258477039
3258561898
3258561910
3259016232
3259684194
3259684354
3260054372
3260066396
3260317666
3260708104
3261114004
3261170256
3261309666
3261685758
3261951203
3262120295
3262317806
3262589975
3262589976
3262661318
3262671491
3262671492
3262836301
3262932252
3263031814
3263057872
3263068418
3263241338
3263241342
3263323137
3263395524
3263481268
3263493355
3263560428
3263822262
3263838639
3264031005
3264031006
3264221944
3264222004
3264348519
3264375837
3264483764
3264511962
3264888251
3265248217
3265300903
3265475553
3265503058
3265503059
3265503060
3265615952
3265787331
3265869458
3265923579
3265945894
3265953822
3266050656
3266082701
3266082702
3266091756
3266133666
3266302678
3266366479
3266391097
3266453090
3266538702
3266855280
3266931463
3267001374
3267037803
3267073171
3267090424
3267138705
3267316517
3267440074
3267471289
3267541012
3267562372
3268055711
3268239446
3268315964
3269001695
3269213955
3269329375
3269929579
3269929580
3270307596
3271765116
3272142237
3272201875
3272255607
3272255608
3272648823
3272991902
3273246921
3273300074
3273302482
3273304188
3273317995
3273320403
3273364981
3273365008
3273399382
3273631873
3274027080
3274046058
3274287227
3274452317
3274467457
3274606746
3274802585
3275014419
3275023340
3275048350
3275056240
3275318188
3275323801
3275599940
3275599945
3275707514
3275924038
3275925612
3276012913
3276030330
3276177861
3276253300
3276285853
3276384386
3276407263
3276423401
3276471962
3276509195
3276509200
3276826721
3276972792
3277002616
3277076190
3277078291
3277146253
3277181487
3277194180
3277372694
3277373619
3277376040
3277407752
3277609184
3277728084
3277741468
3277820323
3278007860
3278011758
3278022779
3278245260
3278375832
3278393356
3278665548
3278678152
3278940287
3279333500
3279792251
3280930566
3285123551
3292922335
3296985567
3304718815
3307667695
33095919
33096159
3309635334
3314024927
3316580831
3339193268
3352100864
3352690688
3355181535
3367109087
3375431919
337773023
3379626463
3390112223
3400204767
3411280351
3411345647
3411345887
3411346367
341377024
3413901551
3413901791
341445257
3421372895
3423274758
3423275357
3425698271
3425960415
3429268937
343671503
3440119308
3443327455
3445948895
3454206431
3456108294
3459321356
3462398071
347013599
3470459359
3474784256
347800031
3484615135
34866051
3492480174
3495690719
3503554799
3503555039
3506438503
351208622
3517908142
3534160351
3537306079
3543400927
354419407
3545301471
3562668032
3562736265
3562799463
3568304607
3572499630
357892575
3579183583
3579185022
357959430
357959550
3579642095
3579904239
358680925
3590259167
3592880367
3592880607
3596
3603825119
3604676847
3605397983
3606119119
3619487983
3619488223
3649176031
3650814431
3663593951
3678537478
3680305391
3680305631
3681616111
3681616351
368968159
3694854623
369557863
3696427487
369688815
369689055
3698655711
3708748255
3713401191
371589359
371589599
3717661151
3718316511
3725526790
3730374895
3730375135
3734831463
3735683551
3737552174
3737911655
3738763623
3738960831
3740993406
3750494208
3752853743
3754426847
3755737447
3756457984
3756458463
3758096863
3758162159
3758162399
3758163838
3758164017
3758165516
3758882816
3758950270
3758951348
3758951948
3759341927
3759472640
3759472999
3768451311
3771859183
3771859423
3775660511
3783590367
3793027971
3794010591
3798991207
3799056743
3799253351
3800565510
3800631046
3801219431
3803907846
3803908145
3812098527
3812164063
3813278175
3821994463
382534111
3828416991
3833856479
383386079
3841589727
3846506246
384828111
3853451743
385548527
385548767
3860791655
3876064180
3877440137
3888972255
3889561600
3892052447
3894412462
3894413062
3895241729
3903979999
3911319791
3926983135
3928491782
393283454
3934912751
3934912991
3937075439
3937075679
3944415471
3948151263
3948216559
3948216799
3948217279
3956214109
3958178271
3960996559
3962831327
3976990220
3977707879
3979544326
3994878311
3996192268
3997237607
3998175
4008706527
401082238
401083017
4011655168
4021486047
4029351086
4029874655
4034725638
4046324191
4054779054
405602783
4071031263
4071489895
4074176991
4077781471
40829287
40894823
4099538944
4099606398
4099607177
4099670375
4104126943
4105175519
410845423
41091431
4109370542
4112581327
4116054495
4116711294
411894119
4121690591
4127130079
4127719783
4137156967
4140696031
4142268895
4142990031
415629671
4163764703
4170056039
4170056159
4173791591
4183032167
4186046943
4208985982
4208986761
4215408390
4217635175
4226023903
4231725535
4233298159
4233298399
42403590
42403710
4245619167
4248568167
424870247
4250272103
4254532063
4255187423
4257219039
4258006790
4258007389
4259250415
4259250655
4261347687
4269408735
4269539807
4270786430
4270786909
4272947679
4274520543
4274848223
4275634535
427885023
4281089606
4291297759
4292411871
4292608359
43190921
43494
459473255
467861983
473563615
475136239
477233631
479
482608063
487457247
490406247
492110183
495780319
496717012
501024518
501088495
501481951
501483270
503185767
511246815
514785759
521074999
526581999
526582239
533135839
534446439
535166976
535167455
536805615
536805855
536871391
536872350
536872830
536873908
536874508
537591808
537659262
537660940
538181991
53936607
540869087
545653215
547160303
547946855
55116255
551748063
554369503
556401119
5570799
566231519
569311591
571736963
577765735
577962343
579274502
585564639
586285535
590807519
592184255
592970207
59459
597361119
604045671
612696423
61732
623247839
632160735
63832543
639500647
646185319
649199975
658964480
667681247
668270592
67174759
682688991
682754048
682754647
683606735
696844767
697633117
705692127
707200774
715784431
715784671
715785990
715786889
720896
727580911
727581151
729612767
739705551
741278175
748748800
755699212
756416871
75694559
75825631
77072433
771424735
773587303
775490185
781582815
785776879
786039263
787415519
788350
789428
790028
791545606
793968999
794820847
805766918
808060078
815399391
815530883
825033183
83427807
850198887
854786407
855113967
855114207
86376927
870711775
876545918
878316169
880542415
88344326
884670943
885064159
889454831
889454951
891290319
894763487
895811943
897581056
902103519
905839071
905969664
906428775
907870687
914358272
919601152
922746880
923271168
924844032
926941184
928842207
929694175
931464366
933232640
935854080
942473695
948765031
952500583
95289823
961741159
9654
973144303
977404383
981009882
981010182
990052352
990056448
990058496
990060544
990109696
996344167
