0
1
1014303069
1018101999
1018102239
1020723679
1023398784
1028129247
1031798784
1032189888
1032652550
1042810750
1052842544
1064849424
1064961498
1066598879
1066927278
1066927878
1067198464
1071318790
1072037888
1072038367
1072628071
1073676288
1073676767
1073742303
1073744221
1076717586
1080688879
1080689119
1081528266
1082130438
1082130440
1082134624
1082181555
1082515096
1082606517
1082606519
1084227584
1084817887
1084949199
1085430567
1090757082
1090757083
1091011839
1091240415
109314407
1098515151
1098868639
1098868641
1098907647
1099694559
11075943
110952687
110952927
1111491039
1117192551
1121452511
112329063
1123418351
1127678431
1135152367
1144979935
1155334383
1156646961
1160118511
1177747935
1180895581
1204551680
1204551919
1204552159
1216217807
122093568
1239941599
1241186783
1244266855
1250492895
1250493375
1250558431
1250558911
1252655583
1254490112
1258619239
1278148847
1278673855
1295124230
1295124350
1301414367
1306657247
1308559110
1313
1314848887
133104095
1334510047
1338114527
1338442087
1338507623
1348141535
1348207071
1358889319
1360003431
1376322015
1383858415
1397752287
1400307951
1400309210
1400309510
1400571654
1403125819
140313055
1413480927
1413481407
1420099823
1420100303
1431634399
1438
145883136
145883735
1462829535
1464795615
1464796095
1465844191
146735823
1471480047
1471545583
1480392943
1485636063
14877151
1488978399
1491206623
1492320615
1503265247
1516044767
1518666207
1518666926
1560150495
1565000159
1582760415
1587282279
1590362471
1599930607
1602945024
1603469791
1606877663
1609498983
1610547200
1610613215
1611333632
1611923456
1621688799
1621885407
1635386063
1636040943
1646461407
1648361951
1651835359
1653670247
1658323423
1664549343
1678574047
1693517873
1696989423
1703610118
1711734843
1721762031
1731635570
1732052142
1732052742
1735065839
1735131615
1741422592
1741422831
1741423071
1744503263
1773078398
1773079177
178913519
178913759
1789526495
1789593350
1798
1800602079
1800667375
1800667615
1800668095
1815282143
1821049311
1838285279
1841926314
1845430022
1851719799
1874002399
1885012447
1895760231
1905
1907229870
1914044895
1918
1923482079
1926627807
192741855
1934623199
1952121191
1953169887
1958715584
1968505311
1979580895
197984495
197984735
1994719711
200016351
2014502296
2040136159
2052915679
2063991263
2067859206
2085749215
2091188703
2104623583
2104625501
211877888
2124153191
2125005279
2127233383
2128085351
2139815936
2140341422
2143748575
2147549423
2147549663
2147551281
2148270080
2148337534
2148338612
2148729191
2148859904
2149449967
2149647295
2154496479
2158821615
2183397855
2188378471
2190606695
2202665439
2211381727
221446623
2223243743
2230976991
2235893510
2265451444
2277088634
2278359519
2281439711
230752735
2320892143
2326462703
2326462943
232915423
2337538527
2337603823
2337604063
2337604543
2341470687
2351956447
2352218591
2357985759
2370175455
2370175695
2379525915
2380464607
2385579532
2396914143
2401042432
2410873311
2444166318
2450915567
245236191
2460418527
2463564255
2488272646
2488926208
2489057639
248905967
2494562783
2498757806
2505441519
2505441759
2505441999
2512453871
2516517343
2530083295
2530935023
2531656159
2532377295
257
2575434207
257949935
2590180526
2590181725
2604795654
2605253087
2616590815
2621112799
2622685663
2628125151
2630354694
2630355593
2635006431
2639659367
2641560031
2641561949
2651784966
2661941727
2663645663
2665021799
2679111919
2680685023
2681995623
2682716160
2682716639
2684355039
2684420575
2685208446
2685209524
2685600103
2701918687
2703688159
2709848543
2725249383
2738356703
2739536351
2748252639
2760114655
2767847903
2772632750
2772764422
2779709919
278528479
278659971
2802322356
2815230431
2815427039
2815819776
2817851871
2830238175
28418
2842558943
2853241311
2863333615
2863333855
2880831967
2903248396
2907046607
2908422503
291832287
2922450444
2937913344
2955609262
2966227593
298257332
2996
3004039647
3025797120
3025865353
3031433695
3033399775
3035628718
3042312431
3042312671
3045064704
3047161856
3047948767
3053453312
3058696192
3061841920
3066954207
3069248207
3069968623
3069968863
3084781318
3085959407
3096314335
3112305119
31414
3142123999
3149939461
3153461487
3157983711
3161570048
3171573248
3171877343
3176530279
3176793562
317915495
3185444614
3185903366
3194552559
3195797983
3197045085
3201093120
3204914912
3205930904
3209146368
3216704248
3217555935
3218866535
3219587072
3219587551
3221225951
3221291487
3221292926
3221294604
3222079358
3222081036
3222667623
3226861807
3228238063
3228565500
3229679647
3229820288
3231580399
3235498359
3235840280
3237998475
3237998481
3238002687
3238002688
3238035447
3238035448
3238035449
3238035460
3238789599
32440679
3253928415
3253928895
3254714847
3254717364
3256157059
3261530591
3261530831
3262185831
3262382439
3263694598
3264481929
3275227615
3280952154
3280971522
3281083380
3281083381
3281096757
3281287205
3281591019
3281610391
3281640623
3281661797
3281760103
3281774210
3281808346
3281809145
3281839430
3281852281
3281854186
3281891181
3281908596
3281926070
3281933716
3281973050
3281976049
3281985074
3281989475
3282030050
3282049168
3282071289
3282122581
3282126448
3282173163
3282201452
3282207246
3282229887
3282249260
3282279488
3282281630
3282349922
3282415098
3282436783
3282447209
3282459773
3282478296
3282486807
3282491144
3282493056
3282514773
3282529634
3282564939
3282575475
3282584248
3282595584
3282617806
3282673731
3282677199
3282688032
3282710376
3282716943
3282747576
3282761447
3282780487
3282789772
3282811776
3282812031
3282862069
3282880030
3282887057
3282904488
3282918357
3282954060
3282966760
3282968294
3282972513
3282984680
3283005290
3283030501
3283086077
3283098640
3283117163
3283125675
3283130013
3283131923
3283138011
3283141534
3283169134
3283193596
3283218054
3283256680
3283276530
3283298461
3283326901
3283360633
3283386445
3283400201
3283400216
3283400314
3283419357
3283426389
3283432622
3283438675
3283450899
3283455115
3283479830
3283499241
3283518901
3283525936
3283530950
3283543359
3283570166
3283578272
3283593458
3283623548
3283642821
3283646695
3283646698
3283668842
3283669380
3283676916
3283676927
3283676928
3283681477
3283722999
3283737508
3283758954
3283764543
3283808000
3283831189
3283832467
3283856925
3283857253
3283895549
3283906293
3283936333
3283939062
3283942489
3283942490
3283979392
3284025313
3284029002
3284037377
3284039071
3284039087
3284058226
3284058535
3284077581
3284086565
3284100018
3284100021
3284113006
3284117320
3284129390
3284157769
3284161036
3284164804
3284168451
3284169833
3284182227
3284188856
3284192073
3284204735
3284208117
3284235307
3284250466
3284250476
3284262416
3284278652
3284308248
3284358645
3284391011
3284470058
3284471336
3284495794
3284618259
3284639021
3284677940
3284677956
3284697406
3284725503
3284738391
3284747441
3284751879
3284756192
3284768262
3284843603
3284848667
3284864524
3284874179
3284878261
3284997512
3285004107
3285108926
3285118714
3285184253
3285257128
3285336274
3285380186
3285390747
3285395060
3285407129
3285423787
3285441909
3285482472
3285503830
3285513046
3285526553
3285536471
3285556372
3285636380
3285791341
3285884022
3285922197
3285937914
3286023043
3286165422
3286172127
3286195241
3286235564
3286364506
3286507823
3286555962
3286604372
3286645985
3286664130
3286764506
3286804289
3286818883
3286834108
3286841976
3286861373
3286879518
3286903520
3286949871
3286981969
3287030414
3287030434
3287181574
3287280604
3287402549
3287424421
3287436416
3287448862
3287452118
3287737659
3287794762
3287801811
3287985875
3287992537
3288042713
3288120657
3288123399
3288141189
3288154716
3288186487
3288207241
3288437990
3288446706
3288543574
3288792529
3289307415
3289371169
3290502203
3290617569
3290739384
3290992100
3291084281
3291152214
3291261885
3291355460
3291389885
3291394384
3291414110
3291428605
3291428640
3291436938
3291438430
3291439486
3291456655
3291468017
3291468618
3291472498
3291473099
3291475651
3291484244
3291484250
3291492844
3291531195
3291556197
3291571828
3291614459
3291768614
3291821629
3291843641
3291896599
3291898831
3291905083
3291914138
3291972543
3291997793
3292020032
3292028809
3292037078
3292069878
3292117483
3292124009
3292146229
3292150579
3292214463
3292302707
3292305429
3292333775
3292341531
3292341532
3292349675
3292386195
3292393651
3292412569
3292419067
3292426022
3292438371
3292441543
3292448156
3292465862
3292469571
3292486170
3292486401
3292487007
3292494936
3292521661
3292534433
3292545294
3292559030
3292575017
3292578366
3292589599
3292632483
3292656246
3292671883
3292671884
3292704307
3292779700
3292809379
3292943538
3293001140
3293159987
3293238455
3293326160
3293384880
3293385481
3293385908
3293389361
3293389962
3293401107
3293401113
3293409707
3293467829
3293589660
3293631667
3293672939
3293676725
3293711546
3293760509
3293813467
3293815699
3293821951
3293823920
3293828275
3293843568
3293889409
3293986740
3294040872
3294063090
3294067444
3294123186
3294131324
3294165710
3294172342
3294266543
3294303061
3294310517
3294328907
3294329435
3294335931
3294336179
3294346423
3294355234
3294358409
3294403035
3294403266
3294403873
3294411801
3294451297
3294462157
3294491883
3294495229
3294514941
3294532724
3294561825
3294562800
3294565555
3294573110
3294621178
3294726251
3294729398
3294794933
3294918004
3294958705
3294958707
3295040630
3295138933
3295171701
3295198003
3295214497
3295301744
3295302345
3295306226
3295306827
3295317971
3295317977
3295326571
3295330044
3295483498
3295488243
3295534002
3295677373
3295730331
3295732563
3295738815
3295742042
3295806274
3295807678
3295876713
3295876714
3295903604
3295957736
3295958131
3295979955
3295984308
3296008096
3296021194
3296048188
3296055683
3296056440
3296072825
3296094718
3296104027
3296104028
3296140387
3296183407
3296219925
3296227381
3296246299
3296272098
3296275273
3296319900
3296320132
3296320736
3296321719
3296328664
3296379021
3296382041
3296408748
3296412094
3296433269
3296439965
3296538042
3296544237
3296569701
3296570686
3296571798
3296573917
3296575067
3296590573
3296609839
3296611570
3296625145
3296633367
3296643115
3296672196
3296684322
3296731061
3296735172
3296739990
3296740733
3296753927
3296759963
3296766523
3296792809
3296823867
3296863588
3296865292
3296873196
3296877159
3296935295
3296952184
3296961475
3296976021
3297004317
3297027486
3297075357
3297090885
3297096999
3297116974
3297146861
3297163154
3297170951
3297185807
3297192113
3297201265
3297216594
3297223537
3297227953
3297261736
3297296146
3297314176
3297315605
3297334497
3297340289
3316580831
3321102815
3323920743
333775327
3340568326
334692591
3347251679
3352101343
3352690688
3367109087
3367371231
3367371711
3378644442
3390112223
3391620870
3393389023
3393389263
3400204767
340132319
3419144551
3423274758
3423275357
3424125647
3429268937
343671503
3440119308
3440836967
3443591517
3454206431
3458007399
3470459359
3471835615
347209967
347800031
3492480174
3509453279
3513123295
351601838
351602438
3519547142
3534618983
3562014470
3562736265
3563848159
3567649007
3567649247
3567649487
3570270687
3575710415
357892335
357892575
357892815
3579183583
3579184902
3579904239
3579973132
3590848871
3604677087
3626893791
3633185127
3636920679
3646161255
3672115849
3680764263
3682009327
3682009567
3689152991
368968159
3696427247
370999775
3711697255
3712614879
3717071327
3722772959
3724476775
372900319
3731423471
3732537823
3736076767
3737552174
3758096863
3758162399
3758163838
3758165516
3758882816
3758950270
3758951948
3759472999
3762160095
3768451311
3769237863
3789357535
3790602599
3791585759
3791588276
3793027971
379453679
379453919
3799056743
3799253351
3800565510
3803907846
3803908145
3807576543
3812098527
3813475263
3823043039
3825336679
3826647519
3828416991
383386079
3844538847
3857973727
3860791655
3867476327
3884122591
3888972255
3895241729
3918135775
392823263
3928491782
3937075439
3937075679
394593454
3956214109
3958178271
3960996559
3962569183
3970039808
3971154399
3977707879
3980462429
3994878311
3998175
4003398111
4007067887
4008706527
4012836614
4019585503
403309023
4036821891
4039969117
4039969417
4046324191
405602783
4071489895
4075618783
4076077415
4076404975
4076405215
4101833423
4105961951
410845423
4110745839
4112581327
4116054495
411894239
4127130079
4127719783
4158523142
4163764703
4170056039
417007486
4173791591
4183032167
4217635175
4226023903
4233298159
4235395551
4248568167
4249420255
4253157725
4258006790
4258007389
4261347687
4269408735
4272947679
4281089606
43494
436273391
440533471
450824841
473238153
477233631
479
482608063
483852767
491258335
494995805
496717012
502138030
521074999
535166976
535167455
535757159
536805855
536871391
536872350
536872830
536873908
545653215
548078287
551748063
554369503
562299359
570884575
585564639
592970207
59459
596967783
597361119
597688799
597689039
60490207
608109023
612696423
61732
618463471
629868294
644024669
649199975
656149428
658964480
67174759
679346895
682754048
682754647
683606735
703070687
704119263
707395943
713687519
713687999
715784431
715784671
715785990
715786889
717619200
720896
721748327
726270431
729612767
741278175
749142495
757269199
75825511
769786335
77072433
794820847
797639135
801243615
801636711
813631238
815399391
839451103
846987503
86376927
870646239
870711775
871563503
875823583
8782303
883228911
883229151
894304735
894501343
894501823
894763487
897581056
899416543
899417023
905969664
907870687
914358272
916455424
917504000
918552576
919601152
923271168
923795456
924844032
925892608
926941184
929694175
930856960
931464366
931659776
932708352
933232640
934674671
935329792
935854080
936247535
936247775
936248015
937232134
938279271
942408159
942473695
948765151
950470406
954335711
965214687
9654
973144303
977404383
981009882
981010182
990040064
990052352
990056448
990060544
990109696
992544518
