0
1
1004209087
1010434527
1015255040
1023398784
1023413248
1024328159
1025573223
1028981095
1031798784
1032189888
1033241055
1033896415
1048248799
1049494463
1049495422
1049495901
1052842544
1053557215
1057489135
1061159271
1061749095
1063343692
1064849424
1067198464
1067450368
1070006751
1070766465
1070771593
1071055327
1071317351
1072037888
1072038367
1073155596
1073676767
1073743742
1073745420
1074530174
1074531852
1075052903
1076717586
1076887552
1079312623
1082029652
1082067508
1082067516
1082126079
1082130432
1082130440
1082134624
1082134632
1082134636
1082166700
1082182860
1082182872
1082235288
1082606517
1082606519
1082774932
1083554980
1083900504
1084031215
1084227584
1084346683
1090470834
1090470838
1090519036
1090519037
1090519040
1090519042
1090757082
1090757083
1091011839
1091185590
1091240415
1091861886
109380543
1094713341
1094713342
1094713343
1094713344
1094765783
1094975486
1095764116
1096315616
1096464054
1096847850
1097246095
1097350331
1098907647
1098907648
1098907652
1098908696
1099038720
1099038721
1099170271
1101004799
1103068430
1103234067
1103611265
1103724054
1104559209
1104559210
1105330174
1105455807
1106669080
1107437339
1108060893
1108225148
1108333384
1108587542
1108607875
1108753564
1111428803
1111437965
1111568246
1111711276
1111711278
1111786780
1111931743
1113118150
1113429691
1114027715
11141479
1114182690
1114636647
1114767719
1116145414
1116196498
1116393136
1116596290
1116932745
1116982947
1117498711
1117538463
1117610166
1117615783
1117986498
1118281050
1118405400
1118449926
1118456798
1118458161
1118464428
1118624614
1118635287
1118697195
1118809416
1119084684
1119098700
1119244342
1119316220
1119333720
1119408588
1119486166
1119538002
1119558747
1119726912
1119740331
1119889204
1119909032
1119965253
1120162322
1120162402
1120498937
1120512216
1120514810
1120800146
1120886769
1120994911
1121022252
1121163101
1121429395
1121518920
1121648999
1121650878
1121738373
1121786345
1121786468
1121816900
1121836127
1121849158
1122037990
1122169635
1122567801
1122595928
1122665632
1122718639
1122723296
1122986400
1123169703
1123219730
1123247924
1123585235
1123822067
1123919898
1123984179
1124142493
1124259499
1124298382
1124339445
1124360980
1124361011
1124366507
1124430045
1124471549
1124603478
1124682417
1124717314
1125108150
1125140360
1125175220
1125222952
1125386029
1125519357
1125562697
1125635741
1125677645
1125783016
1125786590
1125795217
1125819359
1125934657
1125970042
1126014716
1126031192
1126034810
1126132510
1126277859
1126405530
1126422180
1126558510
1127146990
11272431
1127678431
1128613680
1128618050
1128673318
1128873068
1130627551
1135152367
1142161887
1143996895
1146314062
1146429428
1146551242
1146896137
1147202759
1147211000
1147240500
1147250089
1147273498
1147277609
1147279875
1147280476
1147284356
1147284957
1147292630
1147296102
1147296108
1147304702
1147329372
1147343054
1147350377
1147357579
1147367756
1147372779
1147377169
1147377326
1147404284
1147415388
1147419235
1147431937
1147438374
1147445451
1147452646
1147456612
1147470876
1147474685
1147476245
1147476398
1147484990
1147505910
1147516762
1147524954
1147532015
1147547637
1147555430
1147556130
1147558099
1147594742
1147611990
1147614209
1147641586
1147653697
1147655501
1147657008
1147657764
1147659421
1147670917
1147677663
1147682156
1147691541
1147708459
1147710691
1147716943
1147718204
1147776464
1147784402
1147825055
1147840665
1147841999
1147881735
1147909591
1147914968
1147935866
1147942795
1147958086
1147962438
1147967198
1147978497
1147981004
1147982772
1147984941
1147986222
1148006347
1148012100
1148026319
1148043990
1148046473
1148053550
1148054354
1148070028
1148070604
1148078736
1148081933
1148100301
1148114567
1148116529
1148117126
1148117289
1148118513
1148126220
1148128179
1148132503
1148133791
1148134876
1148139019
1148142729
1148145632
1148149068
1148153403
1148154580
1148157493
1148160877
1148161535
1148173145
1148175490
1148176310
1148186666
1148198054
1148201732
1148205509
1148213891
1148218194
1148223439
1148224428
1148225434
1148226451
1148226544
1148232730
1148248544
1148250228
1148252698
1148253401
1148256179
1148257968
1148258026
1148260015
1148264274
1148265322
1148265681
1148274286
1148276083
1148290572
1148298029
1148298260
1148298865
1148299846
1148303909
1148305759
1148306793
1148312838
1148320251
1148357151
1148386875
1148390223
1148516169
1148547824
1148549922
1148552041
1148568700
1148587963
1148589693
1148603272
1148611494
1148621241
1148650317
1148662446
1148717302
1148719670
1148725524
1148735156
1148736647
1148775106
1148974182
1148982355
1149001573
1149009498
1149115774
1149125773
1149178129
1149243680
1149263378
1149267073
1149274724
1149322594
1149329750
1149334346
1149344237
1149364213
1149370299
1149394099
1149410392
1149416639
1149418188
1149428225
1149433045
1149436918
1149439350
1149440892
1149458337
1149459384
1149459385
1149460444
1149463833
1149470775
1149475191
1149478405
1149479271
1149486059
1149490170
1149503530
1149508973
1149509583
1149515647
1149531530
1149543075
1149543384
1149544077
1149547186
1149552003
1149552747
1149555390
1149557068
1149557753
1149561413
1149562842
1149567455
1149571976
1149591073
1149597780
1149642552
1149654136
1149675601
1149676501
1149685209
1149689173
1149694413
1149694642
1149723950
1149747310
1149814610
1149821490
1149839839
1149843359
1149845292
1149861180
1149887370
1149928988
1149958875
1149975168
1149978524
1149982964
1149990262
1149997820
1150004126
1150023990
1150028608
1150035550
1150039965
1150047946
1150048034
1150059621
1150073749
1150108158
1150108852
1150126189
1150127618
1150129131
1150167244
1150170578
1150252497
1150281301
1150360721
1150399955
1150443809
1150473168
1150473469
1150475409
1150475710
1150481282
1150481285
1150485583
1150575557
1150660982
1150687461
1150688575
1150691702
1150694865
1150702511
1150725433
1150774099
1150801163
1150812274
1150814449
1150846390
1150866898
1150913999
1150932257
1150935986
1150945444
1150948816
1150958344
1150959931
1150982245
1150982360
1150982662
1150986627
1151011807
1151026669
1151028342
1151091315
1151143850
1169031647
1176371559
117902260
1179386095
1180007
1181548783
1204552159
1205141504
1219559903
1231095258
1232536031
1235026159
1235157471
1236207366
1236208265
1238630639
1242563039
1244071686
1246691567
1252655583
125370607
1271794013
1276576463
1278149087
1292570124
1293287783
1306657247
130679023
130679743
131006943
1310458215
1310720
1311771273
1313
1324286431
133890527
1344930990
1361904095
1365574111
1371997958
137495007
1387069799
1391198687
1411514847
1415187081
1416298975
1422721503
1428161231
1431634399
1431635718
143196399
1432421311
1432422270
1432423948
14352863
14353343
1443299687
1445987263
14549471
1467089255
1474102207
1479344607
1485635943
1489371495
1494090207
1498612071
1515127143
1533215079
1539178735
1539244271
1541603807
1548878063
1556939711
1564148071
1565065695
1569522143
1570111967
1570767327
1575223775
1576927591
158335455
1583874287
1584988639
1588527583
1600127455
1607860463
1610547679
1610613215
1610614654
1610616332
1611333632
1611401086
1611402764
1611923815
1614610911
1615790319
1620902127
1621688679
1626014655
1629946095
1630142943
1639319302
1639973343
1641808351
1643053415
1644036575
1644039092
1645478787
1651507559
1651704167
1651769583
1653016326
1664549343
1664614879
1670251455
1675493855
1677787495
1687685169
1696989663
1700200687
1710424543
1713242471
1719927143
1719992559
1719993279
1721565423
1721565663
1723924719
1731635570
1735852271
1736573407
1741423071
1753809135
1753809375
1770586591
1772028143
1772028383
1780942598
178913519
178913759
1789526495
1801388391
1813447375
1815019759
1822490624
1823605215
1830158695
1832913245
184025567
1841926314
1847329127
1849232009
1859518703
1861157343
186253791
1865287430
1872036319
1889272707
1898775007
189989343
190054639
190054879
190055359
1900783
1905
1923940711
19268063
1928528231
1928855791
1928856031
193265903
193266623
193921503
1954284239
1958412767
1958715584
1958805983
1962214574
1962215174
1965032143
1968505311
1971323119
1979580895
1980170599
1990066415
1990066655
200081887
2002584031
2002715103
2013921759
2014502296
2016018671
2016215519
2022506855
2022506975
2026242407
2028145289
2033385711
2035482983
204407263
204669407
2070085991
2078474719
2085748975
2087846367
2090205423
2101018983
210436575
2104755974
2104756273
2113274095
2113339631
2113798503
2121859551
2125398495
2127626479
2130249478
2136801519
2136932591
2136998127
2147418591
2147549663
2147550622
2147550982
2147551102
2147552180
2148270080
2149385151
2151547359
2155610471
2156331487
2158625127
2161902527
2162426335
2166423911
2167079271
2168586719
2172977391
2176647527
2179989863
2180448495
2186806207
2188771807
2196242911
2202140911
2207187303
2208039391
2214723943
2215510495
2221539567
2223374695
2233926111
2256863591
2257912047
2259878247
2269642752
2277088634
2278686959
2280653279
228720879
2293432320
2293432919
2294285007
2326462943
2340291039
2345533679
2345533919
2356674799
2356675519
2359427072
2359820767
2360607199
2368995807
2378301919
2379525915
238030348
2380464607
2392785375
2396455151
2405499119
2426077663
2426209155
2429092319
2439381471
2456223983
2465464679
2481324511
2491220687
249364959
2495349215
2500395967
2505441759
2507276767
2512781791
2516517343
2518548959
2520449503
253493248
2540372447
2542142638
2553151967
2559443423
257
2583822575
2588082655
2589458791
259326431
2608269961
2624782815
2624981341
2626617823
2628780271
2628780511
263324127
2636710367
2638807519
2642544989
2643330822
2649687214
2662465775
2675639770
2677605550
2677606150
2681931526
2682716160
2682716639
2683306343
2684355039
2684420575
2684421534
2684422014
2684423092
2691694831
2691695071
2693202399
2695627471
2698248431
2699297247
2701918687
2703753455
2718433759
2744910303
2760245607
2766012655
2774532335
2796749159
2803696575
2803697534
2803698612
2806513664
280757183
282067903
2826896079
2830303232
2830303831
2831155919
28418
2844917999
2850619871
2851668447
2854945127
2861236703
2861237183
2863333855
2865168384
2869297511
2870673887
2872705983
2877161951
2888827359
2902655215
2912092639
2917335519
2922971375
2942370031
2945188319
2948792799
2949185895
2962948575
296617134
2994536687
3018195423
3019112687
3023372767
3028484575
3031761855
3041853919
3042312671
3045064704
3055419871
3061841920
3063939072
3067805935
3077243359
3079013550
3082223855
3090022879
3091071215
3096314335
3099656671
3101884895
3112763871
3120693487
3124953567
312869343
3129344479
3129345198
3129425920
3140092863
3140093702
3140093822
31414
3142124479
3149939461
316015071
3168272863
3171342080
3171344000
3171416192
3171417088
3171454464
3198081408
3199571232
3204914912
3205930904
3209146368
3214148063
3215982831
3216704248
3218211175
3219587072
3219587551
3220177255
3221225951
3221291008
3221291487
3221292206
3221292506
3221293405
3225250380
3225682279
3227572992
3227655004
3228238063
3228238303
3228565500
3228565983
3229286639
3229679639
3229679647
3229820288
3229834754
3230338576
3231312673
3232246992
3232367071
3232498383
3233546599
3235498359
3235840280
3236098061
3237144051
3237998475
3237998481
3238002670
3238002687
3238002688
3238035447
3238035448
3238035449
3238035460
3238789599
3239609876
3239641327
3240190528
3241522137
3242329618
3246064335
3246719455
3247696978
3247794518
3249857580
3249995132
3257112266
3257355427
3258041847
3258098938
3258343530
3258668027
3258714287
3258812988
3258946270
3259042836
3259077341
3259143214
3259161805
3259214046
3259255703
3259295540
3259348035
3259360756
3259513125
3259529969
3259821624
3260059563
3260146274
3260253491
3260357088
3260409922
3260441488
3260490724
3260533522
3260548261
3260548262
3260679968
3261323727
3261331896
3261405762
3261405763
3261426821
3261756998
3262212971
3262363245
3262980247
3263223627
3263252646
3263261523
3263292884
3263306533
3263328484
3263330590
3263386618
3263451144
3263604838
3263636777
3263696125
3263717390
3263783888
3263820261
3263871016
3263874186
3263974089
3263974148
3264001742
3264046465
3264122999
3264123000
3264299714
3264675686
3264702736
3264711377
3264712283
3264800567
3264872958
3264877572
3264906196
3264906854
3264907468
3264984242
3264988006
3265218908
3265305906
3265452932
3265457342
3265636236
3265658387
3265845182
3265871070
3265939929
3265957004
3266026706
3266033160
3266054835
3266139928
3266205979
3266334031
3266438330
3266453002
3266530760
3266584650
3266589278
3266684469
3266763565
3266971075
3267065861
3267076349
3267103717
3267115948
3267393382
3267406925
3267465839
3267608680
3267609537
3267627724
3267651902
3267735867
3267752518
3267851292
3268063984
3268069007
3268091254
3268097837
3268121805
3268132271
3268153874
3268222297
3268275310
3268355415
3268363790
3268441201
3268546140
3268561648
3268562788
3268590110
3268605104
3268611086
3268639863
3268702282
3268804137
3268869180
3268882304
3268995954
3269001695
3269036625
3269084635
3269378292
3269468910
3269494570
3269527126
3269533547
3269805548
3269817476
3269840097
3269866053
3270158207
3270165839
3270217236
3270341586
3270478115
3270967535
3271012468
3271991630
3272622990
3272661733
3275227615
3292529119
3302883567
3307667695
3325297119
3328444765
3342730414
3342731014
3345744111
3345809887
3352100864
3361407215
3363766991
3387490783
3391816039
3398107615
3398108095
3400204767
3402039296
340394463
3406168423
3407544799
341377024
3414557151
3414557631
341508455
3429268937
3448963551
3454206431
3456108294
3462398071
347013599
3473342943
3482059231
3485663711
3486056807
3490382063
3495690719
3497460671
3498051334
3506438503
351208622
3523871199
3524723167
352583919
3531407599
3541827943
3545301471
3554542047
3559653615
357892575
3579183583
35848671
3586523615
3588490175
3590717799
3593536447
3610378719
3619029231
3633185247
3638755807
3650814431
365232607
3657367791
3663593951
3669164271
3677684671
368968159
3707699679
3712549343
3734831463
3737552174
3737911655
3747086575
3750494208
3751018975
3751019694
3754426847
3757048167
3758096384
3758096863
3758162159
3758162399
3758164017
3758882816
3759472640
3765109695
3769237983
3769434591
3782935247
3794010591
3795911135
3801219431
3805872607
3809935839
3812098527
382534111
3841067057
384106975
3844538607
384828111
385548527
385548767
3883729135
3883729375
3888971776
3888972015
3888972255
3892052447
3895241729
3904242143
3904242623
390791647
3912368607
3912434143
3918004703
3937075679
3944415471
3948151263
3948216559
3948216799
3948217279
3962831327
3992979206
3999268983
4021486047
4032561631
4043309415
4054779054
405602663
4061528303
4064411887
4065722607
4071031263
4074176991
4082172383
40829287
4099670375
4100719071
4116054495
4116055814
4116056413
411894239
4127130079
4141547999
4142268895
4164682687
4175171084
4187685343
419561711
4200464863
4200793262
4200794461
4214555583
4215408390
4233298399
4238082527
4258398567
4271702375
4272554463
4274782567
4275634535
4277534959
4277535679
427885023
4281089606
4287365120
4291297759
43057511
432275815
43494
457246470
463536367
473563615
475136479
479
480575967
487457247
492110183
492373466
494010847
494012765
49414623
496717012
501024518
501088735
501483270
504235782
505939718
514392543
517472615
519373279
521074999
533135839
534446439
535166976
535167455
536805855
536871391
537659262
537660340
538050919
55116255
552272831
55313343
554041823
554369503
561972159
577700199
579340038
590807519
591987167
59459
596511369
600703455
612565471
61732
620298719
625215238
632160735
63832543
638977198
654773172
667681247
668270592
670302687
670499055
673121454
673122054
681706431
682688991
6881759
6947295
698286319
698286559
705692127
715784431
715784671
720896
733282783
755699212
75694559
757793007
758252479
758253318
774901260
786039263
788350
789428
790364160
808060078
808583647
83427807
856424927
858980831
877003231
878247936
878316169
88344326
883884511
884080879
888079534
894763247
894763487
895221999
897581056
900399583
905969664
914358272
915406848
917504000
918552576
919405023
919601152
920256991
921698304
921699023
922746880
923205871
923271168
923795456
924844032
926416896
926941184
92733919
929038336
931135488
932184064
932708352
933232640
933756928
935329792
935854080
937232134
939524096
948765151
964755935
9654
979566831
987695753
990040064
990052352
990056448
990060544
990109696
992019391
994574815
997589231
997589471
