0
1
1005453551
1005453671
1005912303
1008009695
1023398784
1029244378
1031798784
1032189888
1048248799
1050345831
1050411367
1052842544
1053491559
1054682912
1061430368
1064849424
1065353216
1066074112
1066598879
1066860663
1067198464
1070006751
1072037888
1072038367
1072431583
1072628071
1073676288
1073676767
1073742063
1073742303
1073743921
1074462720
1075052544
1076717586
1077459340
1077552288
1079060020
1079312623
1079630943
1080688879
1081016799
1081999404
1082000408
1082101072
1082130428
1082130432
1082130434
1082130440
1082134624
1082260455
1082606517
1082606519
1082717636
1083078656
1083248212
1084078646
1084227584
1084315664
1084817887
1084949199
1085192278
1085786722
1087130034
1087352025
1087659362
1087777192
1088230468
1088327517
1088421888
1088421904
1089384488
1090407891
1090519034
1090519036
1090519040
1090519041
1090519046
1090521137
1090705687
1090757082
1090757083
1091011839
1091240415
1091596976
1091613754
1091629484
1092005921
1092092143
1092616192
109314407
1093272031
1093391668
1093429888
1094164946
1094713344
1094715441
1094764244
1094764724
1095387483
1095448488
1095859668
1096854436
1097285508
1098515151
1098580387
1098817470
1098874887
1098875140
1098875142
1098904259
1098907646
1098907647
1098907648
1098908697
1099299288
1099410964
1099431936
1099636409
1100085202
1100237242
1100280767
1100294390
1100339478
1100353636
1100412879
1100447620
1100480512
1100533463
1100536086
1100564612
1100865338
1100865339
1100878444
1101004800
1101249118
1101254885
1101312030
1101342441
1101478232
1101820587
1101883508
1102042436
1102085355
1102151933
1102274626
1102289829
1102345926
1102639530
1102640582
1102811497
1102867595
1102898006
1103037989
1103102431
1103103534
1103132361
1103202774
1103244558
1103267624
1103272343
1103280210
1103474195
1103483634
1103541306
1103544980
1103564897
1103731795
1103789294
1104425779
1104478732
1104498656
1104540597
1105223972
1105373692
1105498996
1105499210
1105507383
1105855805
1105875062
1105999200
1106018458
1106103037
1106219303
1106247682
1106379231
1106379711
1107296257
1107332786
11075943
1107768565
1107803072
1107820546
1107899637
1108082688
1108502383
1108746970
1108869119
1108998095
1109283252
1109393408
1109438194
1109590495
1109733668
1110245615
1110704128
1111228415
1111490562
1112014848
1112014849
1112539136
1112797124
1113325568
1114636288
1116078080
1116799335
1117000172
1117257728
1117257729
1117380914
1117388800
1117500188
1117974682
1118897614
11207375
1121452511
112329063
1125188003
11272431
1133904351
1135152367
1141178847
1149764063
1153106159
1153106339
1153827295
1155334383
1160118511
1173029343
1181286639
1181286819
1200357555
1200357615
1200357795
1200357855
1204551680
1207632351
1213531910
1216217807
122093568
1231095258
1239941599
1244266855
1250558431
1250558911
1251344863
1252655583
1254490112
1258619239
1259995615
1263731167
1263796463
1263796703
1263797183
1275725574
1275726173
1278411231
1284833759
1294205167
1304101103
1308559110
1313
1314848887
1315111091
1320550579
1320550759
1334510047
1337065951
1338114527
1338507623
1348141535
1358889319
136250542
136251142
1370358958
1378353331
1383858415
1386611167
1389756895
1397752287
1415250279
1419903215
1419903455
1421935071
142475983
1431634399
1432355055
1434059231
1434059830
1436090487
1438
1438974431
1442709983
1446379699
1446379939
1457848799
145883136
145883735
1462829535
1465713119
146735823
1471480047
14877151
149029343
1490682275
1491206623
1497170099
1497170279
1503265247
1509818607
1516044767
1530988294
1534460143
1534460383
1537147059
1537147299
1547370975
1548878303
1567885062
1567885361
1569522143
1575223775
1587282279
1590362471
1591214439
1593377247
1602945024
1603469791
1606877663
1609498983
1610547200
1610547679
1610613215
1611333632
1611401086
1611402164
1611792743
1611923456
1615069663
1621688799
1631650271
1635386063
163578035
163578215
1646461407
1651442023
1653670247
1655439839
1656358662
1656358961
1658323423
166199775
1665728991
1669792223
1674445279
1679032799
1682571443
1682571683
1686307295
1691485958
1694040543
1696989423
1698957062
170525031
1723203943
1723204063
1728514996
1731635570
173342959
1738997999
1738998239
1741422592
1744503263
17498591
176816607
176817087
1770586591
178913699
178913759
1789526255
1789526495
1792278707
1792278887
1796341939
1796342119
1796342239
1796866287
1800602079
1800667375
1800667615
1800668095
180748288
1810629087
1815282143
1823670751
1829503455
1837629799
1837629859
1837629919
1841926314
1845430022
1848643084
184877415
1851719799
1864105984
1865287430
1870528991
1873936863
1885012447
1888289007
1895760231
1896677855
1899823523
1900783
1905
1907229870
1916797167
1918
1923482079
1926627807
192741855
1928069599
1928855791
1928856031
1934623199
1939014111
1950351779
1951989760
1952121191
1956382470
1957626335
1958715584
1961821358
1968505311
197787767
1979580895
1993146847
1994719711
1995440847
1996161263
1996161503
2014502296
2036793823
2038497759
2040136159
2046951783
2052915679
2067859206
2069561523
2084176351
2085423453
2085749215
2089681375
2098069983
2098111
2102722919
2104885427
2104885487
2104885607
2104885727
2107638239
2110457606
2110458205
2111637254
2112096006
211877888
2122187231
2124153191
2127233383
2128085351
2139815936
2140995823
2140996063
2143748575
2145059175
2145779712
2145780191
2147418591
2147549663
2148270080
2148337534
2148338612
2148729191
2148859904
2165047775
2177106399
2183397855
2188378471
2190606695
2202665439
2211381727
221446623
2223243743
2227044831
2230976991
2235893510
2235957727
2242839007
2265451444
2267350790
227672543
2277088634
2278097375
2278948864
2281439411
2281439591
2281439711
2290745583
2292515235
2293367263
2316370399
2318467791
2319319279
2319319519
2326462943
2333802975
2336162031
2337538527
2337603823
2337604063
2337604543
2341470687
2345533679
2345533919
2347565535
2352218591
2366377484
2379525915
2385579532
2396717535
2401042432
2406744243
2406744423
2410873311
2418738350
2434335199
2434597103
2437483145
2444166318
2446590011
2447179895
2460418527
2461008111
2461008351
2463564255
2477195503
2477195743
2488926208
2488994441
2489057639
248905967
2491613663
2494562783
2496725231
2496725411
2498757806
2499151022
2499151622
2505441759
2512781791
2515141087
2516517343
2527002863
2527003103
2530083295
2531656159
2532377295
2550858207
2558394607
257
2575434207
257949935
25821303
2586378719
2591752431
2593849823
2604795654
260768223
2607874287
2611609779
2611610019
2615148903
261621510
2621112799
2622685663
2630157247
2635006431
2639659367
264372703
264700263
264765799
2648637919
2649687214
2652700851
2652701091
2665021799
267387359
2679767519
2680685023
2681995623
2682716160
2682716639
2684355039
2684420575
2684421294
2684421594
2684422014
2684423692
2685208446
2685209524
2685210124
2685600103
2685731175
2686779871
2687303799
2688811367
2691170783
2691171263
2694709487
2701591007
2701918687
271712735
2719286147
2724004319
2725249383
2725314919
2725511527
2726823686
273219584
2739536351
2740519391
2745762031
2745762211
2748252639
2754675167
2759393759
2760114655
2767847903
2772764422
2772828639
2779709919
278528479
278659971
2787049831
2787180723
2787180963
2789867699
2802322356
2815230431
2815819776
2817851871
2830238175
2834694623
28418
2853241311
2854749958
2859860087
2863202423
2863333615
2863333855
2863335174
2863336073
286458335
2880635119
2882472285
288555247
288555367
2887254735
2888237235
2896691679
2903248396
2903966055
291832287
2919563743
2921136487
2922450444
2932933027
2934964703
2937913344
2955609262
2972582367
2982346931
2982347111
2996
2997748071
3001286835
3001287135
3006530015
3023372767
3025797120
3025865353
3026846055
3031433695
303235311
303366383
3035628718
3038839503
3041853919
3042312671
3042771183
3045064704
3047161856
3053453312
3053977959
3058696192
3061841920
3064725983
3066954207
3069248207
3074818527
3076522463
3090022879
3096314215
3100049767
310116591
3102213294
3109290343
3112305119
3128559066
3128559366
31414
3143893351
3149939461
3152282079
3157983711
3159556335
3159556695
3159557654
3161570048
3170889216
3171363584
3171877343
3174826343
3176464384
3176530279
317915495
3179282791
3180790239
3181445599
3182952687
318701687
3187605863
3195666911
3196059887
3196060067
3199205855
3201093120
3204914912
3205930904
3206663760
320864495
3208839347
3208839647
3209146368
3210543343
3212434304
3212510682
3213544916
3213692536
3214476462
3214477062
3214775378
3216704248
3217555935
3218591448
3218866535
3219587072
3219587551
3221225951
3221291487
3221292926
3221294604
322175215
322175455
3222011904
3222030781
3222079358
3222081036
3222324376
3222602087
3223171624
3223779800
3225289183
3225752992
3226040536
3226883590
3227984008
3228238063
3228238303
3228565500
3228883596
3229820288
3230038333
3230662656
3231580399
3231642020
3231711276
3232004830
3232366951
3232669626
3232751419
3233468994
3233829356
3235081356
3235199247
3235498359
3235619534
3235840280
3236266248
3236840866
3237725628
3237998475
3238002688
3238002690
3238035448
3238035449
3238044632
3238433655
3238789599
3239036348
3239051264
3239051268
3239390125
3240332624
3240423852
3240550734
3240598797
3240664518
3240664526
3240687043
3240792852
3241290555
3241290559
3241298362
3241521711
3241774410
3242016946
3242020916
3242144564
3242147709
3242196988
3242299210
3242812506
32440679
3244406346
3244622183
3244785930
3244945574
3245206791
3245457544
3245998664
3246208762
3246387852
3246658158
3246727368
3246732592
3246915586
3247003140
3247243743
3247344448
3247492303
3247581954
3247621801
3247630062
3247698345
3247787654
3247900119
3248178979
3248285024
3248365240
3248419761
3248473582
3248474813
3248488446
3248997533
3249012739
3249261771
3249271731
3249300571
3249301089
3249462099
3249537024
3249710564
3249772430
3249928528
3249944275
3250039816
3250045578
3250061310
3250061312
3250107975
3250139442
3250195214
3250276271
3250344950
3250370643
3250512724
3250625972
3250716401
3250783259
3251001885
3251109889
3251192200
3251318356
3251885060
3252100269
3252123653
3252127680
3252158464
3252728948
3252804723
3252936412
3253196049
3253302312
3253554624
3253604451
3253622277
3253656180
3253731322
3253731687
3253899108
3254245655
3254420768
3254666654
3254710174
3254932068
3254935780
3254945444
3254974154
3255072307
3255150312
3255172334
3255445156
3255445275
3255566336
3255600952
3255616198
3255704022
3255718995
3255828482
3255878055
3255967686
3256001212
3256157059
3256352768
3256353587
3256407197
3257309473
3257653041
3258422261
3258449920
3258893074
3259498498
3259580315
3260078696
3260103412
3260136818
3260711839
3261063134
3261071362
3261147619
3261182125
3261278691
3261411956
3261556916
3261595646
3261857792
3261881435
3262119936
3262126025
3262185831
3262207264
3262207266
3262382076
3262382079
3262382439
3262531024
3262644224
3262662299
3262817231
3263112718
3263168510
3263168512
3263169952
3263299584
3263561728
3263694598
3263906241
3264217086
3264610304
3264741378
3264872448
3265265664
3265428752
3265537369
3265614110
3266053133
3266183167
3266239842
3266244656
3266275691
3266280505
3266314240
3266314241
3266369656
3266369709
3266438464
3266445313
3266492860
3266969600
3267012580
3267179030
3267251611
3267756031
3267812264
3267870643
3267931538
3267963011
3268040583
3268113164
3268214416
3268333693
3268526106
3268716741
3268716821
3268886977
3269244855
3269668523
3269686364
3269717526
3269724746
3269736385
3269964197
3269984258
3270205304
3270248101
3270276063
3270292798
3270340773
3270390553
3270403583
3270508544
3270804284
3270967535
3271012769
3271054744
3271119737
3271267702
3271487786
3271537046
3271611335
3271628731
3271665637
3271679735
3271723878
3271884269
3272047863
3272107532
3272161528
3272202451
3272213472
3272217373
3272253043
3272267977
3272270998
3272281227
3272317417
3272358480
3272385542
3272404911
3272425126
3272449080
3272490584
3272527897
3272571206
3272589045
3272601030
3272676694
3272739730
3272763870
3272772497
3272779901
3272792595
3272881442
3272971103
3272972031
3272974448
3272978364
3273006162
3273039731
3273064927
3273078975
3273082015
3273149044
3273159396
3273194257
3273207599
3273316562
3273326486
3273334460
3273336135
3273339885
3273344092
3273358723
3273405072
3273525567
3273543481
3273545775
3273581734
3273590377
3273797467
3273801832
3273843656
3273970285
3273971925
3273978669
3273978672
3273987147
3274030735
3274130836
3274137759
3274146477
3274192073
3274198079
3274198110
3274224960
3274263944
3274357725
3274380252
3274428769
3274562404
3274577548
3274611320
3274648197
3274681084
3274719610
3274725572
3274879406
3274887922
3274937503
3275029153
3275119684
3275168985
3275169840
3275173555
3275189537
3275224390
3275238453
3275304996
3275353947
3275353950
3275410318
3275437537
3275479241
3275503361
3275573136
3275618483
3275635736
3275701716
3275708402
3275741400
3275750802
3275757771
3275762896
3275772909
3275785275
3275806923
3275816979
3275861094
3275900805
3275900806
3275937993
3275937998
3276024899
3276031888
3276078969
3276116588
3276193158
3276200138
3276200152
3276260594
3276260598
3276268348
3276282079
3276294021
3276389188
3276593352
3276637090
3276652189
3276658896
3276658900
3276753356
3276892108
3276900184
3276921036
3276945269
3276947677
3276963191
3276965598
3277010175
3277010202
3277014916
3277044577
3277080458
3277195142
3277290142
3277293958
3277319657
3277376275
3277381829
3277402551
327745715
327745955
3277483018
3277573159
3277620470
3277672278
3277691256
3277717273
3277735502
3277751625
3277972179
3277974444
3277974598
3277997958
3278104940
3278167309
3278286164
3278336611
3278362827
3278424108
3278447776
3278522243
3278532466
3278587790
3278588004
3278623328
3278659610
3278668530
3278693541
3278826909
3278893591
3278909267
3278963380
3278969001
3279055470
3279094212
3279112063
3279112068
3279168870
3279178418
3279245139
3279245142
3279313116
3279324546
3279352712
3279390958
3279411409
3279569235
3279570814
3279570832
3279658113
3279675521
3279823063
3279832972
3279931051
3279935696
3279987653
3280020417
3280031440
3280032027
3280037822
3280050059
3280050060
3280208820
3280281857
3280296770
3280334605
3280386206
3280392552
3280481808
3280482270
3280483480
3280499337
3280559333
3280577475
3280600054
3280659500
3280666196
3280729046
3280918087
3280983377
3280992138
3281101760
3281128231
3281462210
3281691586
3288465767
3298363441
3300065759
3307667935
3309699551
3315531776
3315532255
3316580831
3318481375
3323920743
3330605415
3332243695
3332243935
333775327
3352101343
3352690688
3367109087
3372941551
3390112223
3391620870
3394830395
3400204767
341246191
341246431
3424125647
3426223039
3429268937
3433168896
343671503
3440119308
3440836967
3447325151
345637223
3458007399
3470196975
3471835615
3474981043
3477733555
3477733735
347800031
3492480174
3499950979
3509453279
3513123295
3514827231
3525836979
3534618983
353632495
3539206503
3547857135
3547858394
3547858694
3562736265
3564962511
3566862515
3569091039
357171679
3575710415
3578200423
357892575
3579183583
3579184902
3579185501
3590259167
3590848871
360514015
3605791199
3626893791
3627942127
3633185127
3636527583
3636920679
3646161255
364904687
365232607
3652976999
3652977958
3666215391
3666216110
3680764263
3681747423
3689152991
368968159
3696427247
3698524639
370999775
3711697255
3712614879
3717661151
3718316511
3724476775
372572519
372900319
3732537823
3736076767
3737552174
3744858351
3751608679
3758096863
3758162399
3758163358
3758163838
3758164916
3758165516
3758882816
3758950270
3758951948
3759472999
3762160095
3766944223
3768451311
3769237863
3769434591
3773039071
3774415027
3777300230
3777495279
3789357535
3790602599
3793027971
3799056743
3799253351
3800565510
3805282783
3806855647
3811180903
3816161519
3818652127
3825336679
3833987431
3844538847
3850895839
3860791655
3867476327
3869311215
3870490983
38732135
3879601326
3879601926
3880255488
3882615023
3882680799
3883139251
3883139491
3888972255
3892904415
3895241729
3901358319
3901358559
3904045056
3904045655
3904897743
3908960735
3910598715
3916497375
392823263
3928491782
3937075679
394593454
3950903775
3958243807
3960996559
3968532959
3970039808
397738223
3977707879
3985834463
3994878311
3998175
4007067887
4008706527
4009885935
4009886175
4011065583
4011065823
4016111855
4019585503
4035969203
4035969383
4036690399
4036821891
4041212383
4046324191
405602783
4061594079
4071489895
4073652583
4076077415
4090954207
4091937247
4101833423
4103931654
4105961951
4111204831
4112581327
4116054495
4127130079
4127719783
4128768179
4128768359
4129161695
4139450847
4150985183
4152755374
4159570279
4163699167
4163764703
4170056039
4173791591
417464799
4183032167
4194435311
4198695391
4217635175
4226023903
4233298159
4235395551
4235594077
4237033951
4239393007
4239393247
4248568167
4249223527
4253943558
4261347687
4263903351
4269408735
4271571183
4271571423
4272554463
4272947679
4281089606
4287890606
4290971398
4292609798
4293328896
4293329375
4293525623
4293919079
434307311
43494
436273391
436469939
436470239
440533471
442631342
442632541
4653535
469041631
477233631
479
482805510
482806409
493879715
496717012
504235782
514392543
515506535
515507135
516096479
516686303
521074999
524681695
524746931
524747111
529727967
534249951
535166976
535167455
535757159
536805376
536805855
536871391
536872350
536872830
536873908
544145647
544145887
545653215
547946975
548078287
551748063
553648607
554369503
556138975
556204271
55836911
55837151
561644239
5636275
5636575
569311471
575275127
575930847
584581599
59459
597361119
598343799
599916723
599917023
60490207
612696423
612696543
61732
618463471
623247599
630523654
639697135
639697375
644415727
649199975
658964480
65995231
667680768
667877855
66847199
67174759
679346895
681050471
681050591
682754048
682754647
683606735
688390623
6947295
695009759
695665119
703070687
703660391
705692127
707395943
713687519
713687999
715784671
717619200
720896
721748327
723124703
724435423
729612767
740688051
752877807
75825511
761201119
764674527
771688198
777977975
794820847
797639135
801243615
801571175
804258271
811270623
815399391
81592559
822018407
846987503
853279079
856424927
860881375
86376927
870646239
874643935
8782303
888930483
894763487
897581056
900399583
907870687
916914535
923271168
924844032
929694175
931464366
933232640
934609135
935854080
942473695
952762607
952762787
954335711
9654
966394335
970326495
973144303
974127343
977404383
979173855
98304479
990052352
990056448
990060544
998445056
