0
1
1014104543
1015939551
1023398784
1023409152
1023409664
102629735
10289391
1031798784
1032189888
1032651231
1038352863
1052842544
1054081263
1064961498
1066927278
1066927878
1068433647
1072037888
1072038367
1072628071
1073676767
1073742303
1073743262
1073743742
1073744820
1076717586
1077936367
1078133095
1080166150
1082130432
1082130440
1082134624
1082524127
1082606517
1082606519
1084227584
1084949199
1088618975
1090757082
1090757083
1090899678
1091240415
1092551135
109314407
1093272031
1099170271
1099694559
1100613382
1103102431
11075943
1121780191
1127678431
1134232031
1135152367
1138584668
1138614487
1139782403
1139896340
1139905737
1139936313
1140011654
1140023726
1140028039
1140045459
1140058143
1140082513
1140090001
1140111512
1140143662
1140143687
1140144016
1140152835
1140161655
1140182654
1140198556
1140204712
1140229835
1140309857
1140329577
1140459568
1140460760
1140487946
1140539026
1140610095
1140621571
1140621572
1140711986
1140740834
1140740849
1140786885
1140791707
1140813707
1140821526
1140850907
1140880406
1140886842
1140899071
1140917094
1140936958
1140980618
1141003526
1141031777
1141043626
1141052339
1141055855
1141084883
1141100627
1141105626
1141122079
1141140023
1141146470
1141162295
1141172620
1141172621
1141177582
1141186967
1141215253
1141221288
1141223445
1141250683
1141252464
1141257694
1141263594
1141263934
1141265981
1141280726
1141290253
1141353875
1141355053
1141364354
1141376624
1141409287
1141413017
1141420063
1141424997
1141434579
1141449691
1141469644
1141471286
1141472051
1141481731
1141494718
1141497018
1141515646
1141529011
1141534689
1141539687
1141540724
1141542881
1141546582
1141552543
1141566819
1141568776
1141569730
1141570119
1141576154
1141579844
1141579851
1141591699
1141594347
1141595905
1141608764
1141609689
1141660782
1141670758
1141670923
1141675560
1141677840
1141679049
1141683152
1141683790
1141723314
1141730163
1141764698
1141785443
1141787609
1141793584
1141814760
1141827707
1141833904
1141836421
1141839936
1141842328
1141844423
1141844424
1141846545
1141852269
1141882467
1141884197
1141889708
1141897775
1141899279
1141899286
1141905997
1141906160
1141940213
1141944821
1141952565
1141956949
1141971048
1141971060
1141990359
1141993185
1142002226
1142002588
1142010111
1142011806
1142019796
1142020028
1142025068
1142029661
1142031151
1142036545
1142039344
1142050063
1142069609
1142084134
1142084400
1142094909
1142107044
1142129683
1142147143
1142155857
1142159372
1142178903
1142187591
1142193367
1142209143
1142211430
1142218659
1142225596
1142255366
1142276859
1142290483
1142295263
1142296077
1142304004
1142336113
1142352856
1142353812
1142355926
1142355980
1142360234
1142369498
1142372871
1142375778
1142382654
1142416176
1142420277
1142432561
1142459640
1142512803
1142512932
1142538095
1142563633
1142574802
1142580219
1142593075
1142608434
1142636350
1142672292
1142672361
1142673246
1142679670
1142695214
1142700396
1142713445
1142743858
1142779076
1142783635
1142794192
1142803876
1142815197
1142818095
1142843409
1142875993
1142891586
1142899847
1142921301
1142933912
1142955785
1142982876
1142996761
1143005591
1143073158
1143087921
1143113627
1143123312
1143141977
1143178039
1143180896
1145373151
1149567335
1155334383
1186070887
1195835392
1216217807
1219624960
1219625559
1220477647
1227882735
1233715679
1239941599
1244266855
1250558431
1250558911
1252655583
1254490112
1258619239
1266483679
1278673855
1281032551
1292173551
1295778271
1298465247
1306657247
130810335
1311079
1313
1315702534
1328416518
133104095
1331691759
1334510047
1338114527
1338442087
1338507623
1352270303
136250542
136251142
1365574111
1383858415
1391984879
1391985119
1400307951
1400309210
1400309510
1407582687
1417806303
1421935071
1431634399
143328191
1444741599
1452671215
1461321967
1465713119
1466565087
1468335278
1471480047
1479344607
1480392943
1485636063
1488978399
1491206623
1510015215
1514275295
1518666207
1518666926
1521025503
1560150495
1565065695
1567885062
1567885361
1603469791
1608908800
1608909279
1609498983
1610547200
1610547679
1610613934
1610614234
1621688799
1621820111
1622081775
1628111327
1631650271
1635386063
1641808351
1643577583
1658323423
1664549343
1692205295
1696989423
170329862
1721762031
1731635570
1732052142
1732052742
1733297926
1735065839
1735131615
1741422592
1753088719
1756692959
1756693439
1763770607
1776812511
1781137767
1787429343
1787429823
178913759
1789526495
1791361024
1795490151
1796866287
1803682031
1803682271
1808597231
1808597471
1823670751
1838285279
1841926314
1845430022
1851719799
186253551
1871380959
1872036319
1874985439
1875312999
1885012447
1887176454
1895760231
1905
1908868570
1914044895
1918
1919484143
1920729327
1934623199
193921503
19530207
1956577759
1958715584
1968505311
1988495110
1990002438
1993998815
200016351
2008350959
2014502296
2028077535
202834639
2039218535
2040136159
2052915679
2068447471
2081883910
2089681375
2109669855
2111701231
2111701471
2112750766
211877888
2124153191
2126971359
2127233383
2139815936
2140340703
2140341422
2143748575
2146369895
2147418112
2147418591
2147549663
2148270080
2148859904
2149647295
2155807679
2158625247
2159018463
2172322511
2178875871
2181234927
2183397855
2190606695
2194800879
2195259871
219545959
2196963807
2199323103
2202862527
2203191945
2207188442
2233925871
2277088634
2278359040
2278818271
2281439711
2320892143
2322596319
2322596799
2326462823
2326462943
2326463423
232915423
2337538527
2337603823
2337604063
2337604543
2346452742
2351956447
2352218591
236716391
2368995807
2379525915
2380464607
2382366470
2388656247
239
2394357999
2405435142
2410021103
2410873311
2421948895
2426405823
2432696679
2439381471
2444166318
2450915567
2452947423
2460418527
2463564255
2471559647
247857631
2486501855
2489057639
248905967
2491613663
2500133103
2504983007
2505441759
2505443078
2505443677
250544607
2512453871
2516517343
2520449503
2531656159
2539127263
25428207
2547910406
257
2577072607
2589852127
2590180526
2590181725
2604795654
2616590815
2622685663
2626422534
2630354694
2630355593
2648637679
2661089639
2663645663
2664169831
2665021799
2676752384
2680685023
2684355039
2684420575
2684421294
2684421594
2685140992
2685208446
2685209524
2685600103
2685730816
2691367151
2691367391
2696610031
2699493855
2703688159
271712735
2720268767
2725249383
2727477607
2727609818
2734096623
2738356703
2739273967
2739536351
2748252639
2760114655
2767847903
2772764422
2777154015
278659971
2799699718
2802322356
2815427039
2818310623
28418
2842558943
2842755551
2863333855
2872181215
2874409439
2874474735
2874474975
2874475455
288162271
2884501983
2889089503
2918973919
2922450444
2923495783
2929131999
29360607
2937913344
2947744223
2953316102
2981037230
298256134
2997289439
3000435167
3024552415
3025797120
3025928551
3031433695
3031630063
3035628718
3042312671
3045064704
3047161856
3050570687
3053388255
3053453312
3057386431
3058696192
3061841920
3066954207
3067806175
3068527071
3069248207
3078095207
3084781318
3096314335
3097232319
3112305119
312213863
313327975
31414
3141666566
3148474368
3148476416
3149939461
3153461487
3157983711
3159556575
3161570048
3171342336
3171481600
3171481856
3171573504
3171877343
3176530279
3176793562
317915495
3180134879
318046447
3187802351
3192456966
319619551
3196978950
3201093120
3201892711
3204914912
3205930904
3216704248
3217555935
3218866535
3219587072
3219587551
3221225951
3221291487
3222079358
3222080436
3222471015
3224110100
3224110104
3228238063
3228565500
3229679635
3229820288
3232563679
3235498359
3235840280
3237998475
3237998481
3238002687
3238002688
3238035447
3238035448
3238035449
3238035460
3238789599
32440679
3246719455
3251439066
3251439366
3253928415
3253928895
3262120295
3263694598
3264481929
3273064927
3275227615
3276407263
3282568966
3285123551
3289620396
3289735762
3289857576
3290162485
3290162486
3290202473
3290491609
3290532304
3290546834
3290586210
3290586811
3290590691
3290591292
3290602436
3290602443
3290611038
3290636046
3290649389
3290746218
3290859729
3290961837
3290992798
3291014795
3291017027
3291023279
3291090738
3291125621
3291147004
3291188074
3291199008
3291208629
3291209979
3291242205
3291264424
3291268773
3291302658
3291332658
3291374226
3291374227
3291374228
3291377245
3291405548
3291420904
3291451970
3291453076
3291467872
3291504393
3291511848
3291529183
3291529184
3291530765
3291535111
3291535112
3291535113
3291544217
3291556566
3291557251
3291559740
3291570540
3291590667
3291597283
3291597284
3291604366
3291604599
3291605203
3291611046
3291613132
3291617056
3291619029
3291620807
3291636197
3291640831
3291649891
3291663491
3291693212
3291696562
3291734111
3291736164
3291793767
3291822505
3291824612
3291927578
3292046723
3292075190
3292111194
3292183754
3292231126
3292251932
3292261005
3292291771
3292311193
3292323460
3292338382
3292349930
3292359625
3292368698
3292444146
3292444156
3292489880
3292558069
3292569244
3292596389
3292596534
3292630217
3292641152
3292647150
3292653372
3292655002
3292826323
3292829847
3292921880
3292926481
3292950296
3292989269
3292999535
3293006300
3293022184
3293032561
3293180417
3293199763
3293208479
3293223887
3293268048
3293295783
3293305347
3293307524
3293400206
3293417597
3293554303
3293631911
3293762494
3294069190
3294132944
3294146231
3294146832
3294147260
3294150712
3294151313
3294162457
3294162464
3294171058
3294229180
3294393019
3294399917
3294420153
3294434292
3294438076
3294472897
3294521857
3294574815
3294577047
3294583299
3294585273
3294650758
3294748094
3294802224
3294824445
3294828794
3294884540
3294892678
3294927060
3295027892
3295064412
3295071867
3295090257
3295090784
3295097281
3295107777
3295116586
3295119759
3295164387
3295164619
3295165222
3295173151
3295212647
3295223510
3295226206
3295235987
3295235988
3295253232
3295256581
3295276292
3295294076
3295323176
3295324152
3295326908
3295334463
3295382524
3295487596
3295490748
3295556284
3295679360
3295720060
3295801981
3295933052
3295959354
3295975850
3296063096
3296063697
3296067577
3296068178
3296079323
3296079330
3296087924
3296091394
3296295352
3296348881
3296359036
3296438721
3296491679
3296493911
3296500163
3296503392
3296567623
3296637566
3296664960
3296673083
3296687076
3296719089
3296732127
3296734301
3296766243
3296769990
3296770366
3296833850
3296852110
3296855838
3296865297
3296878197
3296879784
3296902098
3296902212
3296902516
3296906481
3296931660
3296946520
3296947519
3296948195
3296948722
3296958782
3296985567
3297011166
3297063702
3302359279
3304718815
3309635334
3316580831
3339193268
3352690688
3357541550
3357542150
3362521447
3367109087
3390112223
3400204767
3407544799
3408462303
3423274758
3423275357
3425698271
3429268937
3434152415
343671503
3440119308
3454206431
3459321356
3463251718
3474784256
347800031
348193247
34866051
3492480174
3493003743
3507552495
351601838
351602438
3519547142
354419407
3562668032
3562736265
3568304607
3572499630
357892575
3579183583
3579184902
3579185501
3579904239
3579971034
3579971334
3590652383
3596
3603825119
3606119119
3610378719
3616932079
3622374025
363528671
3649176031
365232367
3657695471
3682009327
3682009567
368968159
3694854623
369557863
3708748255
3713401191
3735683551
3737552174
3737977311
3745054959
3754426847
3755540959
3755737447
3756457984
3756458463
3758096863
3758163838
3758165516
3758950150
3758950270
3758951948
3759472999
3760062703
3765109215
3767010239
3768451311
3769434351
3769630959
3775660511
3790275039
3793027971
379453679
379453919
3799056743
3799253351
3800565510
3803842310
3803842609
3812098527
3826581983
3833987551
3850895839
3853451743
3854632710
3860791655
3860988383
3865444831
3888972255
3889561600
3895241729
3897427718
3903979999
3912828378
3912829277
3916497375
3916956127
39190887
391971295
3926983135
3928491782
3937075439
3937075679
3958178271
3958243807
3960996559
3962568943
3976990220
3977707879
3994878311
3998175
4008706527
4029351086
403309023
4046324191
4049404383
4054712559
405602783
4071489895
4075618783
40894823
4095934943
4099607177
410845423
41091431
4112581327
4116054495
411894119
411894239
41222623
4123394527
4127523295
4127719783
4150264287
415629671
4163764703
4170056039
4173791591
4183032167
4192272623
4217635175
4226023903
4233298159
42403590
4248568167
424870247
4258006790
4258007389
4261347687
4262397702
4269408735
4272554463
4272947679
4281089606
4284350703
43494
459473255
467861983
475136239
477233631
479
482608063
490406247
494143238
494143537
495255791
496717012
496894431
501285823
503185767
511246815
511377887
514785759
516686303
521074999
526844143
528482783
534249951
536805735
536805855
536871391
536872350
536872830
536873908
537591808
540869087
542441711
545653215
547946855
551748063
555745639
557908447
569311591
580911583
592970207
59459
597361119
604045671
612696423
612696543
61732
623247839
623249158
646185319
649199975
656147930
656149428
658964480
670302687
67174759
67961311
680198383
682754048
682754647
683606735
694224346
695665119
705692127
715784431
715784671
715785990
715786889
720896
729612767
741278175
748748800
749142495
749928927
769786335
785776879
788350
790028
794820847
804978927
812057055
813631238
815006175
815399391
815530883
854786407
86376927
867762655
870646239
874643935
880542415
884670943
894763487
897581056
905839071
905969664
907870687
910163968
910819328
914358272
916455424
920256751
922746880
923271168
923795456
924844032
926941184
927465472
929038336
929694175
930856960
931464366
932184064
932708352
933232640
935854080
942473695
948765151
9654
973144303
977404383
981009882
981010182
990040064
990052352
990060544
990109696
992544218
992544518
