0
1
1002569967
1004732895
1005912303
1012007151
1023398784
1027211623
1031798784
1032189888
1038418159
1038418399
1040056679
1047003375
1048117727
1051656671
1052842544
1064849424
1067198464
1071317231
1073676767
1073742303
1073743742
1073745420
1074462720
1074530174
1074531852
1075052903
1076717586
1076953567
1077674463
1078132975
1080452708
1080471572
1080688879
1082009844
1082067512
1082067516
1082067518
1082067520
1082130430
1082130440
1082134624
1082606517
1082606519
1083221432
1083640378
1084031215
1084817767
1090453502
1090487583
1090519038
1090521137
1090610130
1090757082
1090757083
1091011839
1093272031
1094699641
1094713343
1094975727
1103102431
1106182503
1106379231
1106379711
1107165663
1107168180
1108607875
1114636647
1114767719
1116145414
112918767
1135152367
1138622943
1140916583
1143100498
1143115407
1143540069
1143560021
1143597998
1143690676
1143692312
1143699362
1143725431
1143748942
1143751348
1143761029
1143776315
1143813987
1143820023
1143822179
1143849415
1143873643
1143888987
1143892658
1143963088
1143974579
1144013722
1144074812
1144082741
1144115284
1144121622
1144123151
1144123719
1144125839
1144129103
1144138418
1144156511
1144156941
1144161760
1144163491
1144177070
1144178575
1144178582
1144179690
1144183475
1144185292
1144204016
1144218296
1144218925
1144224115
1144231101
1144236243
1144250356
1144268030
1144269654
1144276722
1144281883
1144291099
1144298181
1144299321
1144308954
1144310445
1144320033
1144330670
1144334617
1144337409
1144338302
1144339576
1144348903
1144354343
1144355450
1144360788
1144363429
1144376576
1144380310
1144386343
1144424770
1144426438
1144434119
1144435151
1144435605
1144438667
1144488439
1144489290
1144504893
1144556151
1144561686
1144565862
1144569779
1144574558
1144575370
1144583296
1144594320
1144605904
1144611495
1144618317
1144618387
1144620414
1144629935
1144635278
1144646456
1144648796
1144652112
1144663536
1144672457
1144687007
1144699563
1144699569
1144709415
1144714591
1144716098
1144722269
1144745509
1144745573
1144745683
1144748281
1144772338
1144792100
1144792310
1144795827
1144802879
1144817391
1144817400
1144833042
1144835654
1144853171
1144854098
1144857499
1144864547
1144879832
1144917505
1144923540
1144925696
1144927140
1144951589
1144952543
1144952933
1144958966
1144965559
1144974510
1144977160
1144977335
1144979688
1144992504
1145021687
1145037481
1145058370
1145062924
1145066605
1145068573
1145069548
1145072303
1145095405
1145115430
1145122698
1145152663
1145155283
1145161457
1145161458
1145170877
1145177406
1145192781
1145200387
1145200590
1145213201
1145225138
1145227236
1145229354
1145235081
1145236145
1145242417
1145258320
1145262060
1145262166
1145264466
1145265275
1145267007
1145276050
1145280585
1145282092
1145282099
1145284881
1145288807
1145289437
1145301679
1145307469
1145327631
1145339759
1145352446
1145361866
1145373004
1145373008
1145373171
1145385400
1145388119
1145388120
1145390057
1145392920
1145394615
1145402605
1145402837
1145412470
1145413960
1145416875
1145421266
1145428459
1145440348
1145452420
1145457325
1145460184
1145466946
1145489859
1145518110
1145529955
1145538668
1145542184
1145591956
1145608411
1145636991
1145659667
1145663080
1145673296
1145678886
1145686811
1145728087
1145738796
1145752312
1145763474
1145803086
1145816581
1145836861
1145884536
1145895617
1145920909
1145922036
1145957615
1145972961
1146007717
1146022223
1146055105
1146056060
1146062484
1146078027
1146083204
1146087676
1146114262
1146114905
1146161888
1146166441
1146175821
1146226215
1146258800
1146274393
1146304105
1146306893
1146316717
1146335023
1146338598
1146365681
1146379566
1146388398
1146455962
1146496438
1146506122
1146524784
1146560841
1146563700
1146601484
1146613069
1147041724
1148222279
1148303376
1148453366
1148769738
1148791538
1148800599
1149197428
1149250597
1149310562
1149320966
1149325502
1149341745
1149342755
1149364191
1149367655
1149369966
1149374813
1149378892
1149379349
1149392233
1149401245
1149408523
1149409272
1149416782
1149416972
1149417072
1149417077
1149434718
1149451070
1149461150
1149466446
1149472240
1149479622
1149483827
1149496005
1149501203
1149504167
1149508290
1149510109
1149510586
1149511051
1149515576
1149518459
1149518573
1149520554
1149521686
1149522500
1149530009
1149530168
1149531733
1149532030
1149532096
1149533324
1149539099
1149548958
1149556142
1149570910
1149571570
1149571836
1149581241
1149604041
1149607536
1149608160
1149609922
1149615607
1149615728
1149618009
1149622081
1149633429
1149650810
1149655937
1149666992
1149668209
1149670147
1149678265
1149689633
1149691257
1149694767
1149698149
1149700763
1149702715
1149706090
1149711280
1149732706
1149733273
1149733378
1149754172
1149763636
1149785209
1149794880
1149797425
1149799237
1149842892
1149847672
1149903797
1149972148
1150014676
1150076245
1150126805
1150149589
1150151038
1150186707
1150229592
1150261468
1150268113
1150268414
1150268526
1150270354
1150270655
1150276227
1150276230
1150276819
1150280528
1150302169
1150341131
1150342354
1150350547
1150358510
1150394957
1150404850
1150405075
1150455928
1150469182
1150482407
1150483521
1150486648
1150493793
1150516435
1150520377
1150538963
1150569044
1150596108
1150607218
1150609394
1150626335
1150641335
1150641682
1150651254
1150661842
1150696977
1150708945
1150727204
1150730932
1150740389
1150753289
1150754877
1150777190
1150777304
1150777607
1150781572
1150784521
1150795421
1150799952
1150806752
1150808101
1150812992
1150814257
1150821613
1150823287
1150886261
1150887311
1150938796
1150945237
1150998365
1151030601
1151066881
1151078466
1151090566
1151100969
1151105063
1151105505
1151113223
1151144195
1151149970
1151154817
1151159353
1151197076
1151197081
1151209654
1151234866
1151234867
1151259625
1151290112
1151295580
1151298577
1151301690
1151302503
1151356061
1151371596
1151388164
1151389926
1151435941
1151437608
1151450151
1151454984
1151466572
1151469637
1151474596
1151474770
1151478153
1151486093
1151491283
1151507120
1151565212
1151574884
1151579241
1151622895
1151627676
1151683800
1151727237
1151752151
1151856248
1151917560
1151966712
1151970160
1151980278
1152009595
1152041472
1152048117
1152048418
1152050357
1152050658
1152056230
1152056233
1152060531
1152138994
1152141366
1152235931
1152262410
1152263524
1152266651
1152300380
1152301084
1152335601
1152335602
1152349047
1152376112
1152376310
1152383304
1152387221
1152388195
1152389398
1152407841
1152421339
1152433656
1152444603
1152449257
1152488948
1152507207
1152510935
1152520393
1152533293
1152534880
1152557194
1152557308
1152557611
1152561576
1152586755
1152601616
1152603290
1152666264
1152682586
1152684777
1152718799
1152802295
1152859638
1158676719
1160118751
116457951
1173553631
1176371559
117902260
1180007
1183056231
1184694511
1184694751
118949038
1199702495
1204552159
1219822047
1219822527
1229979887
1229980127
1244071686
1252524271
1252655583
1271726319
1271726559
1272774895
1275725574
1275726173
1276576463
1277428191
1285619712
1287259310
1293287783
1295778271
1296042333
1303904735
130810335
1310458215
1313
131399680
1322647791
1324286431
1326252271
1352401795
1361904095
136250542
136251142
1387069799
1391657319
1402929631
1403322607
1403322847
1416298975
1417413327
1421541855
1421935071
1428161231
1431634399
1431635718
1432355055
1437270255
1438974431
1442709983
1443299687
1455096047
1455620335
1457127903
145818079
1465713119
1473249399
1479344607
1485635943
1489371495
1498612071
152305903
152306143
1533215079
1541603807
1544159471
1548878063
1550975455
1560478175
1564148071
1567885062
1567885361
157353434
1575879854
1576009967
1576927591
1583087855
1584988639
1588527583
1593311471
1610547679
1610613215
1610614174
1610614654
1610615732
1611333632
1613103583
1614610911
1616380143
1617887471
1617887711
1619395039
1621688679
1621819631
1625489887
1625948399
1629946095
1631650271
1642856687
1643053415
1645740511
1656358662
1656358961
1659306463
1660027359
1665926079
1671102943
1673200095
1677787495
1686438247
168821215
169674502
1696989663
1699021279
1704853504
1719927143
1722941799
1731635570
1732706304
173342959
174194807
174194927
17498591
1756495872
1756496471
1757348559
176881903
178913519
178913759
1789526255
1789526495
1796866527
1798373855
1803354591
1810629087
1815019999
1822490624
1823605215
1823670751
1841926314
1846149359
1855848927
1859518703
1868103919
1868562671
1874133471
1889141215
1889272707
1905
191693039
1917059311
1928528231
1944388063
1949565407
1954284239
1958412767
1958715584
1963196655
1968046559
1968505311
1979580895
1979974111
1981612511
2000028127
2003435999
2005206190
2013202182
2014502296
2016215519
204407263
2046886127
2051146207
2078474479
2078474719
2087846367
2088044893
2089681375
2091843823
2091844063
2098111
2101871071
2105608541
2106394374
2110457606
2110458205
2137129199
2137129439
2145060614
2145779712
2145780191
2146369895
2147418591
2147549663
2147550622
2147550982
2147551102
2147552180
2150760927
2154496239
2154496479
2154824159
2156331487
2158756559
2162426335
2165047775
2165899503
2166948079
2174353887
218828300
2197225711
2205155807
2208039391
2217017823
2223374695
2229141743
2233991407
2235957727
2241789952
2259878247
2269642752
2277088634
2290025167
2293432320
2293432919
2294285007
2294809055
2313748959
2318074215
2324365791
2324366271
2326462943
2328297472
2332426599
2333802975
2340291039
2347565535
2375221727
2378301919
2379525915
238030348
2390687983
2405499119
2405958111
2408317407
2411921887
2412314983
2426077663
2435317999
2435318239
2457665775
2463039727
2481324511
2481455343
2481455583
2482241775
2487681503
2491613663
249168351
249364959
2494759151
2505441759
2510291183
2512781791
2518548959
2529427695
2530935263
253493248
2540372447
2542142638
2545287407
2553151967
2554200303
2556626694
2558394607
2565013983
257
2578776303
2583625967
2583822575
2588082655
259850719
2619015407
2630157247
2631401951
2648244703
2674131063
2674131183
2677277151
2682716160
2682716639
2683306343
2684354560
2684355039
2684420575
2684421294
2684421594
2693267695
2695496159
2695627471
2695692767
2698772959
2701918687
2702901487
2709193423
2709848543
271189166
2713387247
2713387487
271712735
2718433759
2732130783
2740519391
2755133679
2755658207
2766012655
2770796783
2791573853
2795897071
2797535471
281149679
281149919
2815229952
2821062895
2826896079
2829713647
28418
2850619871
2851668447
2854945127
2859925743
2859925983
2861236703
2861237183
2863333615
2863333855
2863335174
2863336073
2865168384
2869297511
2870673647
2888827359
2903835103
2918056415
2918057734
2919237382
2925527159
2945188319
2948792799
2949185895
2951807455
2957639680
2958819567
2958819807
2962424047
2962424287
2969567591
2987000287
2994536687
3008430559
3026387183
3034841327
3042312671
3045064704
3046442758
3047161856
3053453312
3058696192
3060072687
3061317871
3061318111
3082223855
309068015
309068255
3101884895
3112763871
3113943519
3126723039
3128295903
3128559066
3128559366
3133081350
3136749807
31414
3149939461
3161570048
3170566263
3170566383
3171469312
3175743967
317587695
317587935
3197960551
3198812639
3201040743
3201093120
3204914912
3205930904
3209146368
3213623296
3214148063
3216704248
3217555935
3220177255
3221225951
3221291008
3221291247
3221291487
3221293105
3221293405
3222011904
3222601728
3223191791
3228238303
3228565500
3229682065
3229716064
3229820288
3230925279
3232367071
3232563439
3235498359
3235840280
3237998475
3238002688
3238035448
3238035449
3242655983
3246064335
3247243743
3250521862
3257139679
3259040223
3264348519
3264610423
3269001695
3273064927
3278309126
3304196145
3307667695
3325297119
3352100864
3352101103
3352101343
3355181535
336134383
3364487407
3366781407
3366782846
3374842095
3374842335
339935471
3400204767
3407544799
340984047
340984287
3411280351
3411345647
3411345887
3411346367
341377024
341445257
3417571567
3417571807
3425698031
3425960415
3426223039
3429268937
3456108294
3462398071
347013599
3484680671
3488678367
3491496175
3491496415
3495690719
3506438503
351208622
3517908142
3534160351
3537306079
3545301231
3545301471
3547857135
3547858394
3547858694
3553821151
3562799463
3577938399
357892575
3579183583
3579184902
3579185501
3586523615
3588161775
3590259167
3601793503
3605397983
3613393375
3620929775
3620930015
3647865311
364904687
3650814431
3663593951
3678537478
3696427487
3704881391
3705143535
3711828207
3722379743
3725526790
3734831463
3735683551
3737552174
3737911655
3738763623
3747479791
3750494208
3753640175
3754426847
3755016671
3758096863
3758162399
3758882816
3758950270
3758951348
3759341927
3759472640
3759736582
3761045743
3761045983
3769368815
3772055671
3772056031
3775332831
3783590127
3793486063
3794010591
3798991207
3799384543
3801219431
3801219551
3813278175
3819241951
3821994463
382534111
3826123231
3833856479
383385839
3838378463
3841589727
3846506246
384828111
3850895839
3866099951
3869311215
3876064180
3892052447
3895241729
3916497375
3919773935
3937075679
3948151263
3948216559
3948216799
3948217279
3948806383
3958243807
3962831327
3968598495
3996192268
4011655168
4020633839
4020634079
4021486047
402718959
4054779054
4071031263
4074176991
4077781471
4080271839
40829287
4099538944
4099670375
4100719071
4105175519
4109370542
4112777335
4116054495
4116513007
4121690591
4124901855
4127130079
4140696031
4142268895
4142990031
4143710447
4143710687
4145348727
4145348847
4148496134
4186046943
4215408390
4231725535
4233298399
4238737887
4239262175
4245619167
4250272103
4252172767
4252174685
4254532063
4255187423
4259186438
4259645190
4269539807
4275634535
427885023
4281089606
4283498975
4291297759
4292608359
4293328896
4293329375
43494
446300639
44827103
457703903
469041631
473563615
479
482805510
482806409
487457247
492110183
494797279
495780319
496370143
496717012
497025503
501481951
503120111
504365295
516096479
516686303
519897327
521074999
528941535
531562735
532152559
533135839
534249951
534446439
535166976
535167455
536805855
536872830
536874508
537659262
537660940
538181991
547160303
55116255
554369503
555745519
556204271
5570799
562299359
571736963
577765735
577962343
579274502
59459
607125983
612696543
61732
630259951
632160735
63832543
639500647
64620294
664797423
664797663
667681247
668270592
680067311
680067551
682033391
682033631
682688991
692650223
694485231
694485471
695009759
695665119
696844767
705692127
707200774
715784671
733282783
734923101
739705551
755699212
756416871
75694559
75759855
772014559
773587303
787415519
788350
789428
791545606
804258271
808060078
825033183
83427807
84018950
850198887
855113967
855114207
869859567
874643935
878316169
88344326
88408543
885850591
891290319
894763247
894763487
896336351
897581056
905969664
906428775
918552576
923271168
924844032
927727616
933232640
935854080
937099383
942473695
948765031
952500583
95289823
961741159
9654
981270767
983171551
989004255
990052352
990060544
996344167
