0
1
1014104543
1014303069
1015939551
1018101999
1018102239
1023398784
1023409664
102629735
10289391
1031798784
1032189888
1032652550
1039008942
1044775151
1048379631
1052842544
1055916271
1055916511
1064849424
1067198464
1069547592
1071253254
1072037888
1072038367
1072628071
1073676767
1073742303
1073743262
1073743622
1073743742
1073744820
1076717586
1082095720
1082130428
1082130432
1082130436
1082130440
1082134624
1082134630
1082524127
1082606517
1082606519
1082913376
108331247
108331487
1084949199
1088618975
1090453502
1090453503
1090453505
1090453568
1090454028
1090486223
1090519018
1090757082
1090757083
1091011839
1091240415
1091567616
1092616192
1093009647
109314407
1094602970
1094680522
1094680838
1094713342
1094713344
1097594818
1098592027
1098772382
1098872770
1098872771
1098874825
1098874872
1098874888
1098874931
1098874933
1098874934
1098874951
1098875142
1098921426
1098976835
1099694559
1100690044
1100732476
1100988336
1100988410
1100988419
1100988547
1101003785
1101102584
1102184447
1103085594
1103085699
1105182720
1105182727
1105199102
1105199103
1105199104
1105216968
1105225318
1107296254
1107296256
11075943
110952687
110952927
1134232031
1135152367
1149567335
1152516575
1155334383
1157759215
1157759455
1159987439
1166999791
1167000031
1170932191
1186070887
1194459375
1195835392
1216217807
1219624960
1219625559
1220477647
1223885039
1239941599
1242497263
1242497503
1244266855
1250492895
1250493375
1250558431
1250558911
1252655583
1254490112
1258619239
1266483679
1278673855
1286996207
1286996447
1299775967
1301414367
1303511279
1304494559
130548191
1306657247
130810335
1311079
1313
1331691759
1334510047
1338114527
1338179823
1338442087
1338507623
1352270303
1367278047
1383858415
1390346479
1400307951
1400309210
1400309510
1407517151
1412694495
1413874143
1417806303
1420951791
1431175647
1431634399
1444741599
1457127903
146080223
146080703
1462829535
1466565087
1468335278
1469186947
1471480047
1471545583
1475150063
1479344607
1480393183
1491206623
1510015215
1514275295
152240427
1534198239
155385975
159973855
1603469791
1606942839
1606943199
1608908800
1608909279
1609498983
1610547200
1610547679
1610613934
1610614234
1617559791
1617560031
1621688799
1621820111
1628111327
1632567535
1634992247
1635386063
1636041183
1644626399
1658323423
1660289263
1664614879
1692205295
1696989423
170329862
1709113583
1709113823
1709442822
1721762031
1731635570
1741422592
1744109807
1744110047
1753088719
1776812511
1777861087
177864943
1781137767
1787429343
1787429823
178913759
1789526495
1791361024
1795490151
180814303
1808466159
1815019999
1841926314
1843528159
1845430022
1851719799
1871380959
1874985439
1875378535
1885012447
1893663199
1895760231
1905
1918
1920729327
1928528351
1934623199
1943405023
19530207
1956382470
1958715584
1963655647
1968505311
1974928259
1991901663
200016351
2001666287
200343791
2008350959
2014502296
2022506975
2028077535
202834639
2031223023
2031223263
2038956511
2040136159
2045051779
2052915679
205783279
2059206775
2061435119
2077098223
2077098463
2077098883
2086404575
2089484767
2092302575
2094203359
2096365807
2096366047
2097807599
2107244783
2114388087
211877888
2120155855
2124153191
2127233383
2129592559
2139815936
2140340703
2143748575
2146369895
2147418112
2147418591
2147549423
2147549663
2147551281
2147551581
2148270080
2148859904
2149646455
2149647235
2149647295
2149712111
2158625247
2158821855
2159411679
2159542511
2159542751
2160787935
2172322511
2177958127
2179924447
2183397855
2184905303
21889083
2190606695
2195259871
219545959
2199323103
2203058415
2210922615
2213544415
2214396383
221446623
222495199
2227962335
2233925871
2245853663
2251555295
2254373103
225509615
22610159
2277088634
2278359040
2281439711
2296578527
2311782519
2314862831
2320892143
2326462943
232915423
2337538527
2337603823
2337604063
2337604543
2337997039
2341470687
2351956207
2352218591
2359165047
236716391
2379525915
2380464607
2382366470
2388656247
2409170694
2410873311
2421948895
2432696679
2444166318
2460418527
2463564255
2471559647
2489057639
248905967
2504720863
2505441759
2505443078
2505443677
250544607
2512453871
2516517343
2528903467
2531656159
2539651551
254674694
25624815
257
2577072607
2584215791
2588934383
2588934623
2589852127
2604795654
2616590815
2617573615
2617573855
2622685663
2627602481
2630354694
2630355593
2631270639
2661089639
2661941727
2663645663
2664169831
2665021799
2673737967
2676752384
2680685023
2684355039
2684420575
2685140992
2685208446
2685209524
2685600103
2685730816
2686320879
2691367391
2695692527
2709848303
2720268767
2725249383
2725642719
2727477607
2733441923
2738356703
2739536351
2748252639
2752381407
2760114655
2767454567
2767847903
2772764422
2777154015
278659971
2802322356
2817851871
2818310623
2824536543
2834694623
2835939807
28418
2842558943
2842755551
2863333855
286786015
2871984607
2874409439
2874474735
2874474975
2874475455
288162271
2884501983
2889089503
2907111663
2917335519
291832287
2922450444
292620038
29360607
2937913344
2947809759
29557215
2962292975
2962293215
2981037230
2997289439
3000435167
3003515119
3004891375
3025797120
3025928551
3026977247
3031433695
3035628718
3042312671
3045064704
3047161856
3050963183
3050963423
3053388255
3053453312
3058696192
3060924655
3061514359
3061514479
3066954207
3068527071
3069248207
3069968623
3069968863
3070034159
3093561583
3096314335
3112305119
313327975
3134914560
3137282048
31414
3141666566
3146776695
3149939461
3152150767
3153461487
3155558879
3157983711
3159556575
3161570048
3171363584
3171877343
3172139247
3176530279
3177971951
317915495
318243055
318243295
3185444614
3185903366
3188655878
3198812639
3201093120
3201892711
3201958007
3203465455
3204914912
3205930904
3209146368
3209363695
3216704248
3217555935
3218866535
3219587072
3219587551
3221225711
3221225951
3221291487
3222079358
3222080436
3222471015
3228238063
3228565500
3229618354
3229681550
3229682065
3229820288
3235498359
3235840280
3237998475
3238002688
3238035447
3238035448
3238035449
3238789599
32440679
3250128646
3253928415
3253928895
3262120295
3269037162
3271607858
3271607861
3272001075
3272132149
3272394292
3272459830
3272656436
3272686943
3272698378
3272842619
3272918581
3273117898
3273180726
3273388165
3273423486
3273429150
3273442867
3273442868
3273479025
3273639475
3273647986
3273674880
3273694342
3273725325
3273836080
3273844179
3273901621
3273906547
3274032689
3274036893
3274229300
3274275986
3274360369
3274556978
3274608935
3274753586
3274775871
3274814606
3274884658
3274899695
3274945521
3275081266
3275146801
3275212336
3275277871
3275445974
3275729419
3275802165
3275872362
3276053613
3276092347
3276152810
3276194505
3276195165
3276195375
3276226208
3276303078
3276335779
3276407263
3276488254
3276523053
3276550426
3276576127
3276579940
3276654133
3276719663
3276723715
3276817544
3276850526
3276882090
3276903943
3276966428
3276967831
3276969900
3276978465
3277112882
3277116727
3277132084
3277148857
3277179832
3277217890
3277274470
3277285912
3277286063
3277291867
3277330406
3277331338
3277363293
3277370087
3277374178
3277374813
3277375028
3277379908
3277389788
3277430550
3277440559
3277571419
3277582715
3277631225
3277641650
3277651483
3277669852
3277765996
3277786529
3277789345
3277791114
3277819416
3277825361
3277828168
3277833774
3277845185
3277853867
3277857679
3277873726
3277880649
3278001444
3278024338
3278032816
3278032819
3278034292
3278041200
3278107175
3278201566
3278207577
3278213259
3278216550
3278218392
3278219886
3278220717
3278225972
3278229859
3278244756
3278247640
3278256499
3278256895
3278288554
3278291096
3278292316
3278299315
3278319923
3278320305
3278326662
3278328700
3278333112
3278335443
3278336186
3278336962
3278344288
3278346272
3278358068
3278358913
3278366721
3278394469
3278414089
3278431829
3278432538
3278467446
3278489140
3278495116
3278495632
3278554281
3278560124
3278615295
3278631622
3278645678
3278680538
3278708279
3278751276
3278811776
3278816601
3278840455
3278840929
3278857479
3278882140
3278882354
3278894741
3278932565
3278947890
3279033130
3279043719
3279045756
3279068853
3279078963
3279105892
3279122921
3279131592
3279135410
3279144498
3279144921
3279151161
3279165751
3279182192
3279210029
3279225944
3279258756
3279264743
3279301591
3279307672
3279361154
3279369194
3279384916
3279390150
3279396740
3279406637
3279409474
3279432132
3279443561
3279453073
3279485218
3279519833
3279525368
3279536693
3279536888
3279538552
3279561417
3279567668
3279568558
3279589962
3279590667
3279644461
3279668780
3279671965
3279671994
3279672193
3279695650
3279710279
3279734316
3279757179
3279758451
3279773362
3279816387
3279818980
3279831231
3279833046
3279835063
3279840127
3279840675
3279843087
3279843257
3279865361
3279904875
3279909364
3279923420
3279930924
3279952004
3279986921
3280003862
3280031867
3280032198
3280038647
3280038867
3280044304
3280052805
3280077485
3280078018
3280082212
3280110752
3280116672
3280127165
3280144270
3280146155
3280151822
3280162361
3280167113
3280167597
3280173190
3280174977
3280196362
3280227150
3280231798
3280235674
3280235675
3280239835
3280241112
3280265570
3280265900
3280265902
3280294631
3280298773
3280304196
3280320501
3280324302
3280331541
3280346544
3280380991
3280388038
3280396974
3280397077
3280400662
3280433960
3280447717
3280447732
3280462613
3280466873
3280467180
3280480923
3280495276
3280501675
3280521652
3280525966
3280538037
3280566415
3280573450
3280578477
3280590873
3280613381
3280616764
3280626350
3280643954
3280659115
3280671063
3280689000
3280716894
3280767290
3280781055
3280799657
3280878706
3280879983
3280904441
3280943034
3280986904
3281026908
3281086587
3281086603
3281106051
3281160523
3281164837
3281176908
3281183510
3281216280
3281252251
3281282825
3281314583
3281406161
3281412887
3281453535
3281467239
3281517572
3281593085
3281665775
3281707692
3281744920
3281799393
3281803706
3281815776
3281838870
3281891119
3281904405
3281904407
3281921693
3281935200
3281941056
3281945866
3281965019
3282035477
3282045026
3282101013
3282166551
3282363154
3282461460
3282461461
3282494226
3282574071
3282603890
3282690836
3283212936
3283242755
3283936019
3285123551
3288728031
3295809241
3295809242
3295825625
3295858394
3295858395
3295923929
3296144928
3296235225
3296260294
3296333529
3296366297
3296382107
3296448216
3296480986
3296530138
3296546519
3296579290
3296612056
3296724845
3296724974
3296757613
3296831340
3296869119
3296871533
3296877339
3296881719
3296888360
3296902753
3296913260
3296916842
3296917143
3296919082
3296919239
3296919383
3296924955
3296924958
3296927539
3296929256
3296932315
3296936022
3296940360
3296940678
3296943790
3296944564
3296944990
3296945005
3296945348
3296945660
3296947244
3296947279
3296947715
3296947845
3296948809
3296961872
3296962483
3296976040
3296985567
3296989867
3296994570
3296996021
3296997507
3297003371
3297011564
3297032675
3297037754
3297043521
3297046405
3297048206
3297048810
3297050649
3297052524
3297052900
3297053405
3297056524
3297059252
3297062115
3297062529
3297062609
3297063051
3297063993
3297064167
3297065703
3297066231
3297067783
3297068470
3297071556
3297074028
3297074029
3297075493
3297077100
3297078567
3297079262
3297079326
3297086370
3297097244
3297104655
3297117692
3297118060
3297128592
3297131106
3297131134
3297132248
3297135375
3297141383
3297163714
3297166641
3297167704
3297169105
3297177459
3297178110
3297183595
3297183596
3297185132
3297199914
3297199981
3297203676
3297216667
3297217773
3297220202
3297244838
3297255087
3297255499
3297255927
3297255947
3297258123
3297265516
3297281899
3297290065
3297290934
3297296094
3297296310
3297298477
3297306596
3297309902
3297313247
3297316359
3297319841
3297329464
3297332366
3297356330
3297357672
3297361576
3297361773
3297361882
3297362808
3297363819
3297368777
3297370423
3297370644
3297373694
3297375191
3297375932
3297378157
3297379660
3297389117
3297392368
3297396172
3297402019
3297403605
3297414662
3297421165
3297425919
3297426034
3297426337
3297429057
3297429668
3297430233
3297430302
3297437547
3297450051
3297455481
3297470341
3297472016
3297494892
3297503084
3297510959
3297511275
3297534988
3297544043
3297552236
3297576812
3297587523
3297593196
3297634156
3297650540
3297675114
3297675115
3297683407
3297707884
3297732460
3297744716
3297744717
3297757035
3297781611
3297789803
3297789804
3297793868
3297797995
3297806187
3297806188
3297806499
3297814379
3297847146
3297871723
3297871724
3297875274
3297875575
3297875789
3297877514
3297877815
3297879916
3297883388
3297883391
3297887689
3297896300
3297916749
3297966151
3297968523
3297986411
3297998668
3298002795
3298019304
3298021196
3298038608
3298063087
3298089566
3298090680
3298093807
3298094796
3298127537
3298128241
3298133867
3298162758
3298162759
3298176206
3298183019
3298203270
3298203467
3298214379
3298216555
3298234998
3298244428
3298248497
3298260813
3298265689
3298271759
3298276414
3298316104
3298334364
3298338092
3298347287
3298347549
3298350797
3298356047
3298360451
3298362037
3298384351
3298384466
3298384769
3298388734
3298408481
3298413914
3298428773
3298430448
3298440304
3298463746
3298464234
3298465611
3298469389
3298493420
3298509744
3298511934
3298545955
3298547532
3298580300
3298629452
3298641837
3298686796
3298801451
3298833705
3298834006
3298835946
3298836247
3298841819
3298841823
3298846120
3298907945
3298960548
3298970667
3299021518
3299047997
3299049111
3299052238
3299085970
3299134636
3299161701
3299172811
3299174987
3299191928
3299206927
3299257139
3299274535
3299284778
3299292793
3299296521
3299305982
3299308089
3299318881
3299320466
3299342784
3299342899
3299343201
3299347166
3299350114
3299361014
3299365546
3299372345
3299373693
3299373694
3299378585
3299387207
3299388880
3299451852
3299499244
3299504387
3299563959
3299596194
3299655645
3299655647
3299656160
3299666564
3299671100
3299709789
3299715562
3299720412
3299724948
3299762671
3299762676
3299825219
3299855705
3299861174
3299864172
3299867283
3299868097
3299953759
3299955522
3299980033
3300001537
3300015746
3300035232
3300040365
3300043748
3300051689
3300056878
3300072711
3300140479
3300142225
3300144837
3300193271
3300317748
3300478196
3300575191
3300607068
3301442015
3304718815
3309635334
3316580831
3320578527
3339193268
3347513523
3352690688
3357541550
3357542150
3361081094
3365011635
3367109087
3370254575
3377004663
3389325791
3390112223
3398894047
3400204527
3400204767
3409969391
3423274758
3423275357
342557151
3425698271
3429268937
3433824735
343671503
3440119308
3454075119
3454206431
3459321356
3470459359
3470655967
3474784256
347800031
348193247
34866051
3486646511
3492480174
3493003743
3505914095
3513123295
3540910559
354419407
3545825519
3556246403
3562668032
3562736265
3568304607
3572499630
357892575
357893894
3579183583
3579904239
3584819679
3596
3603825119
3604676847
3606119119
3620536799
3633185247
3649176031
3685679343
3685679583
3688628703
368968159
3694854623
3694920159
369557863
3696296295
3696296535
3708748255
3712614879
3713401191
372900319
3732668895
3737552174
3737977311
3740926431
3752853743
3754426847
3754820782
3755540959
3755737447
3756457984
3756458463
3758096863
3758163838
3758165516
3758950270
3758951948
3759472999
3762618847
3763732719
3768451311
3775660511
3783590367
3789357535
3793027971
3799056743
3799253351
3800565510
3803842310
3803842609
3828416991
383386079
3833987551
3853451743
3854239494
3860791655
3867279599
3867279839
3868722950
3875209455
3875209695
3878552451
3888972255
3889561600
3895241729
3903979999
3915515354
3916956127
391971295
3926983135
3928491782
3937075439
3937075679
3954573791
3956214109
3958178271
3960996559
396427503
396427743
396427863
3976990220
3977707879
3994878311
3998175
4008706527
4014211311
4014211551
4019585503
4029351086
4038721655
4046324191
4046913775
4046914015
4046914435
405602783
4071489895
4075946223
4080140527
40894823
4095934943
4099607177
410845423
41091431
4112581327
4116054255
4116054495
411894119
411894239
4121231599
4127719783
415629671
4163764703
4170056039
4170056159
4173791591
4183032167
4184343007
4197318895
4205838575
4217635175
4218487023
4218487263
4226023903
4232972637
4233298159
42403590
4248568167
424870247
4249550967
4253942239
4255187423
4258006790
4258007389
4259643871
4261347687
4269408735
4269736415
4272947679
4281089606
4281140998
4283367663
43494
44761327
459473255
467861983
468451807
475136239
477233631
479
482608063
490406247
494143238
494143537
496717012
503185767
511246815
514785759
515047663
515047903
521074999
525402591
536805855
536871391
536872350
536872830
536873908
537591808
537854851
540869087
545653215
547946855
551748063
557908447
569311591
575340783
575341023
576455135
585564639
586285535
592184255
592970207
59459
597361119
604045671
612696423
61732
623247839
630849775
630850015
646185319
649199975
650314207
658964480
67174759
67764463
67764703
682754048
682754647
683606735
687145439
715784431
715784671
715785990
715786889
720896
729612767
734855407
734855647
735773151
741278175
748748800
749863391
749928927
769786335
77072433
785776879
788350
790028
794820847
79495647
798621935
815399391
815530883
854786407
856883439
856883679
856885897
860225775
860227334
86376927
870646239
870711775
880542415
884670943
889454831
894697711
894697951
894763487
897581056
905839071
907870687
910163968
911999215
914358272
917176799
922746880
923271168
924844032
927269343
929694175
931135488
931464366
933232640
935329792
935854080
942408159
942473695
954664110
9654
968818927
973144303
977404383
981009882
981010182
990052352
990057088
990060544
