0
1
1005453551
1005453671
1005912543
1014104543
1019676422
1019677321
1023398784
102629735
10289391
1031798784
1032189888
1033241055
1033896415
1039588352
1047003375
1050345831
1052842544
1052967391
1053491559
1054682912
1057424800
1061430368
1065353216
1066074112
1066598879
1066860663
1068433647
1070006751
1072037888
1072038367
1072431583
1072628071
1073676288
1073676767
1073742303
1073743262
1073743742
1073744221
1073744820
1074462720
1075052544
1075205472
1076717586
1077459340
1079051872
1079060020
1079630943
1081999404
1082000408
1082101072
1082130428
1082130432
1082130434
1082130440
1082134624
1082260455
1082524127
1082606517
1082606519
1082717636
1083248212
1084078646
1084315664
1084817887
1084949199
1085192278
1085786722
1087130034
1087340748
1087352025
1087659362
1088230468
1088242194
1088327517
1088421888
1088421904
1088618975
1089384488
1090407891
1090519034
1090519036
1090519040
1090519041
1090519046
1090521137
1090705687
1090757082
1090757083
1091240415
1091466121
1091596976
1091613754
1091629484
1092005921
1092464014
1092616192
109314407
1093391668
1093429888
1094164946
1094365692
1094713344
1094715441
1094764244
1094764724
1095172835
1096117353
1097285508
1098306528
1098515151
1098580387
1098817470
1098874887
1098875140
1098875142
1098904259
1098907646
1098907647
1098907648
1098908697
1099051392
1099170271
1099299288
1099333982
1099410964
1099431936
1099479703
1099636409
1100085202
1100237242
1100280767
1100294390
1100339478
1100353636
1100406516
1100412879
1100447620
1100480512
1100533463
1100536086
1100865338
1100865339
1100878444
1101004800
1101249118
1101254885
1101312030
1101342441
1101478232
1101496094
1101820587
1101883508
1102042436
1102085355
1102151933
1102274626
1102289829
1102345926
1102639530
1102640582
1102811497
1102867595
1102898006
1103037989
1103103534
1103132361
1103202774
1103244558
1103267624
1103272343
1103280210
1103474195
1103483634
1103541306
1103544980
1103564897
1103698336
1103731795
1103789294
1104425779
1104478732
1104498656
1104540597
1104852282
1104943736
1105223972
1105286678
1105373692
1105498996
1105499210
1105507383
1105855805
1105875062
1105999200
1106018458
1106103037
1106152791
1106247682
1107165663
1107168180
1107296257
1107332786
11075943
1107768565
1107803072
1107820546
1107899637
1108082688
1108502383
1108746970
1108869119
1108998095
1109393408
1109590495
1109733668
1110245615
1110704128
1111228415
1111490562
111149295
1112014848
1112014849
1112539136
1112797124
1113325568
1114636288
1116078080
1116799335
1117000172
1117257728
1117257729
1117380914
1117388800
1117500188
1117974682
1118897614
11207375
1121452511
112329063
1125188003
1134232031
1135152367
1138622943
1149567335
1153106159
1153106339
1155334383
1160118511
1166475743
1173553631
1177747935
1181286639
1181286819
1186070887
1195835392
1198
1199702495
1200357555
1200357615
1200357795
1200357855
1204551680
1207632351
1209992366
1209992966
1216217807
1219624960
1219625559
1220477647
122093568
1231880671
1232077279
1239941599
1244266855
1250558431
1250558911
1252655583
1254490112
1258619239
1263731167
1263796463
1263796703
1263797183
1266483679
1267663327
1271726319
1271726559
1273823711
1278411231
1284833759
1294205167
1296042333
1304101103
130810335
1308559110
1311079
1313
1314848887
1315111091
1320550579
1320550759
1331691759
1334510047
1337065951
1338114527
1338507623
1345454559
1348141535
1352270303
1358889319
1370358958
1378353331
1383858415
1386611167
1389756895
1397752287
1407582687
1415250279
1419903215
1419903455
142475983
1431634399
143196399
1434059231
1434059830
1436090487
1438
1442709983
1444741599
1446379699
1446379939
1457848799
145883136
145883735
1466565087
146735823
1468335278
1471480047
1479344607
14877151
1490682275
1491206623
1497170099
1497170279
1498
1503265247
1510015215
1514275295
1516044767
1530988294
1537147059
1537147299
1542783215
1548878303
1570111967
1570767327
157353434
1575879854
1587282279
1590362471
1590428127
1591214439
1602945024
1603469791
1606877663
1607991775
1608908800
1608909279
1609498983
1610547200
1610547679
1611333632
1611401086
1611402164
1611792743
1611923456
1617559791
1621688799
1621820111
1628111327
1629946095
1635386063
163578035
163578215
1643250143
1643250623
1646461407
1651442023
1653670247
1655439839
1658323423
166199775
1665728991
1669792223
1674445279
1682571443
1682571683
1686307295
1686438367
1691485958
1692205295
1694040543
1696989423
1698957062
170329862
170525031
1723203943
1723204063
1728514996
1731635570
1738997999
1738998239
1741422592
1744044511
1744503263
1746863278
1746863878
17498591
1753088719
1753809135
1753809375
1756692959
1756693439
176816607
176817087
1769406943
1776812511
1779433951
1781137767
1787429343
1787429823
178913519
178913699
178913759
1789526495
1791361024
1792278707
1792278887
1795490151
1796341939
1796342119
1796342239
1798
1800602079
1800667375
1800667615
1800668095
180748288
1812596486
1812597085
1815282143
1829503455
1837629799
1837629859
1837629919
1841926314
1845430022
1848643084
184877415
1851719799
1855848927
186253791
1864105984
1870528991
1871380959
1873936863
1874985439
1875378535
1882325471
1885012447
1888289007
1895760231
1896677855
1899823523
1905
1907229870
1916797167
1918
1920729327
1923482079
1926627807
192741855
1934623199
1939014111
1948385759
1949565407
1950351779
1951989760
1952121191
1953169887
1956382470
1957626335
1958715584
1961821358
1968046559
1968505311
1969225967
197787767
1979580895
1993146847
1993998815
1994719711
1995440847
2008350959
2014502296
2028077535
202834639
2038497759
2040136159
2046951783
2052915679
2067859206
2069561523
2084176351
2085749215
2098069983
2101871071
2102722919
2104885427
2104885487
2104885607
2104885727
2105608541
211877888
2124153191
2127233383
2127299039
2128085351
2139815936
2140340703
2140995823
2140996063
2143748575
2144862687
2145059175
2146369895
2147418112
2147418591
2148270080
2148337534
2148338612
2148729191
2148859904
2154496239
2154496479
2158625247
2165047775
2167079391
2172322511
2176909791
2183397855
2188378471
2190606695
2193295110
2193295409
2195259871
219545959
2196963807
2197225711
2202665439
2202862527
2211381727
2223243743
2223374815
2230976991
2233925871
2235893510
2235957727
2242839007
2265451444
2267350790
2277088634
2278359040
2278948864
2281439411
2281439591
2281439711
2292515235
2293367263
2306343391
230752735
2316370399
2318467791
2319319279
2319319519
2326462703
2326462943
2336162031
2337538527
2337603823
2337604063
2337604543
2347565535
2351956447
2352218591
2366377484
236716391
2379525915
2382366470
2385579532
2388656247
2396914143
2401042432
2406744243
2406744423
2410873311
2418738350
2421948895
2432696679
2434597103
2437483145
2439381471
2444166318
2446590011
2447179895
2460418527
2461008111
2461008351
2463564255
2471559647
2477195503
2477195743
2482241775
2485322207
2488926208
2488994441
2489057639
248905967
2494562783
2495742431
2496725231
2496725411
2498757806
2500133103
2505441759
250544607
2512781791
2515141087
2516517343
2530083295
2531656159
2532377295
2539520479
25428207
257
2575434207
2577072607
257949935
25821303
2586378719
2589852127
2591752431
2593849823
2604795654
260768223
2607874287
2611609779
2611610019
2615148903
2621112799
2622685663
2631401951
2635006431
2638873055
2639659367
2641692422
2641692721
264372703
264700263
2647394054
2647394653
2652700851
2652701091
2661089639
2664169831
2665021799
267387359
2676752384
2679767519
2680685023
2681995623
2682716160
2682716639
2684355039
2684422014
2684423692
2685140992
2685208446
2685209524
2685210124
2685600103
2685730816
2685731175
2686779871
2687303799
2688811367
2691170783
2691171263
2691694831
2691695071
2694709487
2695692767
2701918687
2703753455
2703950303
2705457631
2713780703
2715615711
2719286147
2720268767
2725249383
2725314919
2725511527
2726823686
2727477607
273219584
2739536351
2745762031
2745762211
2748252639
2755658207
2759393759
2760114655
2767847903
2772764422
2772828639
2779709919
278528479
278659971
2787049831
2787180723
2787180963
2789867699
2791573853
2802322356
2815230431
2815819776
2818310623
2830238175
28418
2853241311
2854749958
2859860087
2863202423
2863333855
286458335
2870673887
2874409439
2874474735
2874474975
2874475455
2880635119
2880831967
288162271
2884436447
288555247
288555367
2887254735
2888237235
2889089503
2897478111
2903248396
2903966055
2919563743
2921136487
2922450444
2932933027
2934964703
2937913344
2945843679
2947744223
2955609262
2972582367
2981037230
2982346931
2982347111
2987000287
2996
2997289439
2997748071
3000435167
3001286835
3001287135
3024552415
3025797120
3025865353
3025928551
3026846055
3031433695
3031630063
303235311
3032613343
3035628718
3038839503
3042312431
3042312671
3045064704
3047161856
3053388255
3053453312
3053977959
3058696192
3066954207
3067806175
3068527071
3069248207
3076391391
3076522463
3090022879
3095265519
3096314215
3100049767
310116591
3109290343
3112305119
313327975
31414
3141666566
3143893351
3149939461
3152282079
3157983711
3159556335
3159556575
3159556695
3159557654
3161570048
3163488735
3167028159
3170889216
3171363584
3171877343
3174826343
3175678431
3176464384
3176530279
3178563334
3178563633
317915495
3179282791
3182952687
318701687
3187605863
3195666911
3196059887
3196060067
3198812639
3199205855
3201093120
3201892711
3204914912
3205930904
3206663760
320864495
3208839347
3208839647
3210543343
3212434304
3213544916
3213692536
3214775378
3216704248
3217555935
3218591448
3218866535
3219587072
3219587551
3219668600
3221225951
3221291487
3221292926
3221294604
322175215
322175455
3222011904
3222030781
3222079358
3222080436
3222081036
3222324376
3222471015
3222602087
3223171624
3223191791
3223779800
3225289183
3225752992
3226040536
3226883590
3227984008
3228238303
3228565500
3228565983
3228883596
3229820288
3230038333
3230662656
3231580399
3231642020
3231711276
3232004830
3232366951
3232563439
3232669626
3232751419
3233829356
3235081356
3235498359
3235619534
3235840280
3236266248
3236840866
3237725628
3237998475
3238002688
3238002690
3238035448
3238035449
3238044632
3238433655
3238789599
3239036348
3239051264
3239051268
3239390125
3239641327
3240332624
3240423852
3240550734
3240598797
3240687043
3241298362
3241521711
3241774410
3242016946
3242020916
3242144564
3242147709
3242196988
3242299210
3242328543
3242812506
32440679
3244316856
3244406346
3244468015
3244622183
3244785930
3245206791
3245457544
3246208762
3246387852
3246658158
3246719455
3246727368
3246732592
3246836939
3246915586
3247003140
3247204322
3247344448
3247492303
3247581954
3247621801
3247630062
3247698345
3247917775
3248047519
3248106496
3248285024
3248365240
3248419761
3248473582
3248474813
3248488446
3248997533
3249012739
3249261771
3249271731
3249300571
3249301089
3249537024
3249710564
3249772430
3249928528
3249944275
3250039816
3250045578
3250061310
3250061312
3250107975
3250139442
3250276271
3250281112
3250344950
3250370643
3250512724
3250625972
3250716401
3250783259
3251001885
3251014542
3251109889
3251192200
3251318356
3251437644
3251638551
3251885060
3251892183
3252100269
3252123653
3252127680
3252158464
3252414940
3252414944
3252507156
3252728948
3253302312
3253554624
3253604451
3253622277
3253656180
3253731322
3253731687
3253899108
3254245655
3254420768
3254666654
3254710174
3254932068
3254935780
3254945444
3254974154
3255072307
3255150312
3255166704
3255172334
3255306912
3255515524
3255566336
3255600952
3255616198
3255660486
3255718995
3255813282
3255828482
3255878055
3255967686
3256010060
3256157059
3256352768
3256353587
3256407197
3256959527
3257081911
3257292365
3257309473
3257345962
3257574861
3257598699
3257752818
3257756512
3257852254
3257884364
3257911455
3258037630
3258422261
3258449920
3258762072
3258956134
3258964445
3259040223
3259380968
3259380969
3259498498
3259577316
3259580315
3259708862
3259926116
3259953808
3259977741
3260011282
3260011291
3260045191
3260103412
3260136818
3260436929
3260528565
3260562467
3260562476
3260596012
3260619947
3260647636
3260864896
3260878158
3260996442
3261071362
3261595646
3261617609
3261811681
3261857792
3261983688
3262009796
3262119936
3262120295
3262185831
3262350761
3262382076
3262382079
3262382439
3262644224
3262662299
3262689393
3262817231
3262820939
3262854778
3262975042
3262998889
3263041324
3263168510
3263168512
3263216393
3263299584
3263391371
3263561728
3263694598
3263861148
3263866110
3263870750
3263887286
3263906241
3264011631
3264063029
3264064364
3264070654
3264217086
3264230816
3264242541
3264303397
3264610304
3264741378
3264850576
3264872448
3264922427
3264982942
3264982944
3265014796
3265049362
3265092367
3265144234
3265164948
3265203106
3265265664
3265266515
3265316756
3265346566
3265632791
3265768525
3265768605
3266039139
3266183167
3266196715
3266314240
3266314241
3266375087
3266445313
3266492860
3266493007
3266601148
3266652268
3266769312
3266792564
3266935919
3266955184
3266955185
3266969600
3267118420
3267125132
3267177543
3267257091
3267344582
3267392557
3267414661
3267442337
3267455369
3267644223
3267756031
3267775859
3267782905
3268174027
3268195228
3268202145
3268271858
3268437660
3268592640
3268775920
3268825937
3268854134
3268886977
3269025218
3269103562
3269153613
3269338998
3269428295
3269526126
3269581751
3269590390
3269817721
3269842439
3269958643
3269967174
3269984258
3270083928
3270129499
3270174196
3270204886
3270211627
3270254716
3270254776
3270265749
3270305777
3270392824
3270475835
3270508544
3270637594
3270697490
3270808565
3270879214
3270914587
3270921791
3270947247
3271006859
3271419739
3271685288
3271720150
3271763710
3271767898
3271769244
3271907954
3271919384
3272064303
3272107626
3272209012
3272222589
3272331534
3272340161
3272364302
3272410712
3272514987
3272549002
3272576136
3272822808
3273103441
3273148833
3273182162
3273247443
3274526052
3274683778
3274686186
3274701702
3274704109
3274748684
3274748711
3274783088
3275158633
3275162982
3275218270
3275418000
3275838008
3275877134
3276186284
3276398118
3276407038
3276407263
3276432049
3276701888
3277091228
3277307750
3277390303
3277396632
3277414028
327745715
327745955
3277549566
3277669566
3278210421
3278356502
3278386326
3278461992
3278565198
3278577891
3278756400
3278757328
3278759745
3278791459
3278815052
3278902255
3278938497
3278992896
3279101350
3279111782
3279125181
3279182288
3279591033
3279628952
3279730057
3279997484
3280235775
3280364706
3280364716
3280466177
3280546981
3280550285
3280579348
3280604579
3280646192
3280664337
3280819094
3280842187
3280861580
3280879725
3281030620
3281030640
3281116451
3281264859
3281280816
3281320801
3281343974
3281402761
3281424634
3281436627
3281449073
3281452330
3281668359
3281754760
3281794972
3281802023
3281900063
3281986086
3282042921
3282120866
3282141397
3282154926
3282186696
3282207449
3282279746
3282409814
3282456156
3282497790
3282541854
3282548837
3282559286
3282641520
3282753022
3283250931
3284280704
3284408213
3285123551
3288465767
3296985567
3304196145
3304718815
3307667935
3309635334
3309699551
3315531776
3315532255
3316580831
3323920743
3330605415
333775327
3339193268
3352101103
3352101343
3352690688
3367109087
3372941551
3390112223
3391620870
3394830395
3400204527
3400204767
3400206086
3400206985
3407544799
341246191
341246431
3424125647
3425698271
3429268937
3433168896
3434349023
343671503
3440119308
3440836967
3442737631
345637223
3458007399
3459321356
3470196975
3471835615
3474784256
3474981043
3477733555
3477733735
347800031
34866051
3492480174
3499950979
3509453279
3513123295
3525836979
3534618983
353632495
3539206503
354419407
3562668032
3562736265
3563848159
3564962511
3565355487
3566862515
3568304607
3569091039
3572499630
3575710415
3578200423
357892575
357893894
357894493
3579183583
3579184902
3586523615
3590259167
3590848871
3594191327
3596
3603825119
360514015
3605791199
3606119119
3626893791
3633185127
3636920679
3646161255
3649176031
365232607
3652976999
3652977958
3657367791
3665429978
3665430278
3680764263
3689152991
368968159
3694854623
369557863
3696427247
3698524639
3700359647
3708748255
370999775
3711697255
3713401191
3724476775
3725526790
372572519
3732537823
3735683551
3736076767
3737552174
3744858351
3751608679
3754426847
3755737447
3756457984
3756458463
3758096863
3758162399
3758163118
3758163358
3758163418
3758163838
3758164916
3758165516
3758882816
3758950270
3758951948
3759472999
3762160095
3766944223
3768451311
3769237863
3773039071
3774415027
3775660511
3777300230
3784114655
3790602599
3793027971
3799056743
3799253351
3800565510
3805282783
3811180903
3816161519
3818652127
3825336679
3833987431
3844538847
3853451743
3860791655
3867476327
3870490983
38732135
3880255488
3883139251
3883139491
3888972255
3889561600
389087711
3892904415
3895241729
3903979999
3904045056
3904045655
3904897743
3908960735
3910598715
3926983135
392823263
3928491782
3937075679
3944415471
394593454
3950903775
3960996559
3962568943
3963093951
3968532959
3968598495
3970039808
3971154399
3976990220
397738223
3977707879
3994878311
3998175
4007067887
4008706527
4009885935
4009886175
4011065583
4011065823
4016111855
4029351086
4035969203
4035969383
4036690399
4036821891
4046324191
405602783
4071489895
4073652583
4076077415
4077781471
4084728047
4084729306
4084729606
40894823
4091937247
4099607177
4101833423
4102226399
4105961951
41091431
4112581327
4116054495
411894119
4121690591
41222623
4127130079
4127719783
4128768179
4128768359
4129161695
4150264287
4150985183
4152755374
415629671
4159570279
4163699167
4163764703
4170056039
4173791591
417464799
4183032167
4194435311
4198695391
4217635175
4226023903
4233298159
4235395551
4238737887
42403590
4248568167
424870247
4249223527
4252172767
4252174685
4261347687
4263903351
4269408735
4269539807
4271571183
4271571423
4272947679
4281089606
4284350703
4290971398
4293525623
4293919079
434307311
43494
436273391
436469939
436470239
440533471
457703903
459473255
4653535
467861983
475136239
477233631
479
490406247
493879715
495780319
496717012
501088735
501481951
503185767
511246815
514785759
515506535
515507135
51773919
521074999
524681695
524746931
524747111
529727967
535166976
535167455
535757159
536805855
536871391
536872350
536872830
536873908
537591808
538969023
540869087
545653215
547946855
547946975
548078287
551748063
553648607
554041823
554369503
5570799
55836911
55837151
561644239
5636275
5636575
569311471
569311591
570884575
575275127
575930847
584581599
588644831
59459
597361119
598343799
599916723
599917023
604045671
60490207
612696423
61732
618463471
623247599
623247839
629604831
630523654
639697135
639697375
644415727
646185319
649199975
658964480
667680768
67174759
679346895
67961311
681050471
681050591
682754048
682754647
683606735
695206367
696844767
703070687
703660391
704119263
707395943
710213871
713687519
713687999
715784671
717619200
720896
721748327
729612767
736952799
740688051
741278175
748748800
752877807
75825511
761201119
764674527
771688198
777977975
785776879
788350
790028
791545606
794820847
797639135
801243615
801571175
804258271
811270623
815399391
815530883
81592559
822018407
846987503
853279079
854786407
855113967
855114207
858980831
860881375
86376927
870646239
8782303
880542415
884670943
885850591
888930483
894763487
894764806
894765405
895221999
901775599
905839071
905969664
907870687
916914535
918552576
920256751
923271168
924844032
929694175
931464366
933232640
934609135
935854080
942473695
952762607
952762787
954335711
965214687
9654
966394335
970326495
973144303
974127343
977404383
979173855
990052352
990056448
990060544
998445056
