1021628297
1063506604
1081002231
1141314397
1251321198
1357001886
1385002765
1399405560
1466983339
1510102652
1580363134
1610499422
1689704757
1690979044
1745036839
1807774773
1931411111
193954724
198603844
2032565321
2112147747
2171922747
2207919196
2232660655
2285408458
23163948
2356928655
2364134518
2524789989
2532370435
2594285577
2603840814
2665305090
2694058428
2737058869
286106667
298723400
3034762477
3040551830
3178417947
3188260842
320478475
3236149535
3282365243
3365740206
339107022
3453374743
3492320025
3577217881
3595735796
3676738738
3720658488
378091935
3790938707
380830945
3849202242
3965041381
3972999024
3988070431
3991560557
4063273676
4221017941
4241810685
4250095887
4251743544
4256184784
44144133
449374072
461788860
48042041
487377767
604170017
629624337
660971284
677985272
756019468
758803893
