106859432394582
110970911896736
11498065929603
117123199463576
119250205430817
124812528607966
131431624496745
135962295828987
139102176329165
144923676019667
150088465313793
151290717307710
152407547710
154538742359762
173517397307331
180211623147505
186772438429091
186979050421127
191675114326081
202124421297550
202452634097981
204897275216872
223116790972012
224257379891827
22585259570199
234156464207428
237589819883823
239276611495158
241375582812544
241732854775808
244549240990964
24478634780286
261386031709872
271353023112371
27609464705500
276438749068578
280763679100322
29732814868181
37304765062517
39125567338005
68101966655148
7539014151405
77298852872721
78277707917980
88778588283090
