113450256820815
37008505506189
219717568081628
193848513762481
80857538101
252445321930479
264538205527529
207113239762428
281199623042933
266179901455181
180206780109957
237941059365638
116740845186484
117717066073380
5095747978885
48328635595622
192705134454311
279720486018854
91760245304825
277805393680834
115210906981619
65165386615020
169446764569895
119354290600477
242038617368756
198112725801179
71939755045532
57851932404855
124328688013793
9802589213582
255692510192158
216599652156641
261537694141430
