97259421750837
61234135480845
217220116233598
229345057650984
20701441874774
55016242832158
103640913342753
98417262594130
8796853316083
52419706539772
242414638323560
124366481997793
153342790854504
78175524375189
113951523096408
166746599861958
132611710221601
110805120921216
163319995752085
265924227610875
10675925429215
29446399603949
213272328493776
77548872123800
46412475965940
228449204664374
126347098987371
181599069562688
252998207108134
268382080047134
261372160699971
129771935043792
215737855513261
89240773554083
91947216230773
158179813961328
83151373305009
103048196792686
46290372392177
151137134288410
256512887828178
50388591313271
17531817053936
240692460227631
202649084340849
6416336041145
213276114501413
164624146522935
150894397349921
180532804858871
209320874802615
224421829394410
146493439059101
5257423673494
268330063867107
225440127964317
158148720560065
239374019459913
111720111264513
87106255579717
170440338055723
46218105583012
234808710566856
215650750207477
1794493374835
83116607428949
