82941426455416
266241938500449
87736299634616
182214076581860
218452778678544
177241264565687
259835964061114
250009472208380
234726662266969
161619002071681
263354971607912
279954695971399
206488324623465
64970424587901
112803365197359
158202009485137
170964128534314
56455578190800
18251658063392
107194310176486
234325390855458
211762341048997
70045814066982
139083383585931
241828519306198
263652283832541
128960236955560
181881306310808
39162882984294
60580524956681
272778724983145
272420171246065
11616251895334
106794032468704
121658378546894
26680553130339
259998743430193
152316119438610
135258578283572
46601302113218
104013863700143
