57618201855328
240568229673836
225248442146529
199088980138504
25516490419620
114205075548777
181308574782619
145769558367441
75448738265758
262416507494314
80282241436459
169783730421013
205609068646764
88089735884972
245783016887045
122297988269434
257747893694010
80037453044575
267968262502780
153081708204472
98151343294301
176025960123181
113016405434651
262775264840535
32147692010084
273185847941161
5146097996218
103840397119116
215074664069525
203672756886120
96681541209313
128662312750662
184997589013841
