166858578730364
119439661183876
61738455559281
14821123492526
111328835620700
116286494531301
69976082783119
216381619056514
76951741419712
50664061825892
76848822901950
3439976230439
11243084574912
221969202372615
195040458307298
131768478476977
278906711050170
223251338058884
200307888227200
190030781158645
84595060606802
187314963793227
244314134607153
3737558558885
129014066032877
72775332987758
280927128110032
230001490790566
75348805742270
54208561864740
80546355494189
86621919716412
130927066996894
