1072385902
123799920
1387604179
140055931
1402796758
1455364417
1464753482
1471690515
1551508665
1616838102
1667631453
1684334297
170918572
1712883608
1782160759
1803249688
1825982959
1848090648
1939009892
199305439
2046130802
2146497732
2225525483
2286150092
2344473159
2368883151
2419767678
2422368882
2431356374
2495556661
2496614750
252848436
2540998392
2605540145
2660550111
2710516435
2721122122
2763746364
2764012137
2785742075
2834129603
2869430223
2909381918
2923516835
3021420676
3101549602
3121049772
3189589214
3251172702
3269722453
3316381978
3386597595
3508939533
357736237
3679169935
3792681137
3856085244
392737573
3938525955
3969234090
3982919672
4042338966
4050903107
4101560626
422528203
4242842705
4280067172
509846360
544107151
597833661
601487378
607160312
694109682
742658068
757035484
81746752
887438050
90050487
946283346
991972049
999090089
