1100418659
1122959685
1154845842
1162711619
1195305019
1221226057
1240770554
1376649995
1450858840
1594471780
1661340368
1695434313
1910590724
1922619682
1994148995
2071135536
2109719832
2149029119
2154972098
219232817
2296556556
2300962733
2307805171
2350170397
2375921039
2389706254
2399327502
242842927
2433630917
245349488
2456695142
247688344
2508183332
2524756977
2579865064
2713649133
2725640692
2830533431
2860442932
306691136
3434347186
3442776187
3504842911
3529479776
3588338122
3594044706
3703717043
3941537437
4046540070
4115760368
4228173932
4250703848
446759019
513903181
524443211
632346596
664487674
764785646
813278104
91944277
