1042225075
1144081084
1240407932
1295306483
1343762113
1362169097
1386310296
1598500069
1613318021
167897796
1720245618
1742692459
1775322158
1818331657
1839057265
1839470225
1863463849
1900634045
1915166320
1918617913
2046477407
2052423698
2084715824
2146602435
2189157519
2288933305
2310409247
2468512715
2521259653
2527169403
2824206917
2824576344
2875971370
2938238545
3017269382
3142690071
3254696339
334044301
3396620184
34107523
3612641972
3623589962
3630970835
3663466315
367967895
3684247429
3749702305
3834059890
3885067518
3937155980
3962690247
4041339859
4077498806
4256992519
430123648
496255626
580313963
845070444
853733639
854219527
872237409
883940227
990855548
