1062535388
108478246
1131033176
1192803869
1210029849
1233970279
1247632557
1296136755
1296562337
1364362838
1371471431
1382832614
1401666360
1454952687
1539086505
1596371211
1614133974
1629966077
1693461903
1705728997
176472276
1796219316
1841563650
1849734835
190403438
1919419667
1956996088
2016985622
2046285570
2142570160
2176250364
2210077417
233321216
2433947481
2509727698
2537214381
2578893204
2627187696
2628497290
2631671200
264719195
2654370710
2658731654
2699282197
2751083022
2803085190
2855064897
2857656936
29464243
2953646475
2978207388
3016196698
3067730640
3086752259
3193535716
3220759372
332048987
3321300579
3341272571
3358104734
3381395816
3435326665
3436857711
3511937409
3529669789
3558658657
3662578995
3692908797
3808914872
3836000552
3895283506
3938218386
4070459699
4183395053
4197251960
4244709381
4254669140
42606701
4290200466
451800689
458689903
467140905
53562511
562532048
573078489
636572781
638992035
669604067
699019402
724933416
733206522
772763598
789417205
811596005
890715250
928930806
942218709
949238546
958812135
960579198
