1025503364
1066507428
1161376558
124315668
1351825498
1363117418
1415473323
1421255902
1456589792
1489125724
1503032081
1606374309
1609168307
1666760330
1668840578
1682196180
1697675125
1758753731
1760231750
1777707904
1875905826
1896665224
1909106707
1919405996
1935882162
1965240244
1987621127
2029270449
2063507392
2098814870
2122272648
2168590191
2189461127
2307082318
2355933463
2382643865
2436912428
2438640054
2449458399
2525405420
2590983582
2601496778
2651820537
266303382
2784043727
289310692
2894671512
2991461833
2999390449
3106592837
3129997158
3142276772
3166609478
3259061378
3286167075
3290329542
3334226474
3446158731
3468071861
3509694014
3528238804
3534023477
353793496
3595104254
3664361501
3684701404
3697475349
3761093691
3840533608
3989959008
3995878545
405785480
4133224085
4261399521
449672580
477808679
534444599
600356310
6065205
748758118
785210819
81278362
871732864
883450760
973792297
