1006956594
1024672520
1024672521
1024672523
1024672526
1029143692
1036223680
1036223681
1036223682
1036223683
1036223686
1036223687
1053001392
1053001393
1053001394
1053001395
1053001396
1053001398
1053001399
1053001404
1053001405
1056320051
1056320052
1056320053
1056320054
106327392
106327393
106327394
106327395
106327397
106327398
106327399
106327404
106327405
1101658712
1101658713
1101658715
1123387494
1123387495
114459738
114459739
1148974110
1148974111
1169827351
1187574005
1207724776
1207724779
1230308521
123104980
123104981
123104982
123104983
1265719696
1265719697
1289696640
129837985
129837986
129837987
129837988
129837989
129837990
131237316
131237317
131237320
131237321
131237322
131237323
131237324
131237326
131237327
1351603968
1351603969
1351603972
1351603973
1351603974
1351603975
1357396732
1357396733
1368381680
1368381681
1368381682
1368381683
1368381684
1368381685
1368381686
1368381694
1368381695
1413603453
1421680785
1431952960
1431952961
1431952962
1431952963
1431952964
1431952965
1431952967
1431952974
1431952975
1473915419
1479045848
152405077
1527801462
1567120984
1567120985
1630708743
1635517373
1661422248
1661422250
1661422251
1661422252
1661422253
1671752065
1716851656
1737704896
1737704897
1737704899
1757957184
1757957185
1757957192
1757957193
1757957194
1757957195
1757957196
1757957197
1757957198
1757957199
1762394000
1762394001
176677268
176677269
1774734898
1774734899
1774734904
1774734905
1774734906
1774734908
1774734909
1774734910
1774734911
1777958960
1777958963
1778736160
1778736169
1778736170
1778736171
1778736172
1778736173
1778736174
1778736175
1787115344
1787115347
1808290048
1808290049
1808290050
1808290051
1843642640
1843642641
1843642648
1843642650
1843642651
1843642652
1843642653
1843642654
1843642655
1854071036
1858869268
1858869269
1869016174
1875481716
1875481717
1875481720
1875481721
1875481722
1875481723
1875481724
1875481725
1875481726
1875481727
1891169904
1891169905
1891169906
1891169908
1891169909
1891169910
1891169911
1892259302
1892259303
1892259304
1892259305
1892259306
1892259307
1892259308
1892259309
1892259310
1904307461
1904307462
1904307463
1912027130
1912027131
1925814576
1925814577
1925814578
1925814579
1925814580
1925814581
1925814582
1925814583
1925814588
1925814589
193454848
193454849
193454850
193454851
193454852
193454853
193454854
193454862
193454863
1950350585
1960992062
1960992063
1975614887
1977471360
1977471361
1977471362
1977471363
1977471365
1977471366
1977471367
1977471372
1977471373
1980489744
1980489745
1980489746
1980489747
1980489748
1980489749
1980489750
1980489751
1980489758
1994249072
1994249073
1994249074
1994249075
1994249076
1994249077
1994249078
1994249079
1997267328
1997267329
1997267336
1997267338
1997267339
1997267340
1997267341
1997267342
1997267343
2006467504
2006467505
2006467507
2006467508
2006467509
2006467510
2006467514
2006467515
2023245088
2023245089
2023245092
2023245093
2023245094
2023245095
2121668022
2121668023
2121668024
2121668025
2121668026
2121668027
2121668028
2121668029
2121668031
2129995104
2129995105
2129995106
2133234605
2133234606
2138445585
2146772688
2146772689
2146772690
2146772692
2146772693
2146772694
2146772695
2146772698
2146772699
2155337690
2156362208
2156362209
2163626973
2185339141
2222362531
223802651
223802652
223802653
223802654
2259052280
2259052281
2259052282
2259052285
2259052286
2259052287
2261478233
2277016175
2314474676
2314474677
2314474678
2369007768
2369007769
2370486070
2370486071
2373937501
2373937502
2373937503
2387263650
2387263651
2387263656
2387263657
2387263658
2387263660
2387263661
2387263662
2404041236
2404041237
2404041240
2404041241
2404041242
2404041243
2404041244
2404041246
2404041247
2408701434
2408701435
2423380000
2423380001
2423380002
2423380003
2423380004
2423380006
2423380007
2423380013
244069040
2442084192
2447535198
2458861779
2472289190
2472289191
2475639366
2492564112
2492564113
2492564114
2492564115
2492564116
2492564117
2492564118
2492564119
2492564120
2492564121
2509194668
2509341698
2509341699
2525972255
2526119408
2526119409
2526119410
2526119411
2526119412
2526119413
2526119414
2526119415
2526119422
2526119423
2542749938
2542897001
2543044032
2559527525
2559674588
2559821747
2575309466
2575309467
2576452168
2576452169
2576452170
2576452171
2576452172
2576452173
2576452174
2576452175
2593229858
2593355006
2597538376
2597538378
2597538379
2597538380
2597538381
2597538383
260846627
2609860414
2610007445
2610236310
2610236311
2610236312
2610236313
2610236314
2610236315
2610236316
2610236317
2610236319
2626637969
2639457294
2654113473
2654113474
2677265080
2677265081
2682468250
2682468251
2694042658
2694042659
2694042668
2710820254
2727597937
2738099296
2744375524
2744375525
2754876883
277624214
2777930698
2777930699
2780840552
2790286655
2794708412
2794708413
2799829540
2805885009
2805885010
2805885011
2805885012
2805885013
2805885014
2805885015
2805885016
2805885017
2822662592
2822662593
2822662594
2822662595
2822662596
2822662597
2822662598
2822662599
2822662602
2822662603
2826848308
2826848309
2847950992
2847950993
2847950994
2847950995
2847950997
2847950998
2847950999
2847951004
2847951005
2852434925
2855689692
2864728576
2864728577
2864728578
2864728581
2864728582
2864728583
2864728590
2864728591
2867403248
2867403249
2867403257
2867403258
2867403259
2867403260
2867403261
2867403262
2867403263
2872320216
2872467279
2879414578
2879414579
2881506290
2881506291
2881506296
2881506297
2881506298
2881506299
2881506300
2881506301
2881506302
2881506303
2884180840
2884180841
2884180842
2884180843
2884180847
2889097803
2891333578
2898283876
2898283877
2898283880
2898283881
2898283882
2898283883
2898283884
2898283885
2898283886
2898283887
2899586505
2899586506
2899586507
2899586508
2899586509
2899586510
2899586511
2904086638
2905399947
2905875518
2916364192
2916364193
2916364194
2916364195
2916364196
2916364197
2916364198
2916364199
2916364202
2916364203
2922653073
2922800136
2932984690
2932984691
2933141776
2933141777
2933141778
2933141779
2933141780
2933141782
2933141788
2933141789
2939430660
2939577851
2939724882
294401801
2956208375
2956355438
2956502469
2972985962
2973132993
2973280184
2987774232
2987774233
2987774234
2987774235
2989763549
2989910708
2990057771
3004551814
3004551815
3004551816
3004551817
3004551818
3004551819
3004551820
3004551821
3004551822
3004551823
3006688295
3006835358
301437087
3017395047
3021329504
3021329506
3021329507
3021329508
3021329509
3021329510
3021329511
3021329512
3021329513
3023465882
3023613041
3040243469
3040390628
30424512
30424513
30424514
30424515
30424517
30424518
30424519
30424524
30424525
3057168215
3073945802
3083757985
308893320
308893321
308893322
308893323
308893324
308893325
308893327
3090723517
311179516
3157430356
3179142554
3179142555
3196264248
3196264249
3217976446
3217976447
3231926370
3231926371
3241015304
3241015306
3241015307
3241015308
3241015309
3241015311
3253774826
3271628000
3271628001
3271628003
3271628004
3271628005
3271628006
3271628007
3271628010
3277598531
327957103
3281564204
333492204
333492206
333492207
3365705008
3365705010
3365705011
3365705012
3365705013
3365705015
336782
3388045977
3388045978
3388045979
3405372831
3408740732
3408740733
3418668091
3418668092
3418668093
3418668094
3435191472
3435191473
3435191475
3441328336
3441328338
3441328339
3441328341
344734658
3476807501
3476807502
3476807503
3483900228
3483900229
3517993256
3517993257
3517993258
3517993262
3517993263
352946244
352946245
359484440
359484441
359484442
359484443
359484444
3608180706
3608180707
361512373
3648697919
3689281024
3689281025
3728600674
3728600675
3735210604
376262018
376262019
376262024
376262025
376262026
376262028
376262029
376262030
376262031
378289960
378532989
3789496044
3789496047
3804957860
3804957861
3817839908
3817839909
3817839910
3819304486
3836082064
3836082065
3836082072
3836082074
3836082075
3836082076
3836082077
3836082078
3836082079
3839306157
3839306158
3845540998
3845540999
3852103972
3852103974
3852103975
3874430594
3939352432
395067547
3953814368
3953814369
3953814377
3953814378
3953814379
3953814380
3953814381
3953814382
3953814383
3956063891
3962764984
3962764987
3970591963
3993835282
3993835283
3993835284
3993835285
3993835286
3993835287
400245156
400245157
4005305264
4005305265
4010612864
4010612865
4010612872
4010612874
4010612875
4010612876
4010612877
4010612878
4010612879
4044939506
4065792650
4065792651
4082933160
4082933162
4082933163
4090452672
4090452673
4090452674
4090452675
4090452676
4090452677
4090452678
4090452679
4090452680
4090452681
4107230384
4107230385
4107230386
4107230387
4107230388
4107230389
4107230390
4107230391
4107230394
4107230395
4123323344
4123323345
4123323346
4123323347
4123323348
4123323349
4123323351
4123323358
4123323359
4124007968
4124007969
4124007970
4124007971
4124007972
4124007973
4124007974
4124007975
4124007982
4124007983
4126902314
4126902316
4126902317
4126902319
413492304
413492305
4140100936
4140100937
4140100939
4140785552
4140785553
4140785560
4140785562
4140785563
4140785564
4140785565
4140785566
4140785567
4151239236
4151239237
4152563344
4152563345
4152563346
4152563347
4152563348
4152563349
4152563351
4152563358
4152563359
4169340937
4207896004
4207896005
4207896006
4207896007
4211785297
4229158157
4265876000
4265876001
4265876009
4265876010
4265876011
4265876012
4265876013
4265876014
4265876015
4276674960
4276674961
4276674965
4276674966
4276674967
4282653592
4282653593
4282653594
4282653595
4288845290
455360505
455360506
455901763
459867272
459867273
47202224
47202225
47202226
47202227
47202228
47202229
47202230
47202231
47202238
47202239
472679478
473665184
477688708
477688709
477688710
47950814
490442771
503069488
503069489
503069491
503069492
503069493
503069494
503069495
503069498
503069499
507220358
519847076
519847077
519847079
523159398
523998073
524145104
539789922
539936985
540084144
540775660
540922691
547942408
547942409
556567509
556714572
556861731
557553247
557700406
561208919
561208920
561208921
561208922
561208923
561208924
561208925
561208926
568443746
570455084
570455087
573345096
573492287
574330930
574477993
574625024
585221328
585221329
585221330
585221331
585221332
585221334
585221335
585221340
585221341
590269842
591108517
591255580
591402739
59354740
59354743
598081834
598081835
607047429
607194620
608033167
610321092
610321096
610321097
610321098
610321099
610321100
610321101
610321102
610321103
611530294
623972207
624810850
626713191
627098806
627098807
627098808
627098809
627098810
627098811
627098812
627098813
627098814
63979816
63979817
63979818
63979819
63979820
63979821
63979822
63979823
640749762
641441406
641588437
651789496
655237450
657380318
657527477
658218961
65996322
660653956
660653957
674158001
695387676
695534835
708846072
713509149
713509150
718825334
718825335
719246205
725476596
725623659
728942946
742254183
742401246
745720533
748895195
749874176
749874178
749874179
749874180
749874181
749874182
749874183
749874184
749874185
757360213
759178929
759325992
770995048
774970810
775956516
776103579
791748397
792734103
792881166
796679864
800580488
803696594
803696595
809511690
809658849
818392062
818392063
826289405
838694624
838694625
842296768
842296769
842296770
842296773
842296774
842296775
844213776
878014146
878014147
878524584
878524585
878524586
878524587
903204400
903204401
903204402
903204403
903204406
90685426
90685427
919981984
919981985
919981986
919981987
919981988
919981990
919981991
919981996
919981997
982371544
982371545
990027990
99866469
