1021407568
1127449118
1167748450
1231502946
1330801840
1399237674
143548834
1449055016
1459033940
1687816317
1694357883
17226460
1730295574
1779702225
1786208171
1821493144
1917689975
2035811850
2070462740
2152420165
2221236589
2270045820
2423552734
250403400
253840030
2679930748
2686249189
2796078342
2796436826
2796965674
2918228738
2950611268
2990980462
3014209283
3040242976
3069913798
3150715108
3177901829
3185531433
3328657758
3340828754
3376551907
3453017346
357350675
3616671185
3679088329
3717832563
3848184531
3889583789
3933783602
4167129171
4265377424
4268480705
495317658
510842629
570580773
597408771
689328307
698405577
73688392
789966995
837511904
924860662
928927738
