14834863374375645774
14834872401037930357
14834872752239716751
14834875262728355411
14834878041738957935
14834893665395143633
14834894179545631637
14834894670204320659
14834894686590534930
14834901610833183467
14834905185450930353
14834910062105537557
14834912175099714911
14834915084109141687
14834921426707674313
14834924115567459253
14834930866558634405
14834940910739239119
14834942846014465181
14834946296804065282
14834946334790598788
14834948915895006126
14834949718208596287
14834952020369805688
14834954169532720652
14834961682530732178
14834961835303108258
14834969081263857701
14834971011748339576
14834972911354087929
14834972922809831629
14834974633980676104
14834979224290615804
14834980289161571449
14834984899852556831
14834985394799531487
14834985978069698785
14834988542867497429
14834991925217628094
14834993306341532691
14835004483158080475
14835009463009930693
14835011294617726202
14835017504362962844
14835017952687540341
14835023921097422663
14835024663928177383
14835026006269914464
14835027174537880570
14835027556457203966
14835033319593965122
14835034421894831793
14835035782832744475
14835036269414527309
14835038582455340358
14835038942185570779
14835040758564823352
14835048156783476629
14835052458316094453
14835059010315575300
14835060482278260130
14835062060501413331
14835067258129767164
14835070684763837991
14835071979970163547
14835072053355935821
14835073656231166109
14835080073636649659
14835081153812907441
14835088323911473236
14835088832454244485
14835089743397922529
14835095775452489015
14835096173333984345
14835096469030478835
14835096564078071587
14835096694033096880
14835098969282709253
14835110530538134121
14835114037832330085
14835115329665164505
14835119487678476461
14835121998173057888
14835130676822838709
14835139250873444598
14835144513300668919
14835145316241781077
14835146098313031973
14835148227033332392
14835148790322678554
14835149988146609981
14835151013047026135
14835160158648438436
14835162100917936798
14835162821358566166
14835164139384964400
14835167593927872987
14835174705749717319
14835180477558308671
14835181963548844125
14835182466050747463
14835184503569960985
14835188981324863900
14835192787510378193
14835193755993179555
14835194161415919911
14835196148543418752
14835199506298263185
14835199724751510519
14835200248002025467
14835201701735430677
14835203512897809429
14835204634864586021
14835216824753678814
14835220810562709487
14835226253386142346
14835232914899780544
14835234599912299951
14835237026701412261
14835237900568791065
14835238878937836371
14835251161601319697
14835258325923381094
14835262129792466828
14835264117869708563
14835267377701155495
14835268093615197719
14835275493837999962
14835290705747081730
14835295072213217771
14835297531049882934
14835298529856582763
14835302246550857782
14835306979512106785
14835309849178982294
14835310097092929425
14835314062392727324
14835315106969093403
14835318612667867721
14835318627514155063
14835320131317158057
14835329376203363158
14835335758453861199
14835336891293641485
14835337269782842577
14835344321049638299
14835350054604868370
14835351317260296797
14835360347731420876
14835363240917231189
14835365695617359158
14835366916977437064
14835368378678685618
14835376508731610522
14835377266434923216
14835382854703821365
14835385407474510234
14835387713456466709
14835389158217724532
14835389875754264324
14835393220772959088
14835395111151723701
14835399554612278179
14835410357153817106
14835413838173454660
14835419149583177034
14835421199698264475
14835421581487523770
14835423368553166894
14835424954338414398
14835432593025355936
14835433681005407342
14835435783543325221
14835437041423888395
14835438251782915968
14835439799916066449
14835440421165429705
14835443459721178542
14835444145330758198
14835447459532066426
14835456034980755813
14835457455501387006
14835465794738526482
14835466470718217412
14835471398158818697
14835472173893139498
14835477174834066658
14835479143429310608
14835479670767152216
14835480527006097632
14835482820030014783
14835485817505252522
14835487328612728333
14835499526232818306
14835499866944972037
14835502213471608798
14835503938885516182
14835510151868666730
14835510303747458193
14835519899030572712
14835520569580651734
14835523237772779869
14835526917576264318
14835530521812137489
14835530861873729092
14835539990307452152
14835544554805021332
14835557132421074017
14835558669022386830
14835565504811975324
14835565736733848671
14835567025087600174
14835569039615974095
14835574931032977772
14835578385526464104
14835580407800848911
14835587059934728553
14835590285994357141
14835591264742362395
14835598142213126576
14835599881156496803
14835602034800000495
14835602440680662690
14835604689821347041
14835605344827995959
14835607424939640282
14835609766714504550
14835610903296177739
14835612776188723551
14835613509668079924
14835617419133884310
14835619678772122873
14835619723023414748
14835627103453072985
14835632575652244440
14835635243532061715
14835639237898733860
14835640813931301020
14835643710869050077
14835649952440366958
14835654570228921806
14835655083195260377
14835666157036979119
14835666515334327884
14835666938475630643
14835667782288226468
14835672885992881078
14835681806394362209
14835690677827535961
14835694533223960113
14835696205145961693
14835697568708198627
14835709704108020693
14835710132848124623
14835710765103634234
14835712143582342553
14835721317633550962
14835725011451760989
14835727313058032196
14835734372367125092
14835739957781859046
14835740346058184012
14835744743287909168
14835749531466648712
14835756247623603273
14835757468616071694
14835760024498204052
14835766091420583812
14835770603178767891
14835773713939020764
14835774126847341426
14835778473859826729
14835783077316802571
14835783680149353731
14835786008890522048
14835791247468214802
14835806528941890026
14835807274407586666
14835807784754032265
14835811840400743963
14835816708705086242
14835818165754071904
14835820828879600471
14835826394641192808
14835827363602487025
14835828856277768813
14835831148590137488
14835831269563850594
14835834473059540240
14835841361565428304
14835842127317744091
14835848036700099452
14835848739988811169
14835850325944207278
14835852044903080387
14835852640448036656
14835856693420953847
14835857741025071869
14835859034048615939
14835871349003961375
14835873574505592314
14835876912802922742
14835878455105693320
14835880278209590619
14835882272576437550
14835883361533682970
14835883988849735221
14835886117835356041
14835888967538208513
14835889145561551466
14835893755340841454
14835894621080560954
14835900252533555509
14835909808616670726
14835913592629350215
14835917265273797240
14835919811288494560
14835922193124899899
14835924413125059349
14835926545735249306
14835930365730085287
14835937497306004210
14835943158285810917
14835947152365381725
14835949083412239726
14835952961556839302
14835958864112825594
14835959259325748103
14835960025362009532
14835960838114175075
14835961978352514271
14835964198261513158
14835966095903906358
14835968529821762287
14835971067331083157
14835973705437665425
14835974914297680703
14835977260559748904
14835978010622375561
14835978152921275706
14835979926262396466
14835980924456576591
14835981077164068099
1542483153130329369
1542483547219588580
1542483731703473378
1542484554881205399
1542485004122139207
1542485387284442572
1542485618475685304
1542486955669552510
1542487470487093186
1542487969913517714
1542488164610284429
1542488363696051556
1542488475015807433
1542489300769335076
1542489916102884817
1542489956596628389
1542490895180639204
1542490953963802734
1542491260186641055
1542491340422012546
1542491496455763689
1542491912792173030
1542492232207847900
1542492328861477276
1542492952665962916
1542493516683316401
1542493696808204349
1542493873593274251
1542494579980290375
1542495216432703273
1542495877897314930
1542496008684890687
1542496201923599212
1542496399489007613
1542496494820893881
1542496949874788081
1542497170173934302
1542497394400686056
1542497732338339740
1542498077669435626
1542498918816293125
1542499354221612355
1542499613280210559
1542499769117155483
1542500887995163367
1542501273187310713
1542502065281845049
1542503116476418261
1542504236149284206
1542504541553698312
1542504880744981070
1542505942213819487
1542506412678253782
1542507798954640973
1542507990867202872
1542508068477539201
1542508609719249630
1542508653990704313
1542508824844959837
1542509211119530205
1542509454033609534
1542509566036994131
1542509619444641555
1542509676572518562
1542510456154522370
1542510532115139776
1542510749952650905
1542511285703325544
1542511325542201561
1542513063297592424
1542513386276322146
1542513909837083411
1542513939239275170
1542514561657393165
1542514704710702834
1542514790671742470
1542516605095565319
1542516730372997910
1542517012434293177
1542517759111696918
1542518137168105537
1542518270270434458
1542518557094767461
1542518891380379931
1542519823646701183
1542520575400736305
1542522539048956677
1542522769483317813
1542522835056445369
1542522844994672625
1542523599441399711
1542523855599663474
1542524352390251451
1542524559243629166
1542524617150331451
1542524835823841836
1542525369040224317
1542525384865015884
1542525577063327867
1542525975884760144
1542526593499684400
1542526868547636627
1542527057396086877
1542527388709016150
1542527539658643304
1542527982801449031
1542527999494956510
1542528841316650983
1542529252278445394
1542529420679256285
1542529499222761692
1542529528462364045
1542530358675722649
1542530950033964171
1542531408782840615
1542531832236652738
1542532220324326744
1542532254548024803
1542532775140407385
1542532879104235612
1542533050532936437
1542533206437230834
1542533503469735446
1542533756582739446
1542533782727231998
1542534189285569363
1542536517850144321
1542536723334415815
1542536756199771825
1542536836746348897
1542537199344503475
1542537459576830871
1542537479489708633
1542537838518905387
1542538246559969341
1542538436939447304
1542538480669101016
1542538511894831632
1542539693106119039
1542539783432013194
1542539866950809554
1542539985539917471
1542540076850897425
1542540354166768185
1542540492733186841
1542541094415194885
1542541724137899928
1542542302971990474
1542542381631745817
1542542446367333872
1542542496884456554
1542542707586752878
1542543253553140768
1542544042336926545
1542544590962507549
1542545111655024061
1542545786632710608
1542549512511859762
1542549811359441776
1542550156923267578
1542550350522262362
1542551457084056797
1542551784118904199
1542551856672464513
1542552118971333800
1542552488492354120
1542553288442906091
1542553367737603522
1542553522534239935
1542553844342276918
1542554160647152535
1542554343318713975
1542554730383639732
1542554914891883196
1542555153043688023
1542556063903895665
1542556219561871874
1542556374563521983
1542556487066202206
1542557668911320208
1542558694054193671
1542558812823723599
1542558825936923781
1542559539169296924
1542559779875405414
1542560731478049357
1542560966316643219
1542561000810155642
1542561647111643688
1542562018130460108
1542562674143814799
1542562723938784489
1542563142382389898
1542563454637590223
1542563791443399545
1542564058777975621
1542564120722582757
1542564334797568194
1542565541440158455
1542565849751790850
1542565972805864192
1542566432768548370
1542566510716008043
1542566681760003079
1542566914829733245
1542567195523921574
1542567207259593178
1542567480569213955
1542567522939686838
1542567777324980443
1542568625021861171
1542569712842535840
1542570058193840236
1542570659533566782
1542572535853869694
1542572718190739410
1542572930127242491
1542573145032281695
1542573200934324037
1542573204745268355
1542574115150743084
1542575590542099185
1542575719464559488
1542576062235008228
1542576210920024127
1542576305324737800
1542576440454349994
1542577188917321420
1542578819302135175
1542579577996554629
1542580559227170692
1542580725854501822
1542581252700533408
1542581296022194964
1542581394070190719
1542581885796896555
1542582151801001935
1542582377957130971
1542582876551214079
1542583533968697076
1542583936069724957
1542584271604852891
1542584510839535520
1542585391051714572
1542586832312686825
1542586840588476894
1542587926768628097
1542588465572821018
1542588967444350412
1542589182541405861
1542590206622230578
1542590389722966385
1542590734130741520
1542591170525491673
1542592851582440114
1542593515383281524
1542593530597855045
1542593641762477866
1542594577194228268
1542594596798490052
1542594746291509923
1542595198333609270
1542595848912970981
1542596630117063943
1542597461535312735
1542597668690552175
1542598070909030918
1542598102054579639
1542598624710053420
1542599113819355705
1542599447907454374
1542599622281164187
1542600216088137156
1542600849017187760
1542600991718790926
1542601201312005274
1542601824509183978
1542602144067710901
1542602165758715667
1542602548038231226
1542603417553179962
1542604578016235597
1542604598020522679
1542604992507892791
1542605534961649309
1542606172381105199
1542606223882176379
1542606444044337108
1542606615692140160
1542606868720372877
1542607025121522595
1542607351215883174
1542608650891070008
1542608772264708220
1542609274185919469
1542610096567718016
1542611105378579010
1542611580369716776
1542612126388617218
1542612844388385539
1542612934425214575
1542613288908172638
1542613810461699886
1542614258063536489
1542614368163800737
1542614428235295893
1542614552334377860
1542616241208922293
1542617172232873337
1542617176059154306
1542618024554941267
1542618074980927124
1542618697271615781
1542618783715858937
1542619118106784606
1542619439221809332
1542620257720901174
1542620525505544943
1542620691749286254
1542620952238432272
1542620970971738915
1542623147664606449
1542624926953154918
1542625369277201558
1542625456520093721
1542625681060788904
1542626292484605032
1542626582906705450
1542626721078585319
1542627576658104793
1542627729005257413
1542627885702422313
1542628026494209773
1542628046973345797
1542628103907243348
1542628765768913906
1542629024434241628
1542630819396339661
1542630888739518732
1542631142084701309
1542631573982796012
1542631584939232855
1542631620729608578
1542632142077000140
1542632969943487299
1542633337026259616
1542633695337051004
1542634264321388035
1542634404987626980
1542635962003637819
1542636332491249650
1542636899624350210
1542637212330085583
1542637803997729862
1542638291193714462
1542638741474286362
1542639247559283111
1542639491038201054
1542639534542929801
1542639944485370432
1542640476909444519
1542642450638821774
1542642897725184882
1542644957086270651
1542645118221018655
1542645252352220612
1542645413615451520
1542645437376970192
1542645525945712161
1542645548837555556
1542645815886961357
1542646130536808989
1542646344940000870
1542647684871626343
1542648436581990665
1542648505476331147
1542649469650989383
1542649523618413046
1542649735706696906
1542650345125105072
1542650358010929415
1542650969459877423
1542651030447421979
1542651198395977682
1542651392269890788
1542651776458687814
1542651974017865212
1542653161554137538
1542653171894597716
1542653500013774996
1542653887855924966
1542654006163349810
1542654502722300603
1542654851838883442
1542654859213044443
1542654907523482805
1542655822177727630
1542656003017901211
1542656103914218704
1542657215205086177
1542657495649604030
1542658193893081302
1542660209693346382
1542660552139513523
1542660867620751900
1542661302050748164
1542662010680622454
1542662114280055880
1542663578858826901
1542663618339099537
1542664172477956536
1542664865733441848
1542665522403983560
1542665741711154472
1542666661613848499
1542667417917701345
1542667588310376775
1542667760568385973
1542668285148741767
1542668921622911285
1542669716488547547
1542669797336539310
1542670237192801416
1542670476089229390
1542670679349280597
1542672256285583330
1542672577984190356
1542672656338218961
1542674093830639675
1542675549803698701
1542676338479507168
1542677320515215200
1542677791673738737
1542677805378621965
1542678736750140763
1542678811416481227
1542679366476357291
1542679901244866051
1542680257296060845
1542681194554245652
1542681501422861183
1542681579438635649
1542682127853396395
1542682135156104739
1542682761626730694
1542683253970560839
1542683697472691930
1542683808570418643
1542683880433400598
1542684088159401358
1542684548864064590
1542684590212486425
1542685203184592311
1542685677470739943
1542685877738768524
1542686450008722697
1542687347725463079
1542687408632332259
1542687729043987844
1542687775187410569
1542688238386221132
1542688955148883204
1542688957533644701
1542689940033858548
1542690677747881149
1542690716999668496
1542691117455942712
1542691461394847463
1542691838897098978
1542691944179785999
1542692000716824861
1542692267007844648
1542692271991962841
1542692626856554481
1542692709716800070
1542693322251611367
1542693919864284262
1542694227498293174
1542695326760323714
1542696226677075564
1542696360227454813
1542696402649316301
1542696836190981605
1542697982038877727
1542698664231479514
1542700093512747948
1542700850489020411
1542701111489055888
1542701159771074333
1542701824785282519
1542702354652805818
1542702447978904531
1542703523060413622
1542703567726578791
1542703648297449285
1542703769883563189
1542703968411887582
1542704148348623060
1542704839495538086
1542706057641528247
1542706815919361453
1542707754184790060
1542708142780902460
1542708152334683620
1542708454409883822
1542709766580082235
1542709847882966735
1542711369211680516
1542711550479975215
1542711894455634321
1542712082943762660
1542712370468143440
1542713011414110265
1542713963788863209
1542714447018997408
1542714672002368308
1542715672371470731
1542716367521082327
1542716519955805178
1542716921379308790
1542717605193844615
1542717853874507885
1542717921084873540
1542718108583366784
1542718309362318277
1542718719228839658
1542718921230519679
1542719222630563323
1542719437011748069
1542719465573913883
1542719540041319320
1542719922835629909
1542721091528691798
1542721131504997899
1542721842449185478
1542722260730351214
1542722786850325406
1542722863367372390
1542722996184363175
1542723442483058269
1542723468005339204
1542723784758971808
1542723837664273662
1542723984688337337
1542726876431929268
1542727561780450146
1542727717697537051
1542727781098760065
1542727884759434609
1542728321222245437
1542728399935154412
1542728733448677825
1542729282284346880
1542729296834633700
1542729733540204931
1542731520463821572
1542731707242361755
1542731787079079969
1542731843247617620
1542731941023781195
1542732767168195903
1542733286704796316
1542733486261249080
1542734352964727532
1542734452322150731
1542736053061357317
1542736668501153021
1542736909449279133
1542737366391883204
1542738130347616439
1542738785125239472
1542739112217765593
1542739208141831324
1542739227266733358
1542739353621394667
1542739547003109200
1542739621881863655
1542739784123844196
1542740050941154789
1542740138639913175
1542740211869896906
1542740893146475334
1542742133988185297
1542743159149697882
1542744183660409610
1542744444444376032
1542745414440547839
1542745941423292203
1542746080761629661
1542746574456116240
1542747458804653895
1542748213115480404
1542748745994968020
1542749567552179679
1542750277744287198
1542750310827159049
1542751275688371391
1542751851873458906
1542751912151439648
1542754122208982186
1542754887510197849
1542755444851642912
1542757676586907990
1542758337916586719
1542758751444757752
1542758998843368554
1542759394123510019
1542759411723778355
1542760375309873491
1542760985330119763
1542761035001448213
1542761182640753242
1542761391392596860
1542761398174953225
1542762083137502196
1542762224756450751
1542762251554979886
1542762775695485789
1542763784132637919
1542765366324416357
1542765479763358170
1542765770266889321
1542766004283990363
1542766187144017498
1542766449945055710
1542766475322312247
1542766636652092046
1542766715790615974
1542766721255263869
1542766775648235163
1542767227357434665
1542768745708868909
1542769068538098684
1542769312647178083
1542769601288858486
1542771359683544845
1542772007837111272
1542772079632285799
1542773240725331961
1542773312653218028
1542774144516480336
1542774446580186948
1542774816929059153
1542774912968048176
1542775299914949209
1542775746497483297
1542775916445436579
1542777384291931442
1542777443597978570
1542777500160792820
1542777646510822725
1542778939932959413
1542778939938058808
1542779140778824455
1542779405338685256
1542779425980067784
1542779591569766859
1542780368113396748
1542781319468325617
1542781616439161008
1542782308594828266
1542782479478247107
1542782697901620313
1542783389808115721
1542783391999252235
1542783515902658490
1542783992980407637
1542784203604251138
1542784930562071060
1542784970569643361
1542786434213252890
1542786617113532876
1542787102748997737
1542787899044699429
1542788168909038132
1542788254798519654
1542788860717422815
1542790232210574564
1542790878400027208
1542791199341146898
1542791429078469790
1542792219715125522
1542792307814286349
1542792758003864354
1542794419160230988
1542795075435237465
1542795717634341222
1542796991813844612
1542797422839682790
1542797859288959634
1542797905876307134
1542798261578158551
1542798430740833660
1542798559621328240
1542799127468859780
1542799303344481182
1542800313340130992
1542800704590380813
1542801187617387758
1542801643088338650
1542801678362543069
1542801688098554142
1542804553914270374
1542805797797364878
1542805884924786601
1542805938749470818
1542806011548057988
1542806546846449420
1542806902138168169
1542807189871501793
1542807269036895996
1542807662233627766
1542808312850647816
1542808530799531589
1542809304443242726
1542811294218728933
1542812256083010816
1542812260529365836
1542812956834494695
1542813320154113698
1542813516674080488
1542813638169600836
1542813653795470085
1542814315164443957
1542814423254954041
1542814952001864953
1542815007895213921
1542815177078369055
1542815899727739248
1542816694787055645
1542817166077687780
1542817173395433438
1542817570966995805
1542817581714085220
1542817779732302329
1542817968641705576
1542818101763343421
1542818126757944361
1542819799336542268
1542820263407037155
1542820670368906372
1542821659136389061
1542821789859279346
1542823618003694964
1542823662221627434
1542824332058008137
1542824646833781060
1542824966187698397
1542824984407158020
1542825013392637633
1542826141150194507
1542826212744721179
1542826290566173350
1542826580580110110
1542826730913119663
1542826843630622863
1542827365960363411
1542827961830179110
1542828250559958173
1542828449800518819
1542830269309280416
1542830710836505672
1542830894592188754
1542830987181598784
1542831174150043704
1542831239586665023
1542831373168192326
1542831706587213359
1542832668095256016
1542833059330254608
1542833714030544563
1542833840046717131
1542835214590250787
1542835372915749705
1542835620926789277
1542836070961845852
1542836142057638148
1542836520280398893
1542836860861384389
1542837136495720289
1542838249370453501
1542838419223633122
1542838462623906906
1542838497561710864
1542838542372687943
1542838705836031211
1542839361634768992
1542839628775430066
1542839791121321423
1542840251176650849
1542840542145677528
1542840654087668755
1542841112245652189
1542841869158658997
1542842869579493940
1542843521901667305
1542843563420008352
1542845065184095461
1542846043585634561
1542846220958586966
1542846406216010168
1542846507856288917
1542847779296905185
1542847824890123215
1542848630717547585
1542848958158940959
1542849594820281621
1542849670672494834
1542849959034084901
1542850056605534314
1542850381172634186
1542850777623481276
1542851608397062882
1542851923239438340
1542851942137366619
1542852200314012903
1542852757800360652
1542853041815163892
1542853459938947167
1542854033583511007
1542854067481614140
1542854101359849649
1542854290167763321
1542854413338388975
1542855205327279038
1542855298898372130
1542855747262847234
1542855790403095274
1542856384112438187
1542857859387700037
1542858054134841182
1542858254816526292
1542858682814162431
1542858777105100128
1542858817443244736
1542858956588138763
1542859229820566580
1542859739578571822
1542860176973652612
1542860628176837669
1542861663906429803
1542862958894387227
1542863138506457538
1542863992545793759
1542864196934337607
1542864812300792494
1542865268150613336
1542865696499848561
1542865968148215234
1542866210878049862
1542867363122032690
1542867633492075278
1542868067044730762
1542868114816322776
1542869181007832459
1542869316220243912
1542870066877801363
1542870275863118862
1542870407244727657
1542871362223885927
1542871419141618825
1542871473975349484
1542872283255536771
1542872611512097040
1542872676111941759
1542872886127682144
1542873321074526740
1542874950381135567
1542874964688689127
1542876236154686209
1542876367033391402
1542876412324180128
1542876875673432274
1542877029685961024
1542877217701562652
1542877495828296447
1542877985982035428
1542877986702855931
1542878288553304242
1542878554222150928
1542881350915564624
1542881805642495772
1542882072213700307
1542882353661713140
1542883656319949421
1542883673794833731
1542884330075168877
1542884706899735370
1542884813209139210
1542885052228956228
1542885300515303069
1542886554131263036
1542886647097999146
1542887346297352042
1542888517685264628
1542888837395879344
1542889081234522830
1542890566288131208
1542890652763737826
1542890990602253520
1542891342375937497
1542891383600274814
1542891711449107028
1542892034905217953
1542892334172865587
1542892616129242953
1542893940310630171
1542894016201469224
1542894792048671509
1542895983579419542
1542896048322296874
1542897439597847809
1542897554857128685
1542897766906182893
1542897804421173033
1542898547568351684
1542901807192870710
1542902016276913081
1542902538246550403
1542903206674844797
1542903665999295212
1542903985525671386
1542904400662482998
1542905370335777046
1542905533465393353
1542905552828711501
1542905605813503011
1542906054660804834
1542906543051277497
1542906723407529369
1542906869517212661
1542907051546503363
1542907232237226051
1542908190810338415
1542910493100596319
1542911488304599354
1542911624982563193
1542911965017656903
1542912177729841799
1542913022844298614
1542913721142035739
1542913811156258050
1542914425441415757
1542914952528236519
1542915067747801740
1542915714231798960
1542916091794492039
1542917178271026462
1542917489849994819
1542917814978299431
1542918394311777533
1542918439806845165
1542918484061600774
1542918969442113839
1542919340908999502
1542919365682053554
1542919521184138897
1542919860584747760
1542920320801667762
1542920581332880005
1542920890543673401
1542921192577423333
1542921600782099600
1542921763421501909
1542922039223422323
1542922983713865920
1542923068896074727
1542923113109968087
1542923574839892447
1542923584104382529
1542924917980353692
1542924921838577528
1542925114470163054
1542925790857094818
1542926107820577513
1542926887722135879
1542926956213283348
1542927047263534992
1542927419972321649
1542927564994567902
1542927812362116536
1542928034023691650
1542928495918806633
1542929322647363988
1542930030400936926
1542930287297565893
1542930583701619577
1542931720631644673
1542932112461971158
1542932270231532421
1542932368079043777
1542933249156874154
1542933397767185131
1542934396457306652
1542934443065242977
1542935743891171876
1542936258991857063
1542936957078925944
1542937048942484308
1542937061260861079
1542937663757329509
1542938955404745022
1542939047863770977
1542939065075300921
1542939083715467182
1542939956400212030
1542940673881829471
1542940931107605096
1542940963822202276
1542942106642761522
1542942135819051725
1542942249400259069
1542942643689938386
1542943272440534570
1542943646041615122
1542944220022366101
1542944481447740001
1542944579790841482
1542944579953736839
1542945303295657174
1542945383217892022
1542946185911928711
1542946815529535081
1542946933853479930
1542947440762630534
1542947672778983082
1542948926223463335
1542949020260090565
1542950432410136701
1542951269974037068
1542951694632808002
1542952402789239648
1542952910055594410
1542953013901090366
1542953191368670727
1542954701339811419
1542955211479486658
1542955353153249520
1542955686482496005
1542957058176487333
1542958397298752604
1542958636409006699
1542959053038222348
1542960549324760382
1542960732530197802
1542960741131445002
1542961132923029931
1542961364094342173
1542962176393196558
1542962380088990705
1542963006857022107
1542963144342294599
1542963387199109797
1542964224235913497
1542966721406458018
1542967278121249309
1542967802355498620
1542968333786796436
1542969881082249598
1542970499871432800
1542970732151090343
1542970833441881371
1542971587181595755
1542971835003340357
1542972569651797529
1542972671808761498
1542973502647332186
1542973532632143996
1542973969383119654
1542974417022565051
1542974469941159890
1542974676271015946
1542974903553131352
1542975047467920985
1542975901842504924
1542976220197966398
1542977434820020867
1542977672551307903
1542978274132180484
1542978441886252039
1542978520935943802
1542978727611427612
1542979684985346851
1542979737483354102
1542979761978572700
1542979857502471347
1542980722846207452
1542981163903046088
1542983053388463809
1542983131691488984
1542983313047161599
1542983659684108234
1542986245693925107
1542986418318886719
1542986994530468665
1542987808711051475
1542988239247201523
1542988542053978287
1542988826709451734
1542988926500588752
1542989570901020392
1542990524757737407
1542991066726616859
1542991445782869502
1542991474041402220
1542991716925107667
1542991734511056317
1542991740071642532
1542992506191791761
1542993063730137612
1542993456716021916
1542993590797707455
1542994002594561450
1542994803797481771
1542995198093549090
1542995335087699841
1542995672479779270
1542996271498432862
1542996750301836796
1542997001279174702
1542997671904773986
1542997978687073871
1542999620083011962
1542999683371850474
1542999695562871180
1542999874812404576
1543000472199901867
1543001015189890377
1543001443355577923
1543001734559800988
1543002004742999430
1543002460536838167
1543003250629012881
1543003478805647174
1543003919280838639
1543004039109677321
1543005161002683266
1543005460008593484
1543006150706418639
1543006578475372479
1543007379224288314
1543007403288288049
1543007718918705112
1543007868332498628
1543008087401884819
1543008416479959955
1543008958111571111
1543009064346763349
1543009091221494393
1543009389777812138
1543009581662517786
1543009821207530046
1543010101559649477
1543010524087551226
1543011104989338780
1543011512422522820
1543011854272749642
1543011918878945205
1543012301064330604
1543012953698821579
1543013904673924796
1543014640170142795
1543015534981961853
1543015627930201200
1543017499760143342
1543017657537218686
1543017760992766192
1543017807505800332
1543017904369052519
1543018359044683926
1543018796527471208
1543018916205162144
1543018969519681760
1543019289015857054
1543019307370713148
1543020030146003293
1543020724618350930
1543022062612340368
1543022200737591325
1543022450716918925
1543022503685062058
1543022986436485115
1543023217094811572
1543024561648173462
1543025302502644659
1543025534368987696
1543025656737437010
1543026355799698944
1543026684329755644
1543028660531183546
1543029571144975710
1543029602122490567
1543029989761923277
1543030155133842484
1543030452746631078
1543030790259617397
1543031173029515029
1543031635503273245
1543031732380115040
1543031996671687253
1543032171676924193
1543032361140512177
1543032754867203783
1543034127956232948
1543034533265300917
1543034929111158828
1543035216772190510
1543035780398055215
1543035801855373683
1543035814380272366
1543037604650957423
1543037702798757958
1543037740514783970
1543038886610561087
1543038998080392679
1543039353131524622
1543040280123330604
1543040319603516731
1543040436131993299
1543041227146012135
1543041936587582978
1543042651389390985
1543043052471424100
1543044080088058975
1543044644282984977
1543044820151034308
1543045137668440288
1543045682497023691
1543046304845309448
1543046375415173270
1543047970621950519
1543048185094309192
1543048433431995276
1543048768518903800
1543049621851689502
1543050728712503952
1543051069214696029
1543051143489371693
1543051217277014974
1543051782298087572
1543051933882632416
1543052146186429300
1543052250279362325
1543052472550729591
1543053111480885822
1543053113353379411
1543053811368895563
1543054016557882882
1543054493560550995
1543054748802317088
1543054955154521395
1543055494410116798
1543056269712872785
1543056399342973013
1543056400411891001
1543056703056409519
1543057539874511704
1543057907645889138
1543058922134219463
1543059631402913421
1543059757787449401
1543060005865860617
1543060251558254528
1543060379073834423
1543060610996720093
1543060899212577612
1543060905093658512
1543061201662550107
1543061737562520341
1543061964704523168
1543062472431592285
1543063536737074922
1543064956697346816
1543065065022155816
1543065808070276831
1543066385772183729
1543066733349994002
1543067062546517194
1543068270239710497
1543068286136272373
1543068618457447674
1543069512050936824
1543069665328475666
1543069945252022684
1543070110954238961
1543071447128656218
1543071499280803980
1543071662537250629
1543071730694165835
1543072013266278432
1543072391424113331
1543072978799510995
1543073183897064790
1543073385605127832
1543073586978054185
1543074685796546977
1543075685193491365
1543076517711418608
1543077134735044182
1543077493106676580
1543078481423049569
1543078783478674076
1543079119584100175
1543081219593641206
1543081291425112951
1543081304599190070
1543081760021824798
1543082426822031648
1543082623033717383
1543082824772918301
1543083004492680529
1543083672915741310
1543085124903158797
1543086115115905905
1543086442818029247
1543086606646167230
1543087905619741718
1543088264710893124
1543088602004130679
1543088684709791449
1543088791091356328
1543088872618131366
1543089458601497599
1543090547378270037
1543092011883669720
1543092174244678293
1543092369955362337
1543092837744024338
1543093160675676114
1543093903712094455
1543095663696850908
1543095913880014639
1543096011546256664
1543096268314030767
1543096627365778877
1543097414236624736
1543097862559382210
1543097928901529484
1543098073030489070
1543098097145215339
1543098274449239472
1543098914678631383
1543099475397504404
1543099489000389195
1543099671996851534
1543100296846956220
1543100362558543326
1543100511547899922
1543100610030091780
1543100908358884669
1543100988183518074
1543101861383239319
1543101958449636813
1543102717351173544
1543102994625983044
1543103451422995021
1543103898622857563
1543104059899577144
1543104328532906439
1543105269578097718
1543105352513433954
1543105488937727261
1543105736878436099
1543106617844753636
1543106703011250684
1543106730834908704
1543107135916072291
1543107215326597238
1543108164893197217
1543108610679409895
1543109028582990262
1543110336728515761
1543110541372586521
1543111022856762675
1543111088110411328
1543111203838275726
1543111992548947180
1543113584506248406
1543114202873045190
1543115277017898816
1543115427538874503
1543115784791471595
1543115890551527333
1543116185637178728
1543116388255354792
1543116736262655871
1543117179777155061
1543117603811481687
1543117898716390260
1543118256741347762
1543118474019732958
1543119772069977349
1543119828703606181
1543120635705879199
1543121814170402894
1543122285781632548
1543122321081831347
1543122441755477226
1543123078538078345
1543123664239524748
1543123778609701626
1543124413672810943
1543125076096157587
1543125181737781019
1543125242760021528
1543125313029992550
1543125463710207173
1543125473311615708
1543125992186895533
1543126383234327884
1543128088596740306
1543130002305940801
1543130743734923021
1543131019611493419
1543131378970133978
1543131967147202746
1543131973547384899
1543132596822886675
1543132749387275009
1543132976180841017
1543133143356408839
1543133309801551606
1543133619904904608
1543134329474227788
1543134359330559310
1543134452800758400
1543134941737091947
1543135484463439967
1543137130662739096
1543137155513921288
1543137767598241051
1543138066506432155
1543138173329963165
1543138206705468557
1543138363307631590
1543138434033030809
1543138979878312663
1543139021701217340
1543139158910916236
1543139429256069631
1543139482734942860
1543140955363036509
1543141143570914865
1543141544672787028
1543142757611178668
1543143707519645442
1543143801272102628
1543144094300416944
1543144579702696143
1543145898113590666
1543145925964658916
1543146007230596177
1543146435642595599
1543146867803368572
1543147505919325061
1543148907300201502
1543149464276203450
1543149547915496866
1543150003595466689
1543150237560813870
1543150718028860839
1543152233780263356
1543152281309836440
1543152468022430881
1543152502780205073
1543152555426122921
1543153276663352851
1543153446087927184
1543154275582949132
1543155313713162467
1543155682319947568
1543156032226688466
1543156687435782051
1543157306225751484
1543157350281428753
1543157450572965320
1543158030276334529
1543158442033477277
1543158484560690086
1543158661683503071
1543158886925137855
1543158988500937245
1543159136635949174
1543159483650728408
1543160437255706603
1543160552738244754
1543161282716078491
1543161987128956844
1543162074362400534
1543162450634354668
1543162509926500809
1543163070580543919
1543163572124070395
1543164142631549836
1543164444640487260
1543164931470895553
1543164998626182243
1543165047462191778
1543165814621922212
1543166303186915244
1543166481567210054
1543166505244426471
1543168677426422864
1543168731430001280
1543169630427361765
1543169761436044132
1543170839699536125
1543171115495105008
1543171638214675494
1543171685530656808
1543172177219702272
1543172991015048842
1543175130274334849
1543177448587195001
1543177633510138650
1543178547390546003
1543178824714940905
1543179771953596532
1543180540195167911
1543181722636624228
1543184643274703727
1543185080060213454
1543185475385130293
1543185605966369757
1543185844980150992
1543186565873066224
1543187034572171876
1543187610408421895
1543187619460170855
1543187728207715325
1543187828495638610
1543188297637654290
1543189322089587128
1543189694850331439
1543190052607943952
1543190222087388246
1543191222616921259
1543191438489002626
1543191917929756357
1543192895662273269
1543192923844817616
1543193881840090322
1543194096373332290
1543194133711188271
1543194784397648351
1543196454077645211
1543197422484749559
1543197776564946948
1543198550921686869
1543198838019417505
1543198967250456869
1543199360030916597
1543201545757585295
1543202269491328208
1543202292498073675
1543202318469276806
1543202767718293170
1543202934453828299
1543203505193673961
1543203792851042642
1543204339385274793
1543205559784728986
1543206324003080191
1543206733098481140
1543206774040926201
1543206885952099273
1543207361177714305
1543207801995984594
1543208011425501624
1543208671151492071
1543208823718042287
1543209164425096905
1543210289351246425
1543211171577005205
1543211195713012261
1543211247047236721
1543211626165803595
1543213418834038117
1543214287050548996
1543214662983173977
1543214710016093337
1543214982048831252
1543215744959005244
1543215854505018870
1543216363868593628
1543216881658349846
1543217411183369409
1543217462411968856
1543217829788638153
1543218895093309940
1543219106401874353
1543219826678188107
1543220648003414088
1543221101407059536
1543221213242414157
1543221219931162568
1543221535072579107
1543221797276892917
1543221991268294281
1543222736814990882
1543222800538142207
1543222938524318467
1543223560381231478
1543224512161938655
1543224670246227308
1543224723405205203
1543224917935487264
1543224936854710677
1543225269562662612
1543225633071595681
1543225757743369414
1543225864543218180
1543226727075060664
1543227237048935788
1543228156067159317
1543228221597893427
1543228235263504390
1543228885227614953
1543229139987187665
1543229140489652313
1543229158079939213
1543229162399857159
1543229315182645881
1543229604552263088
1543229730823602317
1543229852448622989
1543229930793713065
1543230120065460664
1543230812977009678
1543232483710129265
1543232689169575726
1543233352862233918
1543234713951763763
1543235003772413173
1543235453557907902
1543235904786326177
1543236761819257946
1543237923630357602
1543237962358596341
1543238175087491601
1543238420935939019
1543238743738569340
1543239434612143836
1543240212196313750
1543240563193989924
1543241103774844235
1543241932141079497
1543242161611234436
1543242282622268867
1543243470045830494
1543243582322327854
1543243804898302333
1543243986393369322
1543244630903424311
1543244840502304967
1543244881649146224
1543244959874002723
1543245174056100738
1543245312785399060
1543245469507364929
1543246178427767208
1543246768021126984
1543247550556562214
1543247704270227929
1543247775217941962
1543248076844772069
1543249237778900393
1543249843034606454
1543249875416090749
1543250054090519282
1543250707992524878
1543250991436572907
1543251315062984870
1543251860433154464
1543251963599126180
1543252613667898994
1543252725748285800
1543253066432485711
1543254214902359936
1543254376048951230
1543255145304000307
1543257455153170067
1543257858887051158
1543258856036612768
1543258858359869122
1543258886240951607
1543261309815160175
1543261857559173698
1543261890385569460
1543262476469087494
1543262693422054216
1543262914493200827
1543263158709118429
1543263902740195906
1543264192085883409
1543264764647613854
1543265108652721738
1543265636957914937
1543265656504422688
1543265698995760764
1543265733334109029
1543265866507192575
1543266271990794173
1543266613303830515
1543267925811347821
1543268560557474659
1543268680977699685
1543268811096045033
1543269983664447333
1543270386184812970
1543270744496254286
1543271504804804424
1543271649381131587
1543273939320300152
1543274248556490362
1543274689787053002
1543275424991787776
1543276045801156399
1543276387996143334
1543277004723638686
1543277067771658648
1543277298522273718
1543277827872881589
1543278049151527571
1543278638346841175
1543278673763649784
1543280011461082480
1543280800623003440
1543281024814523246
1543281708733054809
1543281762681361939
1543281818157802260
1543282221787133631
1543283085068868386
1543283257235159187
1543283797342636917
1543284754594740843
1543284905751204784
1543284963523629760
1543285002375047773
1543285126904630454
1543286772438429439
1543287802287171521
1543287943544655756
1543288239870873558
1543289079403910668
1543289230530133859
1543290140716070477
1543290398304444808
1543290599752668375
1543291079697811797
1543291422374557520
1543292631096169438
1543293644798510004
1543294059126512173
1543294315535330025
1543294459168640874
1543295567923390733
1543295907824339269
1543296131212020663
1543296511500917734
1543296984343097544
1543297082750691971
1543297180316737247
1543297333453537645
1543297480057530782
1543297971520566344
1543298178459942775
1543298375680814669
1543301465215557814
1543302209929834178
1543302559547347112
1543302680446526589
1543304028363053966
1543304152885797850
1543304165228173166
1543304480606892053
1543304525424221445
1543305349094711048
1543306551748098001
1543306861332142466
1543308225322731732
1543308242230520386
1543309661576745258
1543311394185327891
1543312237690993810
1543312929251786949
1543313443554588371
1543313612932873286
1543314170301490978
1543314269996015279
1543314386969880033
1543314502191740390
1543315166957190394
1543316094915999236
1543316220931460473
1543316791179570597
1543317556711454074
1543319471402880987
1543319616757552826
1543320688610266973
1543321662299129629
1543321876965950665
1543322280352720817
1543322522333554000
1543322560024697137
1543323180980599064
1543323365123825997
1543323785921788295
1543324966027352545
1543325877781060711
1543326836184069021
1543328305361211996
1543328337035793755
1543328530270977670
1543328535540384527
1543328648750332052
1543329238645341076
1543329291863183702
1543329722017412094
1543330051858456653
1543330429216201126
1543331570701234196
1543331957967307236
1543332077882384958
1543332502835057714
1543333687335417460
1543334441544244962
1543334491796328385
1543335156347877389
1543338115266484890
1543338682107680120
1543340187005510623
1543340805998466880
1543340837846311156
1543341098177715476
1543342174372965603
1543342205828583951
1543342691707111262
1543342751776933192
1543342763250228244
1543342936941986182
1543342940062145001
1543343339932696355
1543343385603593464
1543343596080558586
1543343760411039720
1543344457891860561
1543344886848679793
1543345088742390217
1543345353430577966
1543347615877244682
1543347913390004467
1543348588922246547
1543348956100257291
1543349600233255498
1543349632212076792
1543349754610956424
1543350201781326085
1543350894432046435
1543350918659591002
1543352016116582964
1543352123068048382
1543352310693910330
1543352542028707269
1543352733751085412
1543353648428320602
1543353831608175011
1543353937280506245
1543354110887741623
1543354149185769223
1543354244628910752
1543354662723627755
1543356244679999654
1543356275501051357
1543357928739634575
1543358044868332751
1543358468938084228
1543358607819346729
1543359989201068934
1543360174153335950
1543360253406853051
1543360620689016535
1543361221974139862
1543361386670166841
1543361932161033516
1543362146491011892
1543362599195118160
1543362789965081473
1543363008873265403
1543363423877397798
1543363710484749483
1543363772681883358
1543363882989027949
1543364690891140498
1543365198016617401
1543365576798879729
1543367050336212912
1543367401098087709
1543368039240591288
1543368324258257973
1543369008808839618
1543369584771971237
1543370330994202185
1543370482869540259
1543370886942730806
1543371405968057677
1543373858243086464
1543373893013669001
1543374010078947188
1543375181996848463
1543375733741068475
1543375769289302820
1543376027957379659
1543376211331674129
1543376530581062646
1543377230148355900
1543377386803623930
1543377924142734941
1543378700660594317
1543379207123084920
1543379687280883145
1543379855357951646
1543380639561302199
1543381780086051914
1543381859326127706
1543381931358633818
1543382514539653145
1543383289696307992
1543383531243085625
1543384539025400712
1543384553363662526
1543385004162800324
1543385090357614474
1543385331573731589
1543386646764848849
1543386701467932112
1543387131129051711
1543388085606856363
1543388341113684655
1543388437086261533
1543388910243943779
1543388950827539053
1543390089344233295
1543390938825226362
1543391255427755421
1543391657448724933
1543392048555897062
1543392573655655782
1543392855429629616
1543393125113516838
1543393416827332247
1543393795344475592
1543394363917319582
1543395151249507305
1543395193867465971
1543395605379394650
1543395990935260272
1543396220518745172
1543396374353789934
1543397255376565094
1543398003343143319
1543398248042105869
1543399708184239583
1543399850929285971
1543400255023819620
1543400271129921125
1543400348036137462
1543400391217793266
1543402071622925948
1543402199238370477
1543402789793092124
1543402813122541849
1543402918839592379
1543403145694454419
1543403402190200120
1543403873355391521
1543404098640002916
1543404385099393920
1543405812610353305
1543405951462479108
1543406418584442214
1543406794122385602
1543407185597900898
1543407584380025194
1543408780901935613
1543409052387403546
1543409272256070576
1543409573040395619
1543409680048622927
1543409815727872754
1543410603386509631
1543410844386764205
1543411535262295122
1543411738506477684
1543412204182278913
1543412948155811971
1543413426635245060
1543413704756031199
1543414120108552598
1543414253906840343
1543414309277113150
1543414366239276586
1543415534881944027
1543415671599698762
1543415904340534810
1543416051877000136
1543416080944170973
1543416160880165975
1543416242258783866
1543416371265762120
1543418665807587474
1543419182888417688
1543419572962417948
1543419903225086002
1543420578646959765
1543421098211345013
1543421282019658437
1543421713256736262
1543422450351921109
1543423013060270171
1543423200721244582
1543423284340928747
1543423371577165580
1543424173952583830
1543424449126410953
1543425521580553637
1543425860633069860
1543425913829984238
1543426008930391275
1543427620713226394
1543428287228517422
1543428407646331731
1543428489518081100
1543429753793270003
1543429967026537623
1543431194119230747
1543431772310916354
1543431852093313396
1543432150433164010
1543432355927339241
1543433173716474571
1543433266921477241
1543433336073950336
1543434313601431590
1543434514122734863
1543434726580660322
1543435810943046139
1543436980459247951
1543437268798843098
1543437615732129419
1543438604758009501
1543438915385720813
1543438924900228095
1543439408816205674
1543440484079372066
1543440701593263553
1543441277642837918
1543441458956443830
1543442741515299575
1543442786949976626
1543443194920346618
1543443296565226570
1543443631577628550
1543443714988266351
1543444419033219991
1543445722580674790
1543446739939676628
1543447147199654417
1543447285620661958
1543447448704504223
1543447609184375275
1543448771673182199
1543448943285110178
1543448951607537781
1543449037988080532
1543449154555739056
1543449188299427227
1543449666650413788
1543449908214408447
1543450548217236666
1543450683686974023
1543450924877054217
1543451526278453754
1543452739655701229
1543452777679883846
1543453198338294306
1543453779567645745
1543453872388750181
1543454174525076731
1543454266991795334
1543454406690058817
1543454676435909521
1543454812999055712
1543455497048057758
1543455616069579777
1543456436715546192
1543457077539703602
1543457135290393322
1543457353310921485
1543457369570107720
1543458692896299080
1543458883016816115
1543459645401459248
1543461084669492511
1543461724860106728
1543461732226861957
1543461759798615254
1543462509511357167
1543462578618796929
1543464648058162428
1543464656652207796
1543466012144139133
1543466343025752912
1543466775104942085
1543467219356078321
1543467524358604953
1543467588245983590
1543468173011539931
1543469413174972615
1543470086061547267
1543471160733577962
1543471498184884318
1543471681191299881
1543472157418795405
1543472530023079539
1543472558391303253
1543473580056557265
1543473609275159884
1543473643481468240
1543473736652451129
1543474085329436453
1543474744175968538
1543475133835960052
1543475164268825513
1543475212135125840
1543475806831972549
1543476163640885304
1543476973124345705
1543478477301185541
1543479231481616483
1543479378575012124
1543479431482551141
1543479498640387435
1543481970130078838
1543482374939481409
1543482626489973622
1543482754413089140
1543483231517900415
1543483895903737707
1543484716590739069
1543484824951856699
1543485315064623043
1543485598272552230
1543485885828456022
1543485937055349675
1543485987098603892
1543486130529563371
1543487158339313612
1543487978710450191
1543488063397757663
1543488632367073727
1543489589683957828
1543490026172372242
1543490086121976196
1543490152437770901
1543490341060217004
1543490706534911488
1543491202158663238
1543492154845373882
1543492700695817530
1543492818525776849
1543492955889989586
1543493194174504508
1543493762528790514
1543494028017947373
1543494156067883980
1543494445909983759
1543494531627193956
1543494645683376306
1543494896860353921
1543494940777961228
1543495573402234596
1543496013176508879
1543496622476261128
1543497398738755014
1543497598561868026
1543497780325109711
1543498196653045165
1543498327513727298
1543499072190019719
1543500521742404830
1543501051970474189
1543501193783748782
1543502193738137475
1543502967261035656
1543504951086791181
1543505112200763758
1543505636051665154
1543505962087521849
1543505975257722284
1543506124478308531
1543506677764408814
1543506764220067818
1543507620597231958
1543507628239734517
1543507991388486468
1543508437774600190
1543508453781348383
1543509048751025810
1543509282066023384
1543509398861892402
1543510198908074528
1543510508900529428
1543510817050302987
1543512067799091535
1543512492047233396
1543514331524985890
1543514774400761123
1543515639814316525
1543517156375646850
1543518415489917560
1543519803495481152
1543520649448979256
1543522284569832562
1543523555944201746
1543523743856679259
1543523775492318261
1543523935308120407
1543524152797307812
1543525046296714931
1543525486184135702
1543526095805266926
1543526741971091636
1543526755579105938
1543527243585151889
1543527658487334999
1543527686596357036
1543528288461289285
1543528622771374377
1543528771172884591
1543528967670774481
1543529217347319103
1543530461691955328
1543530468290744404
1543530517513603017
1543530670884117807
1543530717254662454
1543531106134736110
1543531346168650654
1543531433280428369
1543531478947480266
1543532557027532799
1543532796048853197
1543532820796572030
1543532851840251699
1543533003570174824
1543533415387116770
1543533903159907701
1543534033825141116
1543535022244643505
1543536570582850011
1543537813459279942
1543537880269810288
1543537888728194983
1543538021248684785
1543538800710996458
1543539542404628046
1543539695573247176
1543539982039870089
1543540153234532794
1543540360611918073
1543540412326780292
1543540563762636397
1543541401922090209
1543541604749462450
1543541714249433097
1543542527803318547
1543543626120802705
1543544468109667839
1543544736613322591
1543545384884826621
1543545490443691042
1543546087046543307
1543546755348794395
1543547037846541105
1543547614999618088
1543547819525021679
1543548580081989603
1543548906402854541
1543551897953587608
1543552344066077864
1543552875777935727
1543553682080092827
1543553789787119980
1543554434803282122
1543554753765873119
1543555493045620820
1543556596514418565
1543558899787807563
1543559068466520787
1543559346943501198
1543559812733912747
1543560995273817028
1543561005554098363
1543562228201217530
1543562458994807957
1543562623184934251
1543562668940392365
1543562778152957783
1543563573568121369
1543564213258240029
1543564335617927357
1543564622685825553
1543566482089502799
1543567656295102140
1543568520668861928
1543568899747270855
1543568993253696311
1543569275782288949
1543569330764987488
1543569694789767278
1543570079035339599
1543570280569924519
1543570356330245229
1543571516227140737
1543571731313790979
1543571856426396346
1543572032987912778
1543572471517992084
1543573929445265664
1543574822375096091
1543575186749552328
1543576321787694624
1543577460528625912
1543578042457719743
1543578297942133588
1543578673512131362
1543579382255659952
1543579712614250842
1543579749178831023
1543580058982866082
1543580485735779958
1543580569522516986
1543580662069839185
1543581078545186339
1543581700850417781
1543582285438439905
1543582467675604367
1543582737303434093
1543582978936927296
1543583253561214564
1543583571859615539
1543583588445806087
1543583989054239703
1543584349181444879
1543584433601999692
1543584446291678996
1543584784358756514
1543585317375211855
1543585332077150087
1543586104846943026
1543586321108927771
1543587763687439301
1543587865222515128
1543588025421447692
1543588632238941691
1543591042009179330
1543591154749440984
1543591305874040304
1543591513531738421
1543591689698111519
1543592437462599139
1543592776950736307
1543593341085408230
1543594007626545107
1543594213709333397
1543594438149143271
1543594475670656410
1543594846310837799
1543595433449242510
1543596211966958958
1543596747902865513
1543596930991074954
1543598118319055906
1543598195378513851
1543598748292020606
1543599264660306185
1543599980324910567
1543600023906601749
1543600047143474836
1543600293946956245
1543600379421074098
1543601085252019399
1543601560397717138
1543601797444953894
1543603060949824731
1543603380591561942
1543604289729242899
1543604563434543545
1543604813776270374
1543604822244601018
1543605171521037761
1543605449963655169
1543605576010639522
1543605736145666340
1543606086511570390
1543606776730106537
1543606874275369444
1543607055866183515
1543607093688600309
1543607173900111547
1543607335567986304
1543607647314370000
1543607891994308472
3787594191844772092
3787608228115050290
3787734422218242329
3787766842951811039
3787772960929836386
3787882330144819858
3787903136469794941
3787912486165147123
3787924763208516632
3787980454680880069
3787985896928805433
3788001285162677064
3788032311341102516
3788056402172933943
3788203429709254354
3788239164862381524
3788283690544970433
3788410774316882564
3788440269238701815
3788545063081119207
3788625771771651593
3788638401831987330
9556644004328696427
9556644611097424462
9556653637759709045
9556653988961495439
9556656499450134099
9556659278460736623
9556668648511877961
9556674902116922321
9556675416267410325
9556675906926099347
9556675923312313618
9556676540518063408
9556682847554962155
9556686422172709041
9556691298827316245
9556693411821493599
9556696320830920375
9556697422390009058
9556700407233983150
9556702663429453001
9556705352289237941
9556712103280413093
9556722147461017807
9556724082736243869
9556727533525843970
9556727571512377476
9556730152616784814
9556730954930374975
9556733257091584376
9556735406254499340
9556738486816343841
9556742919252510866
9556743072024886946
9556744968845537103
9556750317985636389
9556752248470118264
9556754148075866617
9556754159531610317
9556755870702454792
9556760461012394492
9556761040150291221
9556761525883350137
9556764434530822660
9556766136574335519
9556766631521310175
9556767214791477473
9556769779589276117
9556773161939406782
9556774543063311379
9556785719879859163
9556790699731709381
9556792531339504890
9556798741084741532
9556799189409319029
9556801067492452931
9556805157819201351
9556805900649956071
9556807242991693152
9556808411259659258
9556808793178982654
9556814556315743810
9556815612748480198
9556815658616610481
9556817019554523163
9556817506136305997
9556818013403098132
9556819819177119046
9556820178907349467
9556821995286602040
9556829393505255317
9556833695037873141
9556840247037353988
9556841719000038818
9556843297223192019
9556848494851545852
9556851921485616679
9556853216691942235
9556853290077714509
9556854781801521826
9556854892952944797
9556861310358428347
9556862390534686129
9556869560633251924
9556870069176023173
9556870980119701217
9556877012174267703
9556877410055763033
9556877705752257523
9556877800799850275
9556877930754875568
9556880206004487941
9556891767259912809
9556895274554108773
9556896566386943193
9556900724400255149
9556903234894836576
9556911913544617397
9556919034563516243
9556920487595223286
9556925750022447607
9556926552963559765
9556927335034810661
9556929463755111080
9556930027044457242
9556931224868388669
9556932249768804823
9556941395370217124
9556943337639715486
9556944058080344854
9556945376106743088
9556948830649651675
9556955393788692548
9556955942471496007
9556961714280087359
9556963200270622813
9556963702772526151
9556965740291739673
9556970218046642588
9556974024232156881
9556974992714958243
9556975398137698599
9556977385265197440
9556978867212296516
9556980743020041873
9556980961473289207
9556981484723804155
9556982938457209365
9556984182936397583
9556984749619588117
9556985871586364709
9556998061475457502
9557002047284488175
9557005659433847754
9557007490107921034
9557011914955706712
9557012693276381871
9557014151621559232
9557015836634078639
9557018263423190949
9557019137290569753
9557019721806558954
9557020115659615059
9557022400517490471
9557032398323098385
9557039562645159782
9557043366514245516
9557045354591487251
9557048614422934183
9557049330336976407
9557056730559778650
9557070541123232603
9557071942468860418
9557075091907191812
9557076308934996459
9557078767771661622
9557079766578361451
9557083483272636470
9557083533158520356
9557088216233885473
9557091085900760982
9557091333814708113
9557095299114506012
9557096343690872091
9557099849389646409
9557099864235933751
9557101368038936745
9557110612925141846
9557112085909946816
9557116995175639887
9557118128015420173
9557118506504621265
9557125557771416987
9557131092374883936
9557131291326647058
9557132553982075485
9557141584453199564
9557144477639009877
9557145493630935690
9557146932339137846
9557148153699215752
9557149615400464306
9557150852004603007
9557157745453389210
9557158503156701904
9557164091425600053
9557166644196288922
9557168950178245397
9557170394939503220
9557171112476043012
9557174457494737776
9557176347873502389
9557177767869313293
9557180791334056867
9557183097774226748
9557191593875595794
9557195074895233348
9557200386304955722
9557202436420043163
9557202818209302458
9557204605274945582
9557206191060193086
9557213829747134624
9557214917727186030
9557217020265103909
9557218278145667083
9557219488504694656
9557221036637845137
9557221657887208393
9557224696442957230
9557225382052536886
9557226007627305622
9557228164530394483
9557228696253845114
9557237271702534501
9557238692223165694
9557247031460305170
9557247707439996100
9557252634880597385
9557253410614918186
9557258411555845346
9557260380151089296
9557260907488930904
9557261763727876320
9557264056751793471
9557267054227031210
9557268250486597612
9557268565334507021
9557280762954596994
9557281103666750725
9557283450193387486
9557285175607294870
9557291388590445418
9557291540469236881
9557301135752351400
9557301806302430422
9557304474494558557
9557308154298043006
9557309458856458660
9557311758533916177
9557312098595507780
9557321227029230840
9557325791526800020
9557331127769368349
9557337287087522648
9557338369142852705
9557339905744165518
9557346741533754012
9557346973455627359
9557348261809378862
9557350276337752783
9557350464798046738
9557354871130530507
9557356167754756460
9557359622248242792
9557361644522627599
9557368296656507241
9557369195057519750
9557371522716135829
9557372185383630010
9557372501464141083
9557379378934905264
9557381117878275491
9557383271521779183
9557383677402441378
9557385926543125729
9557386581549774647
9557388661661418970
9557391003436283238
9557392140017956427
9557394012910502239
9557394746389858612
9557398655855662998
9557400915493901561
9557400959745193436
9557408340174851673
9557413812374023128
9557416480253840403
9557420474620512548
9557422050653079708
9557424947590828765
9557431189162145646
9557435806950700494
9557436319917039065
9557446300013004510
9557447393758757807
9557447752056106572
9557448175197409331
9557449019010005156
9557454122714659766
9557463043116140897
9557471914549314649
9557474457832368995
9557475769945738801
9557477441867740381
9557478805429977315
9557490940829799381
9557491369569903311
9557492001825412922
9557493380304121241
9557499854134002577
9557502554355329650
9557506248173539677
9557508549779810884
9557515609088903780
9557521194503637734
9557521582779962700
9557525980009687856
9557530768188427400
9557537484345381961
9557538705337850382
9557541261219982740
9557547328142362500
9557551839900546579
9557554950660799452
9557555363569120114
9557556960879491235
9557559710581605417
9557564314038581259
9557564916871132419
9557567245612300736
9557572484189993490
9557584493285269503
9557584754743866975
9557586893643068725
9557587765663668714
9557588511129365354
9557589021475810953
9557593077122522651
9557593540273561000
9557597945426864930
9557599402475850592
9557602065601379159
9557607631362971496
9557608600324265713
9557610092999547501
9557612385311916176
9557612506285629282
9557615709781318928
9557622598287206992
9557623364039522779
9557629106754776141
9557629273421878140
9557629976710589857
9557631562665985966
9557633281624859075
9557633877169815344
9557637930142732535
9557638977746850557
9557640270770394627
9557652585725740063
9557654811227371002
9557658149524701430
9557659691827472008
9557661514931369307
9557663509298216238
9557664598255461658
9557665225571513909
9557667354557134729
9557670090895610750
9557670204259987201
9557670382283330154
9557674992062620142
9557675857802339642
9557681489255334197
9557689093424566000
9557691045338449414
9557694829351128903
9557698501995575928
9557701048010273248
9557703429846678587
9557704003097399952
9557705055857982932
9557705649846838037
9557707782457027994
9557711602451863975
9557718734027782898
9557724395007589605
9557728389087160413
9557730320134018414
9557733737845788024
9557734198278617990
9557740100834604282
9557740496047526791
9557741262083788220
9557742074835953763
9557743215074292959
9557745434983291846
9557747332625685046
9557749766543540975
9557752304052861845
9557754942159444113
9557756151019459391
9557758497281527592
9557759247344154249
9557759389643054394
9557761162984175154
9557762161178355279
9557762313885846787
