14834859337568401722
14834890953177876959
14834927293800810365
14834968605379138936
14834999518539288285
14835001551673260557
14835040421587112727
14835058053995590585
14835073387244575404
14835122604295607462
14835125596150429595
14835125704299690552
14835128000535862292
14835187538428327297
14835204791443001143
14835218284974209813
14835321868294359419
14835371997000649737
14835374046326229541
14835391713378313311
14835411889984559681
14835415319460284554
14835449556297762448
14835549623416145559
14835589964368538319
14835590553827532152
14835590568325383203
14835599655430148450
14835664561834999596
14835692190014289185
14835696305170986193
14835699677678690860
14835763158858616340
14835828783911631579
14835837612226119346
14835889740696642900
14835978675231779358
1542483295661303511
1542483413623643718
1542483499107620492
1542484117667730919
1542484509273692451
1542484765591651313
1542484866804109827
1542484914890542290
1542485105903291160
1542485613253715373
1542486652939207115
1542487243404413088
1542487313189448097
1542487996306228405
1542488010984754408
1542488906831822778
1542493658731957718
1542493815842618885
1542494381097891660
1542494470118727388
1542494525965023774
1542496652711917733
1542496728289506755
1542497363720474548
1542499149807575988
1542499312829071865
1542500467533686320
1542500748726958745
1542500805657563929
1542500883266528934
1542501635910821063
1542502268047072083
1542503339530060363
1542503445417477776
1542503608207980633
1542503816899538702
1542504606076637781
1542505400205343636
1542505668217970245
1542505855296141096
1542505972784936260
1542506691590517550
1542506846550677522
1542508762050416832
1542509777719757254
1542509961523370032
1542510253011422777
1542510454233626693
1542511726641887106
1542512656292494599
1542512768021628057
1542513103712415280
1542513214268597004
1542513229538814281
1542513488922466534
1542514519655975637
1542514520355797085
1542514530039745228
1542514702976919467
1542514715203225764
1542515129044826249
1542515224072376901
1542515287113030564
1542515990716165879
1542516475249977984
1542516779255159272
1542517360150986982
1542518293594774088
1542518585223375590
1542518967048865317
1542518977280352562
1542519342055898105
1542520102282765799
1542522000232520502
1542522542633557478
1542522709604933038
1542522926624348809
1542523267016188896
1542523329123373943
1542523334459387043
1542523754340005423
1542525134046120443
1542526653766094633
1542526687661172305
1542526765007942684
1542527473543792349
1542528808998766718
1542530324655198629
1542530755768529215
1542531131722345188
1542531468157690959
1542531999486440622
1542532981101603820
1542533261082943366
1542534341354939960
1542535209119873042
1542535324211498089
1542535625909786678
1542537434595133912
1542537661824043144
1542538156182090095
1542538571512335839
1542541128526756593
1542541609440732259
1542541763260610446
1542541843583633565
1542542072201138148
1542542481948737439
1542542595070661407
1542542799699965101
1542543754349238923
1542544611258893623
1542544846909667059
1542545051463329417
1542545529724334276
1542546583430710507
1542547163685676690
1542547251075735433
1542547757572778650
1542547996370044553
1542548610283959062
1542549971075845856
1542550375976292148
1542551666410832301
1542552143666610849
1542552365700193889
1542552704901572978
1542553402759625257
1542554198844512918
1542556126607633080
1542556322091657777
1542556612576504184
1542556700631896075
1542558970798376806
1542559101334027743
1542559276015778825
1542559386338787135
1542559450356641490
1542559652790975141
1542559667376303732
1542559986137104557
1542560046126340656
1542560828080117215
1542561615945046984
1542561879058052868
1542562140421394135
1542562393826168567
1542562607668303154
1542562820300144323
1542563090221625512
1542563563872276094
1542563923323165883
1542564292788467876
1542564453724939029
1542565861634938819
1542566126671770352
1542566221785888511
1542566314711877888
1542566425415848463
1542566705167261429
1542566726973752497
1542566807061238394
1542567055858448350
1542567281119098615
1542568414763218824
1542568517384811614
1542569150631969240
1542569198768529317
1542569738433766060
1542570008150794850
1542570890742281452
1542570976552872170
1542571318897946557
1542571597830473989
1542571903970550735
1542572399136939001
1542572694309263488
1542572953107251018
1542573003804378329
1542574100301381446
1542574694320154093
1542575386914171331
1542575896485841916
1542576327859929217
1542576483685687526
1542577064338678261
1542577147717660980
1542578347265657898
1542578691757454978
1542578997058595437
1542579284209261953
1542579932605450197
1542580702008849438
1542580850745656591
1542581104493561246
1542581642359216722
1542581807252416001
1542582048268432878
1542582152824456460
1542582900673058759
1542583242311505596
1542583353247024761
1542583523640963699
1542583603866740223
1542585022727584793
1542587026912273995
1542587699627526672
1542588319759323812
1542588735477381590
1542589167042377283
1542589297651431578
1542589465317950185
1542590047370779445
1542591992053925464
1542592020836975352
1542592088227896264
1542592274591329677
1542592548625309309
1542593207020380330
1542593403891897735
1542594775572246112
1542595035974530551
1542595087613682682
1542596130726062003
1542596587718621428
1542596761948750317
1542596927670733246
1542598306486817777
1542599190751543801
1542599922791263643
1542600223829392518
1542601340186430706
1542602326357013567
1542602347387612318
1542602354185544239
1542602781305839602
1542602875279194208
1542602986795719652
1542604340626087922
1542604360565983616
1542604968662237004
1542605049274134978
1542605680587540100
1542605979893894536
1542606306619429102
1542606733748195618
1542608305378930120
1542608802891569608
1542608900460505957
1542609683846015481
1542609739506011480
1542609981895579544
1542610573568586414
1542610579392348018
1542610643001736908
1542611336825040032
1542612339751977597
1542613057163310813
1542613963923736079
1542614685969616066
1542616071525096481
1542616534317860439
1542616910142632030
1542617274752788807
1542618992944193243
1542619221073762874
1542620186412235436
1542620246542640839
1542620660682730426
1542621012858622328
1542622387404579694
1542622507793650557
1542622534963602978
1542623160228107754
1542623342478528234
1542623605840410139
1542623612042516904
1542624140012668146
1542624219976670639
1542624357379223668
1542624400912019451
1542624698771969299
1542625246705520565
1542627213730204743
1542627965654872599
1542628447864896773
1542628474109960366
1542628921775550311
1542629425593600218
1542629554183828478
1542629786125742349
1542630171097860402
1542630316943752043
1542630413596147254
1542630520676786083
1542630912940864798
1542631906173447201
1542631972133936653
1542632923538685636
1542633318884482675
1542633632568494495
1542633816144503564
1542633843857814136
1542633889201513100
1542634125198049180
1542634281012781665
1542635243062135183
1542635489250203875
1542635532223785819
1542636350921022842
1542637525304358494
1542637735571152785
1542638782132635423
1542638908499951090
1542639035135260644
1542639524277298417
1542639860446775062
1542639871583848125
1542640131115350230
1542640675814992236
1542640846590324263
1542641000596578302
1542641680323311523
1542642217129975406
1542643370808712929
1542643532484615462
1542644057067959530
1542644073223851240
1542644144625015077
1542644721025195028
1542644969490205609
1542645197013656894
1542645396658036693
1542646692557556990
1542646891706423856
1542646934725578906
1542646952991263812
1542647533453713119
1542647668234881621
1542647737598435509
1542648903702341128
1542649122340446924
1542649185900168127
1542650323716456031
1542650611365052101
1542650752375775522
1542651230092307247
1542651310300521559
1542651729706596427
1542652434989226611
1542652713664637572
1542653105022427554
1542653342350519167
1542654220183622170
1542654352531550573
1542655832659388936
1542656213286134818
1542656378234445789
1542656812519378223
1542657038861951370
1542657166474984705
1542657816275552912
1542657853713376763
1542657926148605790
1542658009671989771
1542658126494109877
1542658302544768858
1542658554511826310
1542658775978582935
1542658859201290440
1542659124414976680
1542659434159459374
1542660175958988665
1542660432707218907
1542661242993484372
1542662014408246435
1542662515534551881
1542662875767944844
1542662997809688597
1542663006970813989
1542664282145147881
1542664856200430863
1542665198959644633
1542665526920102298
1542665640625939722
1542666180750221731
1542667536974905343
1542667628561223966
1542668622842052886
1542669326250500020
1542669819259722102
1542671348546499048
1542671428855749729
1542671845781118798
1542672549526975499
1542672742407680684
1542672892435258962
1542673625757267923
1542674004749636575
1542674347133129986
1542674540011812252
1542674725516015916
1542674733173461072
1542674932514000173
1542675409913667743
1542675704687534695
1542675973993566511
1542676383261734548
1542677490267129844
1542678168309153205
1542678267246915071
1542680089323241950
1542681235458470455
1542681817073236895
1542682067603248721
1542682726546927882
1542683509969949642
1542683724336970532
1542684486093887834
1542684494259781543
1542684532229103482
1542685842320703364
1542687316225985653
1542687528862203027
1542688135802058200
1542688832652137738
1542689144011105805
1542689712465144438
1542690654909833067
1542690835936167069
1542691720981053551
1542691778613562698
1542692603210934030
1542693733816259805
1542694484660682291
1542694737585635026
1542695707607372912
1542696303252419706
1542696722722019313
1542697507156214650
1542698168399364703
1542698871222222609
1542699426414292990
1542700288877210952
1542700309685988446
1542700503691939989
1542700844631477700
1542700895943458268
1542700977578300293
1542701132575035217
1542701453416556910
1542701738247396300
1542701854187420724
1542702045700691328
1542702520013152131
1542702597905771637
1542703095839198361
1542703513044124050
1542703743415512674
1542704049244059426
1542704134128788292
1542704428485243665
1542704436438279276
1542704494986064619
1542704644373882637
1542704825495033626
1542705102734807232
1542705562487820972
1542705833059141213
1542706057019172306
1542706083088161032
1542706351851844736
1542706594998666258
1542707779334334906
1542707999556701536
1542708359776739008
1542708394350096691
1542709461147996167
1542709515808654986
1542710139985174694
1542711216492277610
1542711507103140143
1542711626049221567
1542712135995406400
1542712244540234610
1542713426653616656
1542714026414777982
1542714515723991564
1542714803684605073
1542714815923887928
1542714972532835861
1542715012414070433
1542715080885445893
1542716197713908338
1542717005225619689
1542717022393196569
1542717273367081222
1542718440750044826
1542718766461032710
1542720146034818061
1542720710712202764
1542720771624058002
1542721686178054051
1542721701269942783
1542722190912114449
1542722490419468256
1542722984579614792
1542723290352492198
1542723597214782416
1542724078902339680
1542725199933033111
1542725587033730341
1542725802511593354
1542725802898537417
1542725883030094802
1542726040978612597
1542726181683612258
1542727344678748219
1542727575632978758
1542727751479467277
1542728252961720889
1542728347365927874
1542728364576421080
1542728445359722830
1542728942286938815
1542729348035428036
1542729431590440352
1542729433610206397
1542730008647190968
1542730042335379119
1542730182636970429
1542730288821498581
1542730940683629671
1542731594983868446
1542732219918703108
1542732408431082913
1542732535166160380
1542732719316061161
1542734022816007764
1542734163222319828
1542734280348618565
1542734477338686674
1542734554809213452
1542734623450494334
1542735856186477409
1542736401945039968
1542736407531424239
1542736945908545905
1542737286648528634
1542737506236223445
1542738102630507987
1542738479879747569
1542739466420165676
1542739557915994554
1542739674548731717
1542739701071710504
1542739825593611457
1542740005234142781
1542740244532822320
1542740391825301955
1542740904223116368
1542741340542534129
1542741813677358720
1542742809029869076
1542742870867761220
1542744114481013811
1542744295253002547
1542744562988571779
1542745590371985423
1542746478410713214
1542746602747056067
1542746686522253171
1542746765233310030
1542747109312722794
1542748552014418537
1542748742029489353
1542749028966361283
1542749352697853879
1542749534312006699
1542751664797589338
1542752145702154900
1542752692608673151
1542752934245595304
1542753560613584662
1542756145652196190
1542756299962332436
1542756328804704097
1542758232792507688
1542758438810308632
1542758819671183165
1542758851474031986
1542759598225823411
1542760079293513038
1542760612921038935
1542760687124779128
1542760706170377836
1542760790857143409
1542761710357542029
1542761926549710271
1542761963808658887
1542762161186178213
1542762688317926289
1542764281048849813
1542764360475200975
1542764389905171066
1542764626986929229
1542766365482511915
1542766488442213207
1542767137316869034
1542767817843379352
1542769263551736487
1542769377341410371
1542769650305465379
1542770671745544927
1542770742920288015
1542771400679106918
1542771469726190963
1542772863084964469
1542773356528352738
1542773431556426510
1542773737001771355
1542773926892533788
1542773933034563663
1542774620247008751
1542774821948121345
1542775982474528003
1542776026811577223
1542776245743714103
1542776678740690754
1542778174387169373
1542778198833421534
1542778208650722292
1542778307481390563
1542778956480132652
1542780434512678733
1542781248035889381
1542781341165867949
1542781413271868316
1542781689304134401
1542782280800699273
1542782288223025865
1542782824669066699
1542783055060729857
1542784349559981464
1542785113250881002
1542785183834471864
1542786974710221514
1542787061586029730
1542787392147640897
1542787554340805891
1542788570691685826
1542788779993855403
1542788865990137874
1542788876536615729
1542789355047427917
1542790170140771175
1542790262074259812
1542790770284947220
1542790810275110255
1542790950106017814
1542791485666162799
1542791940810731340
1542793860224283494
1542793934660814070
1542794030138151679
1542794395862544103
1542795010390280512
1542795884031837965
1542796335343180054
1542796766119142236
1542796857274104169
1542797137610778215
1542797420965779999
1542797456701791244
1542798489527561490
1542798497198035517
1542798558462527530
1542799123922647492
1542799131793189868
1542799234974307956
1542800161335725057
1542800262106257062
1542802723782714727
1542802745941429243
1542802747144035223
1542803687720454953
1542804460777032502
1542805036066494901
1542805646608167037
1542805866949842067
1542806074453901527
1542806732537509233
1542806994144588053
1542807776304601202
1542808009859286683
1542808513728844424
1542808751844488326
1542809195928856116
1542809514798150651
1542810250794859238
1542810668579824076
1542811587778393701
1542811781900269450
1542812138373253535
1542812505008501348
1542812526171668560
1542812712810020141
1542813242093352386
1542813528712329857
1542814361994838408
1542814697433764071
1542814958286772547
1542815470012027167
1542815552732032221
1542815592527128619
1542815660185137811
1542816380118782649
1542816508845996964
1542817523908713264
1542817891162164245
1542817954488967142
1542818463700399079
1542818854152519175
1542819596643276514
1542819907848947071
1542820212963755533
1542820310154553164
1542820421538679898
1542820597664096416
1542820691522413325
1542821438470660923
1542824033159586260
1542824539554247297
1542824934274766420
1542826764454146475
1542826841286384207
1542826844782233931
1542827891369240159
1542827958148263821
1542828298906426647
1542828676285319190
1542830015616871521
1542830521010324446
1542831603188416367
1542832203880055117
1542832534115154333
1542832784854095327
1542833334586901449
1542833659026635867
1542833946432805636
1542834473348550919
1542835077813042702
1542835641022867318
1542836050670765462
1542836304168388024
1542837161857392045
1542837385298803694
1542837469222713480
1542837652157480283
1542838614265438715
1542838641702137003
1542839144198567084
1542840399398029523
1542840914944781008
1542841074390630775
1542841921414208785
1542842400154919220
1542842446303531204
1542842517182554876
1542843367612120118
1542844440023008315
1542844916743799357
1542845516636998040
1542845806174758742
1542846603741641847
1542846824409436348
1542846937178518033
1542847232827418190
1542847496992379273
1542848091639440542
1542848554795332898
1542849354748961267
1542849761926942139
1542850327855385926
1542851723079192798
1542851933123034983
1542852478660200249
1542852528656074330
1542852808228325774
1542855061407191254
1542855370607587884
1542856921724071419
1542857290648615583
1542857516456742438
1542857747483776921
1542857760226456921
1542859260747889188
1542859856409675750
1542860168141376228
1542860938475753850
1542861233929235353
1542861287168431677
1542861347087027083
1542861614620725110
1542862057725809708
1542862517665732547
1542862730719756597
1542862962678211489
1542863801308611376
1542863821799787804
1542863965396426989
1542864135151838735
1542864467799248897
1542865188747223478
1542865192661625175
1542865321026628421
1542866000048842557
1542867151145552513
1542867170543859060
1542867266830377994
1542867368924485880
1542867458877960522
1542868051599445814
1542868187141951402
1542868269821778919
1542869027965128694
1542869963325055086
1542871042059191718
1542871219609553011
1542871331185195056
1542871436972264228
1542871712515318246
1542871719436932970
1542872093799129407
1542872162930236391
1542872374995990585
1542872415875106767
1542872444263672579
1542872680848692331
1542873096574642832
1542873622223458705
1542874766334640412
1542876450037877891
1542876573674573637
1542876883818249235
1542878305382505136
1542878578411482917
1542878643428331438
1542879564140617691
1542879649783650392
1542879795151304501
1542879867617872104
1542880365360540958
1542881070586133132
1542881121242791722
1542881914278526493
1542882018688373050
1542882042634093048
1542883024877488073
1542883629468222944
1542883803699181557
1542884168845834574
1542884886214957826
1542886049299927781
1542886147925636625
1542886834729992436
1542887968750212765
1542888894293002926
1542889515305055377
1542890088505755241
1542890833396795028
1542890902344117386
1542891424920262234
1542891774780015826
1542892187815366951
1542892540303874838
1542892568825601233
1542893221028494831
1542893350766632851
1542893370806433540
1542894324588319393
1542894804887294659
1542895066632572139
1542895412307666301
1542895448345893595
1542895879767934339
1542896026912403288
1542896423363639596
1542896782140371968
1542897124234988810
1542897355315045926
1542897389734725300
1542897515667208295
1542899059011761219
1542899299696319838
1542900153742234726
1542900563411742658
1542901786109486498
1542901870784516359
1542902046989550088
1542902569977576166
1542902880462947082
1542902936486663725
1542904341688355405
1542904786319083206
1542904891748301207
1542905742200631182
1542906356203916589
1542906550342020363
1542906703264340858
1542907226102440779
1542908291071225289
1542908441458602958
1542908473684628421
1542908673331198098
1542909106449511456
1542909216153031274
1542909455763729904
1542910663052250661
1542910818218395972
1542911404381214315
1542912056193941960
1542912618063290022
1542912741579772230
1542913727685958711
1542914074320050498
1542914183906382464
1542914232090713998
1542915025426394486
1542915414262527867
1542915584178981885
1542915598743305020
1542916369723509057
1542916458046734156
1542916495502409692
1542916863765174256
1542918052857736551
1542918356066455866
1542918989328104359
1542919086129900496
1542920137399361916
1542920467705731791
1542920917457123364
1542921495640857290
1542921657719472246
1542923192086136635
1542923200308531345
1542923203800388276
1542923254261899773
1542923591492422610
1542924772455027311
1542924974246954314
1542925051102442329
1542925472985654954
1542925594444057594
1542925927560564314
1542926412514581530
1542927502406299597
1542928019949475619
1542928406256068927
1542929471459706318
1542929839717859237
1542930932305888653
1542932275628928645
1542932909473092578
1542932997824204215
1542933121034227020
1542933170336953982
1542933978316947200
1542934605684418731
1542934873381334348
1542935174632287780
1542935796042354513
1542935806699366388
1542935827470439414
1542935891126044220
1542935916390339384
1542936249876121281
1542936740367409912
1542937521353283155
1542937531984746901
1542937743948706691
1542937989541742296
1542940181991804054
1542940378302139754
1542940841011174772
1542941402248931343
1542941504738203373
1542941798447316823
1542941945293069941
1542942028079085211
1542942326874817047
1542942615152279599
1542943150430023892
1542943265458735741
1542943940432403675
1542943980188639504
1542944584903489313
1542945258970351493
1542945532474736276
1542945711789230427
1542946441957156077
1542946560321752357
1542946788397953827
1542946933847424412
1542947162083191855
1542947505308491635
1542947571188690606
1542947651842658271
1542948503692216010
1542948604296624324
1542949166725398074
1542949951904301167
1542950306253174496
1542950918083311897
1542951200770019629
1542951391328009281
1542951479444341958
1542951819554736695
1542952392183330158
1542953005807037283
1542954212598335209
1542954538344483685
1542955838403486440
1542955983261127331
1542956475041882735
1542956533279669409
1542956850080871603
1542957466728799786
1542957870436146690
1542957961498967458
1542958695932022648
1542959042022574539
1542959277122192742
1542959838181956197
1542960962516574173
1542961017567741859
1542961856336329858
1542962026422079600
1542962409273133677
1542962453205497355
1542962675041302797
1542963884392414837
1542964262208501350
1542965043859183683
1542965619521755790
1542966233320176367
1542966885719861245
1542966937901229456
1542968667057434277
1542968875698111965
1542969097078601194
1542969777237125130
1542969796909407049
1542970080463375848
1542970549054518881
1542970617366964316
1542971089286438581
1542972632708546767
1542972716792621012
1542973260661080028
1542973360146362040
1542973429183947742
1542973940601523969
1542974183684254059
1542974318363356228
1542974458516301885
1542975175987055943
1542976837495592205
1542976942167072466
1542977469967191073
1542977626249639811
1542977734614161146
1542977954956811581
1542978601592507823
1542979051684322083
1542979113246198228
1542979734324632752
1542980306129942827
1542980442574603052
1542980797735327445
1542980838847089383
1542981047003552243
1542982236586135312
1542982319299791425
1542982938124260724
1542984686877646469
1542986044230078065
1542987593230424986
1542987634006885943
1542988127000724155
1542989409292218370
1542989894355555298
1542990045858866865
1542990133139723356
1542990594821802506
1542991102682959054
1542991668441903695
1542991744720252035
1542992495838093149
1542993399256015343
1542994029489031622
1542994583863952971
1542995713636101420
1542996537644664290
1542996600768741832
1542997640112171103
1542999241152256186
1542999835890406782
1543000223058386509
1543000561298443833
1543000571276426339
1543001363915164206
1543001756444749004
1543002489303266271
1543003157070317563
1543003949293652369
1543004024208574125
1543004323820493743
1543004619705640484
1543004760449632922
1543004930839463923
1543005920693174557
1543006242551060954
1543006730830685934
1543006969595079269
1543007020542220775
1543007443239563489
1543007758453025006
1543008462131095538
1543009207995170067
1543009666174705904
1543009861976117735
1543010461226243561
1543011296745208343
1543012290220572783
1543012327544813242
1543012578642213907
1543013484619843277
1543013687007749798
1543014239436746727
1543014324479704605
1543014604067889188
1543015788459209686
1543017267765827399
1543017424389759049
1543017961257573489
1543018639421148781
1543020161100277118
1543020648749558867
1543021193044955650
1543021663174750909
1543022593255082791
1543022638271146316
1543023403587885335
1543023601367438427
1543024159433181438
1543024659935317050
1543024673287438208
1543025011201962864
1543025342365524485
1543026501674608004
1543026939292568712
1543027923996246972
1543028224025193362
1543028382565752068
1543028969604755100
1543029380408675392
1543029676614684265
1543029926123824328
1543030131859251967
1543030836892412003
1543030856815597455
1543031240873315739
1543032740011213776
1543032849681948120
1543033885513055673
1543034040345533826
1543034121618597498
1543034285448880732
1543034294585616469
1543034454526149901
1543034599424690836
1543035537821038773
1543035867129034613
1543037886075472470
1543038351772875652
1543039234329857639
1543039565201189145
1543040031756706645
1543040037840584045
1543041034792921661
1543041126946858194
1543041160432284233
1543041358448790610
1543041741079285574
1543042413444537306
1543042645273073052
1543043293431392814
1543043896826112814
1543044106162962024
1543044265619882830
1543045268536125235
1543045518110555951
1543045782053672485
1543046518044627907
1543047296759735936
1543047496915725286
1543047857055836524
1543048206639841137
1543048429433312575
1543048729832889539
1543049230972303335
1543049441078166448
1543050024496497561
1543050783509832266
1543051154207102267
1543051169679382903
1543051841870329495
1543052011210256350
1543052614812490736
1543052722329082831
1543053584273630168
1543053809192800776
1543054010557196519
1543054105954074957
1543054230470652537
1543054581013468910
1543054662263857787
1543055382383451787
1543055389802566483
1543055610898510209
1543055847398132777
1543055899750883504
1543057197207715959
1543057362701970397
1543058573220287676
1543058763214905201
1543058921677365651
1543059000420018551
1543059158213726070
1543059283108144380
1543059340750116413
1543059443690848037
1543059950563090482
1543060306030830827
1543062399534048582
1543062617162359913
1543062859961903237
1543063011448250660
1543063061286803103
1543063095924053476
1543063419313250499
1543063600763406924
1543063601920640812
1543064434785767500
1543064642530518465
1543064707727051511
1543064742373635690
1543064884817527295
1543065094908556863
1543065396816170681
1543065443776060362
1543065472282840134
1543065597887233593
1543065850121718136
1543066175986764847
1543066234823426789
1543066592024133788
1543066776273794560
1543066842187589495
1543067708285156879
1543068240278850229
1543069104935294929
1543069692905288740
1543069923985564623
1543070410447359980
1543070639196921449
1543070694000301643
1543070789866454843
1543071612400332341
1543072047688191191
1543072513592091395
1543072616250381882
1543073046192356510
1543073217019637580
1543074284365112416
1543074415528975506
1543074994423049412
1543075788073376155
1543076165119176205
1543076413940561076
1543076478074582864
1543076613166372504
1543076883856352364
1543076917951207552
1543076999361909146
1543077007104556835
1543077918600590676
1543078056553544595
1543079540976795305
1543080753906121243
1543081093154133873
1543081097243219671
1543082130758063129
1543083694428368905
1543083704473856842
1543084031951114006
1543084854138431959
1543084886019491249
1543085034171728818
1543085169532330902
1543085331047667646
1543085981899490707
1543086197149545077
1543086526357570537
1543086667804193136
1543086733387219728
1543086780289905141
1543088065771260485
1543088337327382442
1543088907509607010
1543089180287255769
1543089335134862906
1543090628253083730
1543090931469151832
1543090989761395265
1543092165449719711
1543092202781250487
1543092503718046851
1543092930018632455
1543092941201862883
1543093674150082287
1543095060572157794
1543095302238680110
1543096107979703600
1543096267820921060
1543096577270145780
1543097734832733965
1543098045807339375
1543098369605597303
1543098595384215634
1543098819578836781
1543098943371787323
1543099207380481351
1543099697745325238
1543099820443091091
1543099883518262205
1543099997763970509
1543100344852845315
1543100880987284977
1543101592067139370
1543102033897471647
1543102154055475432
1543103044290999179
1543103328369516889
1543103413104869459
1543103629440102897
1543103722225983357
1543103822641066943
1543104208728328641
1543104446009251909
1543104499956959759
1543104592998212920
1543104694621494488
1543104760758584669
1543104960327134158
1543104995931435655
1543106283300842850
1543106769396426201
1543107000080351972
1543107120020686111
1543107437496806231
1543107466803291340
1543107629931957944
1543107752368746332
1543108844400338164
1543108994037251368
1543109099304792769
1543110103940658543
1543110229097582588
1543110368790575602
1543110623057529097
1543110908150237884
1543111027408286427
1543111230353440183
1543111649009134920
1543112051692584397
1543112812848872536
1543113196964773750
1543113368318412459
1543115230847277701
1543115299826365135
1543115633654213344
1543116289927751356
1543116293497499706
1543116561863081375
1543117294765088244
1543117492648053325
1543117527442771571
1543117969392328591
1543118542715984337
1543119513347767137
1543120108484100579
1543120157717866683
1543120459160603165
1543120838291961822
1543122749861041739
1543123138383435720
1543123222752970591
1543123536976678050
1543123538082667692
1543124013203473570
1543124435980396371
1543124510832628969
1543124810181972057
1543125332313359541
1543125814435228455
1543125851627941890
1543125857401266903
1543127096105816136
1543127283286374878
1543127662970053425
1543127688390817505
1543128124423492285
1543129140111888346
1543130902763367545
1543132525687409887
1543133478853579047
1543133788125218625
1543134747280179723
1543134764513824492
1543135427193872623
1543135650201041076
1543136981780847939
1543138202454550583
1543138261157426967
1543139296134846242
1543139334746136620
1543139364247315568
1543140014113722210
1543140115896626447
1543140195171054052
1543140529850481201
1543143168624406154
1543144330955875533
1543144331516159584
1543144875752288735
1543144875799300005
1543144944325031511
1543145329301344073
1543145377792781146
1543145872141545997
1543145950550988494
1543145965770477059
1543146298698501447
1543146458162229445
1543146572541073871
1543146778083180318
1543146991430255798
1543147230913042799
1543147547847804688
1543148674097689934
1543148991929831915
1543149144451685044
1543149300008826305
1543150343119198090
1543150382575234788
1543151143560251345
1543151188607820736
1543151665764148498
1543152878592297126
1543153528882549436
1543153642113703036
1543154504137241038
1543154899044218312
1543155165030213080
1543155318981155397
1543156309897147407
1543156591959734017
1543156625242608764
1543157496086077379
1543157561080297956
1543157788595473848
1543158001639646253
1543158068191335277
1543159756427620778
1543160228552645631
1543160412977857655
1543161956263381807
1543162123612106075
1543162166418770050
1543162724082867368
1543163374097066697
1543163762992956451
1543164151110109431
1543164585805911523
1543165041671484114
1543165379250518161
1543165735340311581
1543165849363163247
1543166815867195827
1543166863266273474
1543167464049855034
1543168079920866437
1543168390364549060
1543168607652391813
1543168669588371422
1543168887474936164
1543169571251023563
1543170225951838077
1543170336048273878
1543170638488128307
1543170903771143661
1543171207224251443
1543172560783264506
1543173177564407550
1543174201281040916
1543174520060537254
1543175267719076439
1543175399869782231
1543175666653852944
1543175847640693116
1543176434683873083
1543176662851248900
1543177088544138321
1543177198492214251
1543177310618084290
1543179372642402477
1543180381317687863
1543181224783951442
1543181366109118085
1543182663854647429
1543182894754776123
1543182910122952936
1543183720802395331
1543184142969262874
1543184705318470084
1543185795296119404
1543186043838231457
1543187256228749682
1543188572737160381
1543188663616281149
1543188896757439187
1543188950436551755
1543189047730689634
1543189747623396692
1543190063662428406
1543190144179837455
1543190221147496249
1543190789244648632
1543190969850037048
1543191808444005956
1543193140113270424
1543193183971624406
1543193437202316741
1543193902130948848
1543194781886219326
1543194962594510438
1543195265558801043
1543196163575840186
1543197028927650219
1543197109610176418
1543197176663522273
1543197644021327054
1543198710893170919
1543198987260544359
1543199288198005487
1543199800732683516
1543199928929751549
1543199941713427340
1543200198945575266
1543200610321170264
1543200737933464995
1543201833919435640
1543202292857936844
1543202646142730501
1543204083606066761
1543204257889064560
1543204401650849309
1543204477258142724
1543205628348241264
1543205649349509055
1543206780304944568
1543207113450093474
1543207308902237369
1543207838429075856
1543208290500382358
1543208519395800650
1543208586039077122
1543208605565104660
1543208788235393701
1543209392396436744
1543210412486278121
1543210634768819067
1543210659292222829
1543210962266866640
1543211132801673586
1543211453026257857
1543212869399576057
1543212935044495353
1543213317217972871
1543213722757734756
1543214125341147987
1543214199289575446
1543214908064349475
1543215402384358820
1543215464603795571
1543215615662487331
1543217298957208467
1543217453320126956
1543218012227699135
1543218213946071617
1543218227738722078
1543218531181330152
1543219327318384692
1543219908452539177
1543219956165773377
1543220015579850689
1543220208986073951
1543220325743137892
1543221465490315620
1543222097997016252
1543223655252777515
1543223772998517349
1543223943014144436
1543224021785717002
1543225020566662672
1543225022317184861
1543225260221278768
1543225760876822158
1543225811722180822
1543226185677193843
1543226250350605446
1543226701751801782
1543227031058047075
1543227577136676148
1543229423148860463
1543229824402684064
1543230325899362874
1543230483553157044
1543230797960192847
1543230899439645017
1543231281511690800
1543232340045245429
1543232419567100147
1543232553443648837
1543232644322890064
1543232684713529831
1543233515864701379
1543234133872943107
1543234598812284662
1543235467710975836
1543235900990284695
1543236453466694129
1543236730575406857
1543236997467722031
1543237109870800106
1543237221231729739
1543237695199862244
1543237848362119639
1543238599594544222
1543239034830998248
1543239092819361552
1543240013212893494
1543240144565898483
1543240637159512529
1543240732339157830
1543240932245700056
1543241131322006348
1543241848618261485
1543241905409595266
1543242267039664756
1543242502280548720
1543242891789167370
1543243268770076375
1543243780473727941
1543243961864750187
1543244050982904984
1543244064693809839
1543244328369401178
1543246660077359310
1543246879435138035
1543246974538445478
1543247038589725596
1543248102381483286
1543248216574561893
1543248343343886622
1543248917277860184
1543249953170180223
1543251497653297786
1543252131315497462
1543252345025381090
1543252345184712449
1543252422744496048
1543252784363927023
1543253458066653409
1543253490071195882
1543253946047316619
1543254809730814755
1543254834322752802
1543254842949543444
1543255289536402812
1543255382603547388
1543256824187111411
1543257314157833854
1543257407206537966
1543257920121915716
1543258328801911608
1543258641046108346
1543258737378941770
1543258977606641581
1543259175909132691
1543259960457697459
1543260051239579390
1543260078470647964
1543260086751891009
1543260745779064325
1543261145364696644
1543261799902414006
1543261900972670959
1543262872329177903
1543262993928377350
1543264874790853450
1543264896988680854
1543265049022199140
1543266678158738682
1543267684630765419
1543268129079434569
1543268726205726341
1543268907438793679
1543269105123383534
1543269234441864198
1543269384910524311
1543269724266688585
1543270179101809739
1543270895459462071
1543272161569445975
1543272308951708195
1543272400514906347
1543272796213280188
1543272831700621339
1543273316711051848
1543274148965546380
1543274363065162943
1543274913640278095
1543276967562356987
1543277221602316363
1543277521003733716
1543277598541584726
1543277670516926312
1543277980814619979
1543278113648584760
1543278395353920117
1543278637416808660
1543279001435699626
1543279892358694550
1543280494741111267
1543280887823383189
1543281133857924597
1543281176446224416
1543281971022238825
1543282313428487823
1543282321685000907
1543282702529886442
1543282989803486320
1543283388819552114
1543283645608112552
1543283731868494756
1543284433738355085
1543285140744236424
1543285324955267925
1543285784104174224
1543286542036013462
1543286566260230714
1543287028514177331
1543287580736661363
1543287652543468735
1543288133842128437
1543288136060681123
1543288734253764027
1543289003017526029
1543291068699218140
1543293191171336716
1543293793518915197
1543293872310172600
1543294068741297536
1543294432909963371
1543294779423885210
1543294871313139325
1543295252527225055
1543295378552456693
1543295606856477263
1543295662055997592
1543295825946158215
1543296095904764849
1543296188902005880
1543296350308302850
1543296793124772671
1543296984281920097
1543297326393680589
1543297442430540937
1543298702069472166
1543299229747481520
1543299527389485854
1543299570829386391
1543299845172244883
1543299875363954637
1543300837200478417
1543300939327456707
1543302812082052845
1543303233259983735
1543303316943687383
1543305097006227723
1543305329072180826
1543305620065642928
1543306096740802464
1543306405571619313
1543306922976907111
1543307619581435487
1543308468184594124
1543308475120361504
1543308706729822874
1543308872444110240
1543309431031107128
1543311742856449883
1543312496557733446
1543313264508281759
1543313958042896237
1543314056077516386
1543314082767136146
1543314355262379510
1543314369037729503
1543315385735785824
1543315607768443561
1543315723103491419
1543316344270254291
1543316615110758602
1543316996201074731
1543317451161452256
1543318450490306839
1543318765108778739
1543319772825492324
1543319877127189573
1543320812353912826
1543321032532523726
1543321233790514784
1543322048837737761
1543322669085794653
1543322691778023976
1543323067858120782
1543323308060195340
1543323431192014674
1543324239524530288
1543325194275784989
1543325546909328757
1543326744631130648
1543326750725860586
1543327050157986348
1543327793315602374
1543328399491654903
1543329890146445068
1543330686248691607
1543332234580192934
1543332981398951609
1543333037888947050
1543333610336104571
1543334960814474625
1543335038014655797
1543335078783294401
1543335225896326036
1543336196803092737
1543336262240543794
1543336663239444611
1543336723554634610
1543338882096596165
1543339014263870712
1543339429202598838
1543340394692183648
1543340834516505891
1543341100327342869
1543341596001775647
1543341914100448496
1543342164158503149
1543342899503030452
1543343005903289827
1543343322508733811
1543343328215464453
1543344520860392379
1543344913995330437
1543345186650471705
1543345651897263541
1543345909514372419
1543346013344481054
1543347035006345064
1543347116198205141
1543347189849501132
1543347615423782563
1543348240584514229
1543348276384388615
1543349045525998593
1543349092120789195
1543349205088162066
1543350790577419073
1543351188363924819
1543352462584980142
1543352929773498179
1543353810779697031
1543354702832469360
1543354927399939707
1543355198882433754
1543355647327079495
1543356829298806653
1543356890121744436
1543357066241159660
1543357628714053001
1543357776672755032
1543358076024026575
1543358462367113384
1543359083773195849
1543359632992789609
1543359675291715228
1543360396590903029
1543360461668468165
1543360753622480077
1543360780708982416
1543361597572291702
1543361646564580865
1543361917026717359
1543362222101829600
1543362689098820431
1543363006318647752
1543363158624653516
1543363551311514528
1543364437498164814
1543365002545542710
1543365444566642790
1543366180435965523
1543366215322500253
1543367813208014653
1543368261686039335
1543368513447963307
1543369346298626922
1543369670025298624
1543369831246994210
1543370052136725750
1543370276292620471
1543370841237743682
1543370843555796711
1543370969899957938
1543371190448875127
1543371196096680132
1543372193258694470
1543372686237582223
1543373615631486581
1543374146507844487
1543374443577173992
1543375590526367702
1543375971919675042
1543376990473570808
1543377281199469712
1543377900309192585
1543378117184939898
1543379873401982236
1543379919743075934
1543380857244220997
1543380908095070154
1543381179541697070
1543382325438648282
1543382840537893547
1543383258831685786
1543383405124517767
1543383635790013497
1543383699709034912
1543385521382895475
1543385961007369927
1543386277089650961
1543386370591939891
1543386487937867385
1543386757334899167
1543387591934220437
1543387902595242897
1543387968454191821
1543388511495311756
1543388974973604893
1543389154889938177
1543389522919097874
1543390737566291540
1543390842675314043
1543391133843672161
1543392383861577245
1543392417590728825
1543392743906843336
1543392874861902808
1543393076476916136
1543393161424822086
1543393244471368901
1543393578226742869
1543393581990851822
1543393754508544641
1543395059386785454
1543395225482093468
1543395925158706973
1543397310754231493
1543398250511752196
1543399261260152498
1543399325952309760
1543399700687624864
1543399863773470823
1543400036595437858
1543400841156477571
1543400912555546928
1543401830355513355
1543402080446640383
1543402953824347754
1543403324960756771
1543403819840020646
1543404116648075278
1543404811965659647
1543405435562597513
1543406512033182547
1543407113816985949
1543408093520646621
1543409029180799138
1543409414269720115
1543409919288400450
1543411918191453590
1543412022884864431
1543412172082518094
1543412296126155073
1543413143092246690
1543414107660130163
1543414238389316376
1543414998907131092
1543415593746826684
1543416618457266764
1543416734589842022
1543417273240117004
1543417533194335688
1543417844988698610
1543417863048562581
1543418667485573243
1543418949631166976
1543419009913550285
1543419088999807027
1543419107808095035
1543420380742292943
1543420831811223564
1543420968126104971
1543421111179317651
1543421494761478751
1543421588080781468
1543423354898589054
1543423500020701011
1543423720499335728
1543423900852028218
1543424200554374496
1543424243824773477
1543424812670301055
1543424941066528301
1543424968412621996
1543425851676592959
1543426165944776981
1543427056499083227
1543427424680876209
1543427534622280614
1543427828026853712
1543428107672704844
1543428618564653752
1543428681525952694
1543430403185449193
1543430448773751809
1543430461137574222
1543430806499149948
1543431238037002420
1543431439684061864
1543432125082930410
1543432646137664499
1543433106279897136
1543433337184321565
1543433458067549827
1543435447116144901
1543435763260675356
1543435995924176825
1543436669300185485
1543437398540424543
1543437533041638394
1543437630166102905
1543437669371194410
1543440134308870224
1543440535129667955
1543441781398296523
1543442260123580688
1543442408794500664
1543442525545806519
1543442561581381084
1543442782483171415
1543442985945727200
1543443530058692821
1543444051542237288
1543444427701382544
1543445433554547184
1543446138479722023
1543446366552418843
1543446818518268995
1543446933698243520
1543447068537118183
1543447295860077606
1543447868775376349
1543448423096395834
1543448560863187976
1543449550034492586
1543449789245187007
1543449886905728105
1543450125681372393
1543450424753369183
1543450988327632064
1543451844120485613
1543452853957757458
1543453046045442981
1543453594759395900
1543454131465779380
1543454481116475709
1543454586461225283
1543455281443029428
1543455992699484679
1543456791155972658
1543457326031208863
1543457437663966309
1543458001687206499
1543458669453679352
1543460438369456343
1543460596156971549
1543460740466369709
1543463125048286720
1543463798514574908
1543463857490987741
1543465585224252005
1543467266629366195
1543467673569602957
1543468541411512324
1543468692134131737
1543469031229764499
1543469207572555819
1543469500673158047
1543469607978877331
1543470489200059235
1543471377705066869
1543471454739864323
1543471788096737662
1543472035050709189
1543472267372955067
1543473038407284140
1543473391163743541
1543474150369506039
1543476148613155309
1543476292463912874
1543476388088935551
1543477045317938800
1543477497701644485
1543479337538834215
1543479649701148630
1543479942456455330
1543480948625948986
1543480988282565058
1543481162132879260
1543481415544725336
1543481971956564773
1543482099820861743
1543482333802352602
1543483561027428562
1543485163546555268
1543485913976277347
1543486106467319684
1543486166762257755
1543486278386596772
1543486808120217096
1543487133103197187
1543487270554883928
1543488359569617411
1543488934210000263
1543489856091873000
1543490182422082328
1543490351307970943
1543491030046911076
1543492029191718709
1543492033870843506
1543492464431901511
1543493279304380171
1543493499606678957
1543493828147056537
1543493913067003001
1543494489743764120
1543494579169224995
1543495070896525084
1543496664678914937
1543497091011626882
1543497273508135885
1543498921754601083
1543499184369389827
1543499540078315366
1543500366674128268
1543501218261498923
1543501504615123728
1543501513367683910
1543502066584923010
1543502995132601584
1543503678600365877
1543503717823159803
1543503829445494418
1543504946008762186
1543506116080228140
1543506504961734522
1543506525200220617
1543506636407847170
1543507335423226829
1543508185143490533
1543510032539125308
1543510057192539424
1543510303519710041
1543511053614053498
1543511149482837549
1543511358900522655
1543512564636273754
1543512764167632352
1543512994540327808
1543513725728524236
1543514104171223816
1543514108786423512
1543514648771222845
1543515506404655948
1543517757951523047
1543519278486114199
1543519409669863377
1543519622942575400
1543519675356106916
1543520189463436121
1543520488277174087
1543520620655896872
1543520651074792623
1543520685825084431
1543520701925611736
1543521015304304409
1543521836796147541
1543522251830100152
1543523078672861853
1543523888035804466
1543524367232046339
1543524380351287023
1543524489896982546
1543524688106286030
1543524852378056305
1543525122550023986
1543525125997434275
1543525510477567665
1543525544073555658
1543525797073585979
1543526661896723689
1543527228699831608
1543527829390990235
1543528102016574002
1543528722604158013
1543529545786586608
1543529630879775242
1543529738997394575
1543530107948602007
1543531472507245043
1543531968949475472
1543532721516048799
1543533842618116691
1543533876345728902
1543533884390523551
1543534068523061641
1543535143236048425
1543535748555285546
1543535958811144773
1543536026214697542
1543536110219466870
1543536268041068886
1543536813675961731
1543536866030231302
1543537462207297297
1543537666252656502
1543537713791019553
1543537899570680220
1543537902668005209
1543538044105559216
1543538070237561422
1543538664442020099
1543539802135775919
1543540847105197071
1543541467803578926
1543542760824677762
1543542869302722613
1543543568726847895
1543543702335513701
1543545075836076848
1543545300766694675
1543545547373141595
1543546336648302907
1543546337395763946
1543546531969034832
1543546606083383897
1543547686641070822
1543547794987710590
1543548345833172937
1543548416652576150
1543548832247067993
1543549112114360399
1543550027701773230
1543550562606724122
1543551219543304972
1543551758518388982
1543552003444292781
1543552069661074474
1543553022622012033
1543553850246120393
1543554080778386830
1543554659449434595
1543554690542884804
1543554938995022657
1543556202549085213
1543557523160672891
1543558164220646932
1543558389839910870
1543559310842648753
1543559629266900777
1543560799038906834
1543562044439222253
1543562055283136018
1543562542376316598
1543563405254662102
1543563958549567919
1543564806869992169
1543565486866333356
1543565698030115406
1543565937354712553
1543566068900170479
1543566227323833963
1543566811166915990
1543567106422248598
1543567733977549008
1543567971794383396
1543569156241421212
1543569262222843973
1543569474011391804
1543570095776198024
1543571193668289508
1543571905005002494
1543572762148427980
1543573306322975002
1543574420992169910
1543574463113917131
1543575024061756702
1543575193806519701
1543576056948512546
1543577194835832599
1543577403411116783
1543578366556143118
1543578409323980138
1543578484799436297
1543578651324695795
1543580200858166638
1543580496678665113
1543581554620484296
1543581663725310618
1543582119149309411
1543582503325933178
1543583114381161231
1543584054422302930
1543584100738639378
1543584646140062021
1543584862896190263
1543584980109491834
1543585572392275155
1543585639795692882
1543587331037220156
1543587728418610771
1543587888122961404
1543588498519770926
1543588717978975933
1543589148452739222
1543590787655591783
1543591075485720950
1543591530585494193
1543591627169076684
1543592379750292410
1543592993539522793
1543593053825251943
1543593230029007016
1543593379034816054
1543594145056591589
1543595798759952322
1543595813256290571
1543595894997821246
1543596617794627400
1543596749771875541
1543596902657327006
1543598054316523949
1543598871861368903
1543598992077962330
1543600739290405247
1543600743758168533
1543600947310550052
1543601760755818109
1543601879208155781
1543603408302023420
1543603722820837767
1543603930324092771
1543604132082945412
1543604548368406023
1543604678188285507
1543605900019160547
1543606082163755126
1543606509136815414
1543606937881137166
1543607738966461819
1543607826311850688
1543607884344475499
3787598426485540030
3787600616960287429
3787608486488435676
3787635170174443994
3787656901063303378
3787657821330803678
3787672265098394445
3787744311336288869
3787752255173718047
3787767008285512226
3787786169332674221
3787791603059687064
3787810160053640348
3787856306512614232
3787887544512442815
3787906192376756949
3787945839530400816
3787987854365701956
3788065239461101353
3788109715946370836
3788142796231396083
3788168375732429755
3788189042600262077
3788258752290082957
3788276426338949721
3788325296512851391
3788332194769224211
3788393487774773892
3788434486563653715
3788453622005414476
3788475759831910632
3788491123247109764
3788497215326426227
3788539840976232673
3788542985586988300
3788572149734442134
3788577717472683389
3788591952639090034
3788621794971503426
3788649833194174655
9556640051025806758
9556640574290180410
9556642469766136202
9556648782303940263
9556652670582158919
9556656006551547058
9556656626895203172
9556657630047348013
9556658211981006583
9556658922573787105
9556659456621630128
9556661259282781382
9556666778953289234
9556668759135804231
9556669298208248429
9556670155204222292
9556672189899655647
9556676248946398668
9556680795659306672
9556696230597610392
9556701245127293460
9556702464669292826
9556708530522589053
9556712497598828962
9556712499851242301
9556715016186725098
9556720094379705959
9556722594612661806
9556724447194852188
9556728496549651321
9556728540327158864
9556735929324373448
9556740312252252337
9556741286336397070
9556749773612750932
9556749842100917624
9556753841554582019
9556760166613040007
9556763444664736271
9556767908143027300
9556768423212891516
9556770874016148947
9556779217932809049
9556780755261066973
9556782788395039245
9556783501856523945
9556783741295870406
9556788202522371719
9556791688768431550
9556792439214450612
9556793741000282501
9556798141398501922
9556799319776070917
9556799770652049360
9556804087542647715
9556806859440097731
9556810809410408532
9556813448375452345
9556816053323340594
9556816740778430527
9556821658308891415
9556823915265478896
9556824760489412650
9556830623246705711
9556833162314941319
9556839290717369273
9556840959345724038
9556849144371721588
9556851696179776990
9556854623966354092
9556855821758838635
9556856174988672304
9556860017377035600
9556865186522548964
9556868049560888234
9556872572095370911
9556874821671540228
9556876583114421603
9556877469566857094
9556880209972467141
9556881982333706707
9556882101002000812
9556891819857299069
9556903841017386150
9556906832872208283
9556906941021469240
9556909028420368183
9556909237257640980
9556918852654309545
9556923739428526256
9556926342006120540
9556930308033933679
9556935592144215300
9556937226232467585
9556942193416202297
9556946458733283859
9556957954531052556
9556962302727039664
9556962393102463856
9556965612484311914
9556965687740990860
9556968775150105985
9556971540434695929
9556977058836815265
9556977098556177216
9556984937736511939
9556985116382174598
9556986028164779831
9556996660412627297
9556999521695988501
9557002962923111866
9557004292721857035
9557005721290834972
9557010097322415800
9557012629242367190
9557014681175228599
9557017395139526537
9557021219266635803
9557030901570776390
9557037983141456763
9557042565932097248
9557045768855841115
9557051168743438569
9557053737469261132
9557065748192415560
9557066238066918717
9557071820144828706
9557080356711537775
9557083564624689501
9557088251386324237
9557089877710276482
9557092597522272907
9557093869241319082
9557094277750619964
9557094602697876445
9557101012104389917
9557103105016138107
9557107867147724281
9557109398584477146
9557116966866325056
9557118635272655920
9557118827030204771
9557122067592538267
9557123209622075831
9557127027683087322
9557127055690701415
9557128805470988167
9557132836626569522
9557133340103580524
9557149819817557442
9557150069236349912
9557150539413566482
9557151695759772671
9557153233722428425
9557155283048008229
9557158079021203326
9557169111382891232
9557171496850897737
9557172950100091999
9557173278086636713
9557178762755875273
9557185543798142761
9557190252218982779
9557190702401814976
9557193126706338369
9557195143034011743
9557196556182063242
9557205084040118987
9557205484622324460
9557213098660009947
9557213176756273814
9557219734224624714
9557221665441468520
9557224133626366296
9557225720695534842
9557229746139297146
9557230793019541136
9557238719397503180
9557242418705266090
9557246810001254475
9557247073983434461
9557255788886336514
9557256442003194115
9557257186425347760
9557257290562398537
9557267298580101557
9557267986713825649
9557272633675829113
9557277272263028129
9557278472527439614
9557283846790475350
9557284302377180882
9557289741191424596
9557290586944138807
9557293629673631922
9557294451058594999
9557295566341858742
9557295722725121773
9557298364983592853
9557304977526961971
9557305257285422841
9557309199155319724
9557313490193650791
9557322569600583238
9557323702006922184
9557329561299665652
9557330860137924247
9557331014889865554
9557333018053960124
9557345566456100352
9557347492621759294
9557347636766342751
9557348440748075579
9557352915961122793
9557362222831988222
9557365416801401593
9557366017774527783
9557369547567792370
9557371201090317007
9557371790549310840
9557371805047161891
9557374398479588283
9557375411556309339
9557379204178423680
9557379967214262356
9557380892151927138
9557381565300665387
9557383096937554180
9557383365484239426
9557384786976562205
9557388394938145328
9557396017099278657
9557398382701263867
9557413844003302249
9557418701860787618
9557422134143616905
9557425037319053115
9557427238019723754
9557430955510350447
9557437168832169014
9557442926974765809
9557443804630236355
9557445798556778284
9557448007720661757
9557449253983848336
9557454394394804934
9557455938546406298
9557468929567236820
9557473426736067873
9557477487086446514
9557477541892764881
9557478481808909056
9557478540633133620
9557479080286276876
9557480678220628514
9557480914400469548
9557481325447169808
9557481351076959241
9557486111942218959
9557492484041417889
9557501158042865751
9557502543653051333
9557503664140141872
9557506975334505262
9557509201929435768
9557519168374199479
9557519553611518677
9557519555073691538
9557526928447199534
9557533842408221008
9557535540351729660
9557538465259309492
9557544030329351986
9557544395580395028
9557547453204484748
9557553507165887727
9557559268713891885
9557569212121272911
9557574735790218045
9557579869367955511
9557582177753594464
9557583619232146738
9557590115684518048
9557590633086244765
9557591994491908802
9557592290228499663
9557594506623568180
9557607416177982684
9557610020633410267
9557610572254753414
9557612507951411556
9557618848947898034
9557624102069417805
9557624691860453535
9557630816844966627
9557632708568648877
9557635430976790279
9557637402867667513
9557637514412171003
9557639029808084655
9557649790291148850
9557652754824844502
9557653008103665526
9557665609389590711
9557665774274492261
9557670977418421588
9557675466910936936
9557676911375027653
9557679976885145807
9557684425670936645
9557684551008870573
9557691132813699896
9557691138257610215
9557699361388844989
9557701590283514754
9557701635571496439
9557709478152199859
9557710904428295993
9557717460102208040
9557722346963577347
9557729624360220603
9557730710855473808
9557734320468241322
9557734667123442158
9557735525209804606
9557736200168103272
9557751345416361395
9557756147523876693
9557757014295734141
9557757296075328230
9557757856860324361
9557759089287130659
9557759810527900786
9557759911953558046
