109256320443176
111092292790726
114696304395474
120209424719562
123873527214385
126996654487494
135085924070541
135299711923687
13644918736028
141226859840079
14375889320388
161529575889996
173839748985791
17389981584113
182734849544099
183256354930314
199376950114841
201524185810796
211546863473621
21269718072976
242015343517971
250232100365108
253362502895738
26063396064268
264397582020292
267861585116047
273244782687205
36324184940521
45094631558382
47625980446294
67173359883356
70849898063871
76036972707636
76213244408636
94356117068889
98167804575572
