109256320443176
111092292790726
112182324614946
114696304395474
11768993364840
123873527214385
126996654487494
135299711923687
141226859840079
14375889320388
150732409864878
152895769528782
155863842661144
161529575889996
164351043712351
168668087901900
171800848002213
173839748985791
17389981584113
179222258650239
182734849544099
183256354930314
190818979324833
198243578253107
199376950114841
201524185810796
203271878732670
21269718072976
214794641913564
224598467653418
225355967579570
226173973199635
227879732344372
235172229883559
235805347491555
2377390567886
242015343517971
250232100365108
250893573468682
253362502895738
253811604202805
258301947722251
26063396064268
264397582020292
267814375824013
267861585116047
271808323804242
273244782687205
27611744857377
278229050562806
36324184940521
40247515099599
46588584054174
47625980446294
58249537606655
67173359883356
69318670964097
70849898063871
71975994366300
72318539576901
74727088708038
76036972707636
78898853086161
82108975149105
84999276724628
94356117068889
94651828678629
98167804575572
99173536285810
