1016618881
1034803314
1061938204
1084110623
1104015709
113896474
1159687155
1161167624
1172006069
1239200219
1302489438
1364433951
1371786247
1375962345
1404455229
1417382653
1494402952
1541269311
1604066672
1608379246
1614983940
1625849248
166980867
1685328297
1750670720
1787185718
1791229403
1795931612
1823140515
182357695
182679923
1854038992
1921136652
1958413930
1968761315
1977190253
2012492110
2028339044
2046697943
2112986380
2139921924
2160769114
2188890819
2246495764
2257161290
225930826
2279827152
2285348177
2288344233
2313220349
2338257679
234523630
2375401160
2406115356
2421882576
2429357639
2454289397
2471918571
2474601154
2480209209
2482118070
2527933690
2553619924
2582393892
2586398806
2589214810
258978848
2609981870
2615280223
2627580898
2649141591
2678432148
2695243845
2729995419
2795219436
2804933385
2850920329
2883105683
2893263297
2938613809
3035855980
3051999448
3056775275
3089852376
3093358975
3137002532
3199266919
325843898
3300812773
331472338
3371557683
3375227254
3379313635
3383067124
3419104323
3426134518
3531590514
3566069075
358742894
3595779184
362725538
3654956920
3717339603
373076434
3737457152
3766069357
3770697896
3815598832
3821139196
3827412477
3880573516
3892221077
3902195818
3925924824
3967195246
3989560975
4105093131
4122111950
4136977002
4147028124
4153313448
4173089129
4185753592
4203925697
4225472325
4245930428
453319349
457209832
457523389
468902097
477829042
534584255
536623401
573166220
636793868
65538722
661755715
6875838
74906822
749319299
755998226
792855453
84604417
846942678
870301754
88936399
924579385
956030833
960468722
970599352
