1005911746
1108110486
1157609548
116896371
1173670247
1213144242
1238769199
1398786703
1415595991
1428123660
1467160219
1469490094
1498811737
1518263340
1546019732
1721153193
1745294163
1901106882
1999741625
2002977681
2141325941
2141332773
21576631
2212997804
2327221681
2333861118
2358239509
2358680793
2422787901
2464944130
2480887318
2502131965
2631550972
2636292435
2666834999
2694617418
2732015326
2753500505
2833214167
2878324376
2937757267
3011073630
3027132854
309975201
3247399544
331182961
3507567335
351035744
3528797887
3581870676
3616913174
3619759478
3639771623
3648083697
3701438047
3721930346
3857323472
3895558405
3919521193
4016770321
4196827752
4241777111
474421941
727165414
775708202
900983117
945025896
98742303
