14834859337568401722
14834890953177876959
14834999518539288285
14835001551673260557
14835040421587112727
14835058053995590585
14835073387244575404
14835125596150429595
14835125704299690552
14835128000535862292
14835187538428327297
14835204791443001143
14835218284974209813
14835371997000649737
14835391713378313311
14835449556297762448
14835549623416145559
14835589964368538319
14835590568325383203
14835599655430148450
14835664561834999596
14835696305170986193
14835763158858616340
14835828783911631579
14835889740696642900
