9556640051025806758
9556640574290180410
9556648782303940263
9556656006551547058
9556656626895203172
9556658922573787105
9556669298208248429
9556670155204222292
9556672189899655647
9556676248946398668
9556696230597610392
9556702464669292826
9556712497598828962
9556712499851242301
9556715016186725098
9556720094379705959
9556722594612661806
9556724447194852188
9556728496549651321
9556740312252252337
9556753841554582019
9556768423212891516
9556779217932809049
9556780755261066973
9556782788395039245
9556783501856523945
9556783741295870406
9556791688768431550
9556792439214450612
9556793741000282501
9556799319776070917
9556799770652049360
9556806859440097731
9556816740778430527
9556821658308891415
9556823915265478896
9556824760489412650
9556833162314941319
9556839290717369273
9556840959345724038
9556849144371721588
9556854623966354092
9556855821758838635
9556865186522548964
9556872572095370911
9556876583114421603
9556880209972467141
9556881982333706707
9556891819857299069
9556906832872208283
9556906941021469240
9556909028420368183
9556909237257640980
9556918852654309545
9556935592144215300
9556946458733283859
9556962393102463856
9556965612484311914
9556968775150105985
9556971540434695929
9556977058836815265
9556977098556177216
9556984937736511939
9556985116382174598
9556986028164779831
9556996660412627297
9556999521695988501
9557002962923111866
9557004292721857035
9557005721290834972
9557012629242367190
9557017395139526537
9557021219266635803
9557037983141456763
9557045768855841115
9557053737469261132
9557066238066918717
9557071820144828706
9557080356711537775
9557088251386324237
9557089877710276482
9557093869241319082
9557094277750619964
9557094602697876445
9557101012104389917
9557107867147724281
9557109398584477146
9557116966866325056
9557122067592538267
9557123209622075831
9557133340103580524
9557149819817557442
9557150069236349912
9557150539413566482
9557153233722428425
9557158079021203326
9557172950100091999
9557178762755875273
9557185543798142761
9557190252218982779
9557205484622324460
9557213176756273814
9557221665441468520
9557224133626366296
9557229746139297146
9557230793019541136
9557238719397503180
9557242418705266090
9557246810001254475
9557256442003194115
9557257186425347760
9557267298580101557
9557267986713825649
9557277272263028129
9557278472527439614
9557283846790475350
9557284302377180882
9557289741191424596
9557290586944138807
9557293629673631922
9557294451058594999
9557295566341858742
9557304977526961971
9557305257285422841
9557309199155319724
9557313490193650791
9557322569600583238
9557323702006922184
9557330860137924247
9557331014889865554
9557345566456100352
9557352915961122793
9557362222831988222
9557369547567792370
9557371201090317007
9557371805047161891
9557379967214262356
9557380892151927138
9557383096937554180
9557413844003302249
9557418701860787618
9557427238019723754
9557445798556778284
9557448007720661757
9557454394394804934
9557455938546406298
9557468929567236820
9557477541892764881
9557478481808909056
9557478540633133620
9557486111942218959
9557492484041417889
9557501158042865751
9557502543653051333
9557503664140141872
9557519553611518677
9557519555073691538
9557533842408221008
9557538465259309492
9557544395580395028
9557547453204484748
9557559268713891885
9557569212121272911
9557583619232146738
9557590115684518048
9557590633086244765
9557591994491908802
9557592290228499663
9557607416177982684
9557610020633410267
9557624102069417805
9557632708568648877
9557635430976790279
9557639029808084655
9557652754824844502
9557653008103665526
9557665774274492261
9557670977418421588
9557676911375027653
9557684425670936645
9557691138257610215
9557699361388844989
9557701590283514754
9557701635571496439
9557709478152199859
9557717460102208040
9557722346963577347
9557729624360220603
9557730710855473808
9557734320468241322
9557735525209804606
9557736200168103272
9557756147523876693
9557757856860324361
9557759089287130659
9557759810527900786
