107191572
1159762251
1174344122
1196556505
134317294
1358894109
145339866
1472220687
1523055408
1740029440
1758592531
1802213736
182772352
1941410062
1942200581
1973039600
1979671637
1994444808
2044558754
2086513960
2152530979
2162115257
2186106787
2200629562
2211142932
2253381305
2254406457
2269931032
2339515368
2349883999
2357345028
2379363011
2407202727
2409970529
2436004721
2469365936
2479672912
2492056549
2529554386
2547076528
2565199117
2576084999
2577602127
2594865845
2606976977
2626865891
2662156480
2732751689
2865640615
286602622
2898481184
2972130918
3018525744
3023162313
3040953027
3074939373
3109884210
3206847661
3256492672
3263554213
3276503757
3293789156
3299168674
3360938046
3369176488
3390889067
3400380631
3403188788
3532532508
3588253194
3592434822
3623570215
3641800112
3754851110
375494214
3828581644
3833825460
3848132041
3885667455
398172487
4039340295
4048685475
4067914547
4075343296
4142842389
415281647
4183815273
4261830348
432027843
505236116
578174402
601093306
619600989
666416802
66980402
680327570
698606429
82105350
899535619
91196339
922150454
949989562
967744327
997463640
