1122488600
1199249491
1338381479
1520643389
1536762484
1573436886
1604333657
1638474145
1671447592
173269056
1786366740
1787146343
193562122
1960862015
1991936203
2044999287
2063449490
2111117081
2398116534
2452959901
245898414
2487457146
2780190531
281706948
2999850613
3166406775
3183603677
3200415680
3211719243
3237950162
3330441728
3370317241
349240697
3619776897
3636705017
3642145668
366969515
3763277308
3871963312
3879975115
390639988
3971417113
4014916934
4023531248
4259234374
519719590
743886662
936327429
957772326
