0
1
1020002783
1034486239
1036779999
1042940383
1045496287
1050870239
1056571871
1063715295
1065091551
1161101791
136380895
1426719199
1503723999
1601241099
1616380383
16777217
1967849951
2083062239
2093810143
2129658335
2144010719
2230911455
2303983645
2395341279
2404843999
2533229023
2730557919
2733310431
3046113759
3095265759
3145400799
3166568927
3184329183
3192914399
3202154975
3212640735
3212968415
33751519
3481403871
3501982175
3870228491
3993960927
4015260127
4194697695
4240245215
4241359327
4265411039
74252767
79102431
