1196167674
1292965754
1293941670
1319757124
1527469292
176876005
1850904465
1906085744
2065611814
2110758846
2118375107
2157264002
2176057357
2189128787
2191747069
2214081235
2236447901
2271223896
2283880152
2366273589
2370445595
239886656
2531645925
255604308
2562899177
2676763728
2713043787
2722320913
2747004791
2781005426
2933009552
2949928324
2966241477
3089166630
3132636701
3139864956
3141096569
3173809974
3293252692
3394909864
3451323295
3516910228
3527654237
3708463454
3786390029
3786945502
3930830036
4036492276
4162478566
419069489
4236112324
4253883304
4284842455
449126886
466023686
8026806
