1012961597
1021457535
1038271635
1051494494
1060447548
1063258498
1089698496
1090420751
1093502490
1094517125
1133414444
1142163593
1142449705
1153916583
115534100
1162891304
1169279974
1179523145
1181264977
1200613042
120316763
1203623511
1216293342
1220132854
1221431234
1239190408
1264596215
1320568522
132663675
1326861815
1328951622
1347429472
1367145822
1371176279
1402290751
1421454806
1422678962
1429769758
1432651633
1435450093
1436559082
1438772479
1448042676
1453005504
14582647
146250094
1486805070
1503961078
150712208
1512496936
1515553892
1526106130
1533028928
1549477284
1553675594
1567462542
1568980986
1580101492
158216176
1607312554
1624951839
164344684
1654415321
1663708303
1664526629
1673488335
1688362577
1703051952
1716529953
1717626819
172272253
1734548844
173827926
1739326676
1762401970
1767746782
1794812494
1798122634
1821636458
1825680043
18257879
1826951141
1832298677
1888876939
1891819067
1920978180
1941109895
1952646268
1954193565
1963662066
1964795314
1969618953
1990234395
1997230045
2003461587
204154256
205511066
2079205083
2089055719
211461846
2124949026
2125355057
214295339
2147586385
2152199284
215970796
2168193315
2169267361
2185678785
2190796535
2213653200
223880073
2249676724
2268248076
2273190816
2276470353
2296064612
2301271658
2306154873
2310212885
2316181700
2326835755
2328572293
2354744707
2385571884
239599263
2397016245
2400356475
240654450
2431561178
2449306655
246719125
2516477330
2516856886
2534066765
2537203715
2542798722
2560669374
2564029751
2564481536
2565334213
2579592196
2628669749
2637750057
2647275117
2648241453
2653763863
2673158275
2680405493
2684469964
268591636
2693449275
2703954364
2715551659
2729296504
2738452058
2746468326
2758301724
2763345848
2774219491
2787901947
2798105773
280166650
2803496658
2812118308
2813075864
2815426635
2827013877
2828586962
2832569513
2854386075
2878131079
288465963
2889127326
2892802088
2899365821
2900627951
2921793886
2925717831
2928155545
2933739605
2935086795
2944047406
2955898001
2960924934
2979340985
2985523413
2987408565
3007611936
3067919656
3072111166
30786218
3088748913
3090110272
3099831115
3104712200
3107438327
3115524723
3128750061
3133683110
3168584884
317481180
3187873440
3188333503
3197530001
3197740322
3218343333
3219483801
3223241356
3231226887
3247334072
3249009330
3249297676
3252497194
3256581768
3261980123
3274024926
3277290864
3282916315
328364322
3308462725
3368025932
3379816092
3434590762
344405033
3449271699
346071752
3467246392
3474266842
3475492783
3476228436
347731215
3481661822
3489096467
3512223120
3525479952
3529581938
3575902807
3591628719
3596821012
3597758757
3615046067
3617083007
3618686246
3626235421
3629308328
3662152357
3676119711
3718100876
3723261916
3724135916
3728249020
3730801597
3811848770
3826710611
3827925124
3834891941
3838910194
3842243556
384311501
3849217268
3862495024
3869109919
3890750860
3892108899
3903811439
3905165741
3940226796
3945397590
3948212047
3961108717
3984213168
3998360948
4003536743
4013904176
4027137040
4031884114
4045960061
4050826919
4064204495
4077495851
4097149105
4103092110
4105510475
4108600099
411596765
4123996831
4149378741
4163582280
4170406540
4174559611
4175725451
41838676
420892192
4252793215
4256608828
42663339
4282517355
429220612
4294867047
465632170
492504580
499471229
508358013
515237424
535326296
599803856
612693637
618060111
645961487
676358886
679602239
680423298
685723582
697355023
707102462
709094602
716835026
72319176
723959390
725060644
729904067
733486780
75046262
752937047
765342410
787592205
789429460
804802334
812407149
855140479
872266797
878842917
886880647
893333623
907527028
909944323
922315937
92690524
931890789
953037662
954682381
972432755
