1065971314
1091432968
1111077218
1111629603
1178484582
1179333897
121644789
1266784141
1344030268
1463884539
1470705904
1549240804
1568674348
1604577804
1637398318
1680317499
1698034960
1759300292
1759447279
1786555896
1799407022
1900889406
1941709271
1955689315
2000820628
2015488172
2020917247
2041116941
2068054481
2083193788
2152924307
2178005138
2193198935
2214122725
2231843737
226104479
2278838023
2289125208
2339630995
2479880346
2561191854
2730320637
2773899788
2778239498
2811348564
2812881090
2813353677
2942173821
3053139589
3095987987
3157221698
3239265172
3308571974
3441958353
3449770405
3493833600
3537873667
3546112667
3556804768
3598514063
3750402805
3753730368
3760735448
3765890461
3776991976
380201698
3840031556
3877063519
3885275703
3923204800
3923394484
3935801369
3972804645
3996019882
4039949822
4050033710
406909781
4073978805
4091010921
4196398450
4205055142
4291715154
431132627
460360293
465696323
540882947
602944448
65816784
67113296
698256763
717524424
727898971
804526126
81615794
825362286
829357
832585805
836508493
921085612
925875778
950804429
954144014
956581399
978622320
