1001483513
1004133010
1004983018
1007792754
1009015899
1009227079
1010062099
1012520770
1013000390
1016558303
1016953076
1016996514
1017006026
101778381
1019973777
1023307685
1024787334
1026870239
1027813187
1027830792
1028004127
1028834074
1029457862
1030882840
1032002457
1036550209
1037164305
1037728326
1038426329
1039225511
1039522461
1039792962
1039820018
1039873271
1039955916
1040313613
1041164428
1041239139
1042038095
1042208223
1042532338
1042795746
1043345736
1044261473
1046598087
1050164289
1050946928
1053581496
1054401128
1055346420
1056055044
1057837940
1061843749
1062497650
1062854318
1066149191
1066396909
1066461562
1066799933
1066804529
1067558518
1068301579
1069088730
1069101466
1070446199
1071471082
1072766670
1073243239
107514165
1079474073
1080046634
1080424167
1080955582
1082486441
1083762497
1085717205
1086032712
1089324280
1090171373
1094407868
1097414346
1098282630
1098433159
1098620902
1098679274
1099502244
1099593290
1100196844
1100215818
1100436
1100651572
1102363707
1102395000
1103815439
1106657691
1107441958
110793911
1108552530
1111021149
1111911091
1114291714
1114578114
1115152837
1115647357
1116566366
1118433465
1125182616
1126890571
1127835757
1128181762
1128727922
1129081641
1130552874
113121300
113186223
113217050
113518013
1135545202
113609230
1136456640
1136667649
1139150368
1140212223
11408357
1141968660
1142328018
1147623454
1148333348
1150639212
1152531921
1153305335
1155943138
1156315785
1159923745
1161173722
116661783
1168649204
1170924048
117093377
1171183825
1171501096
1171587442
1172676128
117344989
1176269125
1178043478
1178382914
1178547396
1181566131
1181673361
118198611
1182868433
118365788
1185141018
1186774662
118850833
1188799170
1189991494
119126191
1192858756
1193544608
1195258425
1196139127
119836833
1198679270
119992981
1201241277
1205286982
1205853102
1207593166
1207601821
1210100194
1210163540
1210248253
1211198902
1211673347
1212418318
1214196692
1214682160
1215106916
1215633045
1216130620
1217131468
1218208418
1218225896
1220098289
1220925270
1221927437
122195380
1223296992
1225901469
1226255067
1227069133
1228394587
1229457127
1229643932
123043574
1230674395
1231972719
1234223012
1234929951
1236697517
1237567781
123952189
1239894671
1241479760
1242031928
1243247730
1243410173
1244419865
1245772895
1246074648
1246145081
1247353964
124985758
1252856173
1253618367
125675896
1260646
1261863469
1262928919
1263462193
1264328906
1264746187
1266900210
1269126850
1269964458
1270546707
1270823767
1274372748
1274643595
1274902582
1275104140
1276956006
1277135924
1279033064
1279809697
1281042404
1283234294
1283478966
1283626930
1286161887
1287212571
1287299934
1291652698
1292610167
129648157
1297791886
1299901943
1300208336
1301151142
1301976605
1302267751
1304218359
1306511450
1307082642
130944730
1309725379
131162480
1313489834
1314457276
1315243131
1315897371
131805300
1321357989
1325802972
1327127019
1327375129
1328144010
1328203297
1329005594
1329914453
1334162148
1334422433
1334588433
1334603375
1334756557
1336575808
1339355836
1340512096
1341270242
1341914783
1341918548
1344096481
1346496800
1348525559
1350617644
1351250381
135224317
1352674165
135423887
1354452368
1355312933
1355696974
1356257540
1359332359
1360776453
1361863868
1363472517
1365258341
1365379365
1366766083
1367814490
1367897028
1368747462
1369980150
137089955
1371281569
1371613344
1372842139
1375273696
1375823970
1376294621
1377904117
1379214738
1381160484
1382144394
1385586906
1386757530
1388922332
1389715236
1389963767
1390683745
1391124061
1391722821
1393158392
139414924
1394682797
1395349587
1397017401
139709408
1397368456
1397651516
140073784
140140359
1401667761
1403052138
1403067874
1404799592
1405099762
1406532638
1409197539
1409261310
1410065994
1410814969
141180264
1412072120
1413058063
1415249629
1415872463
1415989854
1419912493
1420872596
1421373169
1421416713
1422578397
142377952
1426895158
1428641592
1429626339
1429992024
1431516041
1433220914
143482822
1435010242
1435095251
143651319
1438166056
1439539001
1441343769
14430205
144373103
1443877753
1443983352
1445436326
1447937592
1448606723
1448986478
1451702326
145301907
1459476413
1460933745
1461349009
1463697859
1465025633
1465185463
146625538
1466397048
1468980855
1469684862
1470681910
1472276782
1472940540
147636899
1476956050
1477910683
1478166963
148209726
1482276162
148309925
1483394243
1485020293
1485101625
1485414209
1488827838
1489434575
1490004712
1490812858
1490954730
1492520229
1494090686
1494744196
1495067363
1495676333
1496211229
149728783
1499233255
1499762242
1499906856
1503409059
1504484317
1505091455
1506461227
1509486929
1510847375
1512076564
1513335326
1513847360
1515061361
1515841668
1516746027
1517327043
1519406506
1520551829
1523239108
152335705
1524258592
1524365966
1525125081
1527827184
1528713980
1530065623
1530258440
1534154499
1536040938
1537264156
1537813433
1538403705
1538855804
1539665205
1540565873
1542310154
1544692491
1545973729
1547350648
1548469356
1549724497
1549833092
1550830269
1551057075
1551363430
1553641938
1554646679
1557553532
1557685345
156042312
1560505022
1560949684
1560991523
1561364049
1561894711
1561899657
1563752884
1563997140
156485253
1566533276
1571009604
1571980818
1572959879
1574081117
1575197051
1575626043
1575846742
1576395912
1576948628
1578721577
1579298840
157946778
1580339551
1580729137
1582466865
1583525172
1585101085
158725114
1588544706
1590019604
1590605878
1593424732
1593935507
1594161815
159750815
160141648
1602026315
1606429206
161068552
1613230594
1613470022
1613709252
1614270060
1616950626
1619580926
1620646832
1621965887
1623544485
1623918533
162571899
1625752287
1628509680
1628926987
1629326104
1629402183
1629532109
163101869
1631344133
1632875651
1634865145
1636311756
1639952267
1642055922
1642875902
1643305596
1643483167
1644399096
1644563239
164526843
1648625094
1650724838
1651180288
1651335457
1653858036
1657062178
1657135172
1658547028
1660245467
1660487217
1660722465
1660932875
1664069148
1667411635
1669777866
1673833861
1674226699
167454748
1676514648
16772083
168027072
1681950873
1682973100
1683299786
1683993319
1685171571
1688021673
1688654138
1690349595
1690407859
1691222060
1694982068
1695757991
1695951660
1700600917
1704037533
170607782
1706176224
1706453397
1706656400
1709542193
1711283228
1711397846
1711601411
1712798654
1715856470
1718230193
1718742656
1720600700
1720859848
1720871229
1721043276
1727938727
1728005487
1730478247
1732917374
173329788
1733971429
173534543
1738136002
1738361347
1740714973
1740826331
17409614
1744065606
1746342776
1751808900
175185047
1752103755
1753703313
1754007833
1757840400
1759116745
1759588551
176293928
1764181705
1764784210
176553233
1767214194
1768651583
1769288435
1769569603
1769919925
1771802090
1771867886
1772869719
1772998197
1773201336
1777010923
177750889
1777534573
1780064688
1786101517
1786361122
1787772573
1788263799
178900560
178960696
1789869194
1790123970
1791912984
1793472747
1794340808
1795869838
1798802615
1800713079
1801333683
1801847812
1803384183
1805850754
1805907795
1807014048
180836689
1808379115
1809365339
1810187887
181027945
1810308034
1811774955
1814457230
1815226821
1816756330
1819020618
1821379495
1821439596
1822400641
1824890525
1827234731
1828327207
1829017257
1829519153
182981114
1830205047
183270518
1833347087
1833756248
1834487450
1834620441
1838749777
1839097882
184058894
1841547032
1842241922
184466520
1846156506
1846265709
1846934342
1847346628
185144916
1853015338
1854577620
1854890350
185876703
1859116366
1861889138
1862479484
1862920896
1866699253
1866733204
1867234096
1867285937
1868229336
1868426105
1868784276
1869815140
1869974964
187154615
1873282192
1873501838
1874048628
1874324139
1874468405
1876912040
1877336081
1880740003
1885716600
1887943959
1887996940
1888171144
1888998378
1889877515
1890858888
1891215280
1892038794
189230887
1892782371
1893582497
1896450588
1900385226
1903696418
1906361036
1906970158
1907293505
1907481315
1908176924
1909546291
191196945
1912096820
1912425597
1913014203
1916462919
1917313202
1917315520
1918803320
1919489433
1919894692
1922266082
1923075676
1923222831
1925813872
1926342577
1929373260
1929859474
1930974715
1931121954
1934338553
1934636290
1935902301
1936234751
1939970266
1940557094
1940931539
1942561881
1943168935
1944079709
1944577182
1944799613
1946884576
1947007702
1948022945
1949058495
1951112553
1952063000
1953060415
1955413894
1956049574
1958985045
1960145077
196158343
1961979396
1962182847
1963364715
1964309894
1965480658
1965975201
1967217675
1968373613
1968812836
1971460033
1971901590
1972059731
197230003
1973784110
1974166056
19747010
1975097069
1976751584
1976918534
1979622871
1979979419
1980546310
1980735545
1981044096
1981667224
1982510144
1982598281
1983767626
198384626
1985871904
1986916319
1988601446
1989156056
1989513262
1991354389
1992323910
1992548173
1994479701
199469612
1995395381
2000851499
2001238592
2002033107
2002897832
2002930770
2003149871
2004886522
2006084300
2006770868
2007323904
2009959090
2010419125
2011235803
2015513986
2016152135
201622100
2016273658
2017324682
2021268948
2021921878
2022298291
2022524728
202408536
2024580254
202539605
2026214881
2026344445
2026850200
2027111985
2027276548
2029610808
203160297
2034488554
2035184297
2035941806
203600676
2036190711
2037522162
2038044049
2038327728
2038449749
2038973575
2039771477
2040413008
2041523239
2041567436
2042848599
2042975613
2045044489
2046441702
2046580355
2046853970
2050890753
2051266102
2051884664
2051985309
2054377084
205596319
2056546499
2056644487
2058684483
2058871642
2060207763
2062803086
2064424403
206468987
2065605845
2066067948
2067080166
2067239689
2068525031
2068529697
20692361
2071050149
2072083447
207335522
2074046916
207409541
2075534949
2076499198
2076662503
208065510
2080689988
2080836750
2080913461
2081739081
2082391043
2086565589
2086993028
2087087993
2088187195
2088211976
2088735549
2089222177
2089650844
2093192424
2095548611
2096229821
2096390864
2096408454
2096624614
2096991267
2098608659
2099023049
2100118317
2100266082
2100657034
2101610967
2101951771
2102772845
2103074895
2103659410
2104197437
2104303799
2104678518
2106975235
2112988064
2113865182
2119070075
2121259249
2122517001
2126984827
2129264855
2130385273
2132207876
2133007742
2135214452
2136349952
2138236772
214125056
2143077754
2145757727
2146270190
2146767427
214821136
2149813293
2150124977
2150700134
2150845962
2151127758
2151833114
2153286339
215585965
2156159894
2156302953
2156399664
2158244640
2158325721
2159809130
216052226
2160933608
2161525579
2162732381
2162749630
2163742912
2164555914
2165248127
2168896346
2170553600
2171350072
217188693
2172994272
2176929235
2177796562
2180880078
2181923428
2183350288
2184533109
2184823828
2185388383
2186138269
2189138245
2189894545
2191270148
2191647273
2193592404
2193723969
2195125847
2195349347
2199370680
2200480847
2201895532
2203285003
2204890415
2205998186
2206429704
2206536698
221052053
2210989135
2213095905
22139367
2218915012
2219510182
2221291127
2229873330
2230472305
2231745233
2232949463
2233101121
2233174074
2233298146
2234381246
2235434086
2235914201
2238262296
2238276
2239672882
2239729234
2241775975
2244650216
2246273572
2250373512
2250520154
2250699127
2251848000
2254953022
2255113852
225827919
2259471459
225990367
2260154935
2260990187
2261595016
2262218299
2262634484
2263326892
2264157456
2266312263
2266322800
2266364770
2270759647
2270822074
2271700454
2271752430
2271756066
2271906856
2272863667
227382494
2274852611
2275600536
2278754781
2278901308
2281299599
2285706896
2286836663
2288065806
2288351377
2289717858
2291475785
2292970822
2293887594
2294868549
2294964276
2300245219
2300763205
230195477
2303162274
2304974397
2305741371
2308659899
231111163
2311431100
2313699181
2314189147
2316024626
231718775
2318005424
2319381052
2320714949
2321043371
2322460251
2325684950
2326061319
2326530096
2326894413
2328250838
2328356312
2330666758
2330733697
2330973654
233250551
2333155730
2333405653
2334244505
2335832900
2338572985
2338925533
2341013812
2342360046
2343915627
2344221112
2345504165
2345741306
2346383831
2346775995
2347387706
2349189145
2350380618
235161573
2353908756
2354773082
2356747031
2356767153
2358155085
2358161952
2358326507
2358518472
2359841516
2360256879
236188789
2362470511
2363586950
2364002449
2364470427
2366771830
2367585266
2367906709
2368874001
2369044894
2369668545
23735298
2375041574
2376164298
2378910975
2379434594
2379535840
2382600925
238439314
2388301857
239228801
2394639905
239604015
2396185678
2397209585
2399816347
2399931937
2401297169
2401573735
2402778051
2405632699
2405858928
2406067078
2407130230
2407808893
240825159
2409643949
2411773000
2412410849
2413048219
2413176893
2413703443
2418130794
2418585032
2419441441
241953937
2421025960
2421290196
2421545886
2422437905
2423881881
2424511347
2424538278
2429205075
2431484333
2433002200
2433738759
2434291350
2434488711
2435252240
2438730539
2439040778
2441045585
2442831677
2444599786
2446381926
2448663953
2449105414
245209305
2452856047
2453181240
2453421937
2455282220
2457129951
2457641182
2458140549
2459745163
2459789251
2464397600
2464730936
2468863830
2470533781
2472843113
2472894857
2473551556
247367189
2473686790
2473858092
2473896188
2474429790
2476962850
2477446131
2479419334
2479436146
2479743359
2482947757
2484616967
2485215210
2485752255
2488194688
2488764649
2490391966
2492041887
24954367
2497220059
2497651617
2497782185
2499293345
2499974660
2501749037
2502634724
2502944705
2504487575
2505279414
2505861455
2506682778
2508467252
2509605660
251125338
2511606034
2514232334
251518656
2518577707
2518997596
2519760189
2520037152
252179849
2522298273
2524825970
2525018770
2526929187
2528295203
2528971641
2529261744
2529654834
253097008
2533695196
2535403993
2539055929
2541420091
2545182924
2545324262
2546844854
2547006039
2548926249
2549277454
2551085618
2553951084
2557087013
2557221268
2557550617
2561208078
2562426308
2563639754
256669942
2567773287
2567854587
257020723
2570464156
2570583025
2571476043
2571722497
2571985432
2572983194
2573219441
2573340087
2573708884
2574759485
2575278511
2576724664
257676484
2577431322
2578469493
257865963
2579906453
2581023460
2581044256
2582377327
2583997030
258419935
2584573279
2587489972
2588016493
2588155805
2591300157
2592461057
2592830147
2592899661
2594324773
2595416203
2596318918
2597496152
2597942475
2600212668
2602722871
2603508971
260422589
2608893812
2610602476
261128513
2612985724
261307258
2613100342
2613730818
2613911129
2615307327
2615309845
2617923203
2621513980
2624044544
2624324120
2624823633
2626745813
2629216615
2631042875
2632111458
2635671238
2636114145
2637453833
2638089262
2638880852
26398111
2640164083
2640822050
2641458245
2641992089
2642816239
2645277778
2646535878
2647309736
2647943288
2648419638
2648713454
2649639527
2650072420
2650277151
2651803402
2652754601
2653746379
2655739921
265819186
266007024
266008052
2660294046
2661634960
2661936788
266433667
2667282132
2668600283
2674753788
267501245
2676135867
2678182718
2678236723
2680610171
2681745249
2682230759
2682775036
2682964682
2683804502
2683827732
2685147628
2686107546
2688457476
2694173693
2695025530
2697164342
2698228721
2699508643
2701125141
2701209076
2701454089
2701525527
2705777929
2706140416
2707081236
2707379373
270742127
2708186416
2709919079
271198131
2715750705
2716267915
2717452879
2718462790
2718948552
2719389113
2720300564
2721682418
2722264336
2724968368
2726448892
2728362618
2729661765
27304362
2732052800
2735464660
2737811517
2738368590
2738534558
2739758085
2739995885
2742777638
2744204364
2745226887
2745286241
2747691156
2748573343
2748897317
2751182178
2753026705
2753962836
2753984504
2755497638
2757060842
275990157
2760297160
2760365685
2761927336
2764111706
2764720137
2768732732
2768823635
2769738210
2770789543
2774285023
2775509295
277692664
2777523208
2778587511
2779593812
2780305287
2780542901
2781584083
2782816035
2783109586
2784377978
2784930160
2784972826
2785794867
2789894381
2790312000
2791259453
2792170879
2793646343
279424875
2798433354
280112088
2801286677
2803988391
2804920567
2808504535
2809360202
2809994545
2810740196
2811407811
2812661156
2812681480
2813000910
2814041516
2814182280
2814545826
2815242752
281881699
2819254942
2819884779
2820492154
2820911657
2822774321
28235883
28247887
2826655073
282704727
2827523097
2827597151
2828463131
2829721521
2834358002
2835687255
2840793674
2842905304
284369237
284482659
2845230540
2846590414
2846868050
2847635972
2848843430
2850595971
2850909823
2852963942
2853196294
2853872047
2854733867
2856941573
2858495418
285858161
2858802018
2859301867
2860655222
2861357915
2862125868
2862430165
2862737356
2863345261
2863348946
2865636090
2865754585
2865858178
2867619481
2868257785
2868562018
2869261854
2869884976
2873828665
2874192713
2874617177
2882629402
2883245878
2886140797
2887448944
2887482604
2887501583
2888400732
2889562787
2889587163
289177990
289203228
2892160141
2897147691
2897855612
2898158102
2900236087
2904561467
2905633258
2906618164
290784228
2908876238
2912326662
2913751322
2914530309
2917354881
2917589908
2921969351
2923677979
2925117392
2925150342
2925225280
2926307946
2926771419
2928902470
2929270829
2931733408
2932172250
2935402607
293718982
2937389891
2937940830
2937954273
2940668963
2943948819
2944554520
2946067169
2948719309
2950227290
2951415285
2953696207
2954136432
2956255506
2956537514
2956747982
2956998473
2957775237
29579289
29605223
2961074270
2961341235
2961680083
2964858477
2965928974
2967580647
2969092342
297057013
2970920257
2972055993
2974594740
2976403414
2977916183
2978399622
297886387
2983841060
2984533499
2986087287
298625901
2986819059
2988938039
2989162893
2990851336
299240575
3001251699
3001674682
3002609629
3003102273
3007266859
3009377595
3009773353
3010201271
3010436920
301158669
3011896633
3012534035
3015312146
3017723985
301783310
3018044583
3018353787
3018536121
30203066
3020790935
3021103982
3021607695
3022299540
302261179
3022747196
3023197039
3024211628
3024533236
3025057469
3025913683
3026013251
3027063593
3027982178
3028541170
3028571223
3033791999
3034380811
3035506939
3035908949
303604954
3036375112
3037164668
3038180660
303917631
3039990497
3040513096
3041092242
304298564
3043901444
3045009485
3045288546
3045342530
3046560359
3046868733
3049217581
3050955318
3051394440
3052680938
3053253683
305417243
3054924732
3055152752
3055320720
3057121817
3058332846
3059216045
3061824364
3064630838
3065264494
3065738565
3067342194
3070603180
3072859834
3073031656
3073266383
3073465039
3074450517
3075849072
3075881678
307685356
3076971333
3079216188
308103189
3081334208
3082904362
3085563974
3087107899
3087118387
3087236845
3087359370
308792265
3088889506
3088971628
3091543333
3092144746
3093719452
3094433036
3097380104
3098053731
3098569588
3098675204
3099060913
3099076487
3099093517
3099340662
3100362132
3100677115
3101264743
3103434325
3105228200
3107341922
3110001475
3110472532
3111020719
3111212649
3113456879
3115563174
3116914114
3117697119
3117933999
3118891962
3119724869
311988066
3121552165
3121582471
3123060864
3125734962
3125750961
3126301161
3128097265
3128190184
3129688426
3133417893
3133745881
3136403329
3138138305
3138774910
3140129968
3141290748
3142061771
3142839334
3144510851
3144816287
3150764038
315087423
3151968337
3153192352
3154274286
3154323714
3156431118
3157168158
3157377429
3157769474
3158392288
315852061
3162966036
3163515629
3164064048
316426381
3165731903
316732556
3171374900
31751507
3177710365
3178049277
3179808190
318016300
3181048811
3182095942
3185803430
3185879506
318620784
3187188235
318720203
3189034198
3194305067
3194382096
3195077711
3196970159
3197871331
3199454805
3199861339
3200913563
3202349246
320292868
3203231492
3206095473
3208463776
3208508198
3209298674
321024996
3210873474
3211132838
3215619233
3215830513
3222899488
3223720195
322527390
3225649837
3228357712
3228819215
322884194
3229716740
3230813295
3232081358
3234605407
3237389839
3237666017
3241529452
3243551147
3243851876
324739065
3249659751
3249824760
3250512508
3250559072
3253137776
3254462000
3254607687
325703087
3257254111
325854065
3259532598
3260745485
3262449635
3262946277
3263874625
3264777915
3265957968
3266249441
3266746485
3266776736
3267747938
3267795289
326793982
326883171
3268875666
3270289026
3271202155
3273996521
3274344768
3276302714
3277852745
3279395804
3280954619
3281136400
3282332530
3282823503
3286813634
3287228035
3287935345
3288059387
3290998377
3291098975
329187978
3292461094
3293450039
3293680225
3296884450
3300513494
3301897807
3304384766
3306147280
3309248613
330980427
3310426272
3311204435
3311858344
3312219438
3312762982
3312813248
3313263798
3313546317
3313851710
3314118196
3314501735
3318124163
3319456496
3321645727
3323162422
3327294793
3329666870
3329720462
3330518013
3332160246
3333531067
333446340
3336194264
3336582057
3336826453
3337212688
3338137556
3338577527
3339592835
3339879060
3341903381
3342088057
3342099440
3345632114
3346101695
3346578291
3348007588
3348323327
3349675918
3349856428
3350486745
3351349892
3353792198
3354307985
3355047809
3355692738
3357591060
3358289730
3358756522
3360155035
3362154597
3362667069
3363207919
3367778439
3369006313
3369298331
337074456
3371320737
3373837107
3374597223
3376633067
337755957
3377689574
3378269416
3380259947
3380852194
338170004
3383560417
3384356507
3384691267
3387841143
338898831
3390053101
3390321698
3391459072
3391638715
3392018345
3392256709
3392750768
3393018293
3396317106
3397258452
3397816489
3399574919
3400033107
3400381611
34017906
3402886247
3404169301
3406444618
3408449406
3410031256
3415259312
3416771863
3417293073
3419636474
3420125226
3420313105
3423745275
342736512
3429521674
3429583780
3430218106
3431062854
3431405029
3431985188
3433110625
343329934
343410292
3434775277
3435621673
3435825999
3437736
3439146861
3440020132
3440113952
3440119601
3443406327
3444233245
3444546541
3446784698
3448110773
3449226336
3451368994
3452643995
3453025202
3453562380
3456106481
3456207580
3456518310
3459437423
3460155751
3461271544
346326393
3463573400
3464623461
346499676
3465017796
3466161422
3466486200
3470938755
3471019845
3471693891
3472017558
3473262289
3477795791
3481313473
3481772587
3481817532
3481898130
3482288589
3484813140
348682228
3488891959
3493145912
3493895799
3494736616
3497228937
3498522109
3499194680
3500105772
3500882929
3501022268
350347077
3505167083
3506391991
3507030367
3508279424
3508961500
3509148651
3511207062
3511606739
351238271
3514717048
3515295650
3516508266
3516604453
3521351374
3523677552
3525078369
3525342740
3525357571
3526107956
3528651595
3529107090
3529117064
3529343128
3537390225
3540045181
3542459615
3542493030
3544051947
3545184504
354573402
3545780237
3547800388
3548541376
3548727755
3550270218
3551269184
3555567991
3558777804
3562767056
3562886848
3563700479
356399821
3566104666
3566820965
3567046336
3568073560
3572291527
3572421625
3572760793
3574019172
3574275666
3574940642
3577348743
3577516824
3580891745
3581117769
3581407544
3582307767
3582539106
3582873262
3583696857
3584080242
3586378606
3595528276
3596301072
3596775723
3596988462
3597104226
3597635435
3600464206
3602699015
3608962511
3609573564
3609815797
3611358344
3611726723
3611871113
3611986219
3614098324
3614733091
3615635001
3615992773
3616263283
3617748661
3618143158
361817490
3621445970
3622530491
3622754543
3628764473
3629171049
362920333
3630219778
3630713602
3631285458
3633170320
3635330401
3637014088
3637342865
3637625436
3637835674
3639278007
3640226765
3640991168
3641542992
3642158576
3643025780
3643375458
3645149137
3645837478
3646887077
3650000359
3652841185
36538159
3654614207
3655605116
3656511946
3657620292
3662400568
3662649605
3665480032
3667319089
3667941511
3668901174
3669621501
3670087639
3671677964
367272915
3673990345
3674808334
3675132253
3675628846
3676520254
3676559199
3679508806
368005743
3681540391
3681679807
3681717379
3682164225
3682215357
3682372767
3682475131
3683005405
3683489893
3688721271
3688920248
3689593509
3691017237
3692944146
3695571281
3696546622
3698204747
3700226043
3700378451
3702323163
3703006442
3703111343
370497096
3708429816
3708795317
3709300223
3710345914
3711099789
3711895305
3714064601
371498855
3716994506
3717352875
3720271252
3720379973
3722148498
3722518203
3722599530
3723846831
3723943495
3725926565
3728354765
372865015
3728746505
3728948069
3729096970
3729665007
3730270971
3732031645
3734071748
3735222359
3735282321
3735753380
3736576009
3737975999
3737992303
3738090824
3738856041
3738975435
3739232200
3739243475
3739310330
3739631108
3743457736
3748166716
3748225558
3748554725
3749764882
3750182031
3751567365
3751635893
375392133
3754054984
3754475584
3755912336
3756791727
3758136741
3760142512
3760249852
3760611866
376282777
3763253761
3763260346
3763332785
3765290468
3765574543
3765977185
3766998098
3767202843
3767213073
37673231
3768303323
3768427649
3769982533
377013903
3771414308
3771417347
3772479776
3772739460
3772925941
3773144973
3773324250
3774677355
3774891351
3777867919
3778043173
3778663981
3781219229
378137324
3782924199
3784184775
3785412743
3785429905
3786155915
3788218831
3789043680
3790129904
3790620873
3791683771
3791855094
3792628529
3794021582
3794844918
3796642275
37972469
3799596807
3803472706
3804112347
3804683986
3805815675
3807603394
3807855257
3808093338
3810835449
3810886014
3812022580
381283194
381319609
3817004164
3817423775
3817769459
3818600961
3820060842
3820975218
3826825928
3827806971
3829226545
382925906
3829794664
3831066160
3833351960
3835173534
3836907221
383825926
3838473710
3838950404
3840232881
3841496631
3841562886
3843071131
3844502773
3844725616
3845602672
3845926878
3846269948
3848308910
3850220010
3850513349
3851475283
385154899
3854076740
3854458115
3854619355
385618404
3858791553
3859740026
3860187647
386158944
3866333351
3867362569
386763667
3868217297
387012972
3872589884
3874254493
3877995686
3878023971
387979704
3881465374
3885478826
388580339
3885949707
3887178930
3887919079
3888142855
388926577
3889809295
389163169
3892967748
3893772852
3898049010
3898244948
3902079154
390318684
3907122700
3907124651
390731505
3907429254
3908807873
3909019530
3910507687
3911881160
3912517413
3914361407
3915065093
391529299
3915297603
3916039141
3916661788
3917383779
3918031178
3918527788
39187260
3920075137
3923129701
3925061536
3925455484
392678233
3927199199
3929122914
3929891477
3930076892
3930139602
3930398679
3931933905
3932308129
3932550501
3932888457
3933373883
3935365427
3936935752
3938485060
3939276217
3939291411
3939617033
3942663681
3945190935
3945198430
394614690
3947629912
3949784763
395043315
3952203709
3953930501
3956819273
3960062003
3960921660
39642002
3965437430
3966233836
3967646724
3967949612
3968158318
3968450894
3969365849
3970181394
3970427977
3974238139
3974686653
397471758
3976902648
3977055519
3978267920
3979396170
3980704283
3980910738
3980936332
3981111035
3981342212
3983663709
3983781426
3984028422
3984233753
3985950540
3986334820
3987124474
3989695764
3991528897
3992896402
3994297032
3994649511
3994658986
399807179
3998890277
3998952588
3999082808
399980643
3999849939
4002255554
4002519426
4003364039
4004861319
4006039346
4006594287
4007412439
4009050237
4009870937
4010872820
4014691453
4018212702
4018706151
4019771057
4020801063
4022012860
4023983820
4026888216
4027601693
402868600
4031289248
4032038585
4032963091
403417416
4034968409
4035327552
4035576198
403677659
4037439317
4037592401
4039226817
4040487343
4041169918
4041721300
4042695858
40442875
4045866705
4046376228
4048242978
4050474123
4054078565
4054775303
4055088480
4059335381
4061414592
406201612
4062823079
4064743067
4064967250
4066169315
4066232493
4066637396
4066774046
4067832
4069849740
4070387648
4070489846
4071153642
4072470823
4072662731
4075630802
4076120940
408350538
4087528775
4088522882
4090887390
4092497885
409443461
4096728955
4097011857
4097653972
4102004847
4103125928
410341540
410373351
4104910622
4105748357
4107374315
4107650526
4107999328
411042445
4112302909
4112659988
4114307587
4116210528
4116383250
4118391146
4119051031
4119330343
4120524515
4121749252
4123285992
4123551801
4124401438
4125472632
4126537430
4127454688
4133262337
4134152722
4134424549
4136025984
4136119260
4136587484
4141284954
4141954427
4143011631
4144440090
4144927375
4145351910
4150923365
4153100858
4154602288
4155516008
4156166954
4156358874
4157511249
416041357
4161159557
4161594732
4162895714
4163198395
4163950750
4167990621
4171936351
4172308629
4173692536
4175208867
4176958694
4177766925
4178688417
4178881633
4179542151
4180897081
4182381168
4182730050
4184586396
4186401596
4187261415
4187494987
4189652437
4190134199
4191082268
4191608644
4194685275
4195621099
4197776995
4197908401
4198124758
4198408495
4205320095
4205779711
4206035864
4206511769
4206904358
4206954486
4208838480
4210718153
421088000
4210922316
4211282761
4212098551
4212495241
4212509937
4214675877
4214882416
4215010450
421587244
4219628640
4219634246
4220048563
4221266223
4221391526
4221942265
4224036108
4224984785
4224985011
4227457347
4227784648
422817460
4228193926
423063971
4232743428
4234692090
4236185005
423722719
4237430436
4237444014
4238548665
4238866018
4243494726
4244050233
424554326
4246080883
4247478088
4247897505
4250071976
4250559467
4250947629
4251533958
4252203163
4252381668
4253002368
4254704380
4254940939
4257111944
425724744
4257249731
4258592764
4259805425
4259961390
4260006121
4260410290
4260854327
4261039145
4261233966
4261561332
4261904425
4262666124
426314550
4263965483
4264634429
4264764637
4267879621
4267937242
4268326914
4270763915
42718305
427747766
4278749585
427875891
4279544499
4280785385
4281206079
4281522285
4283613957
4284173800
4284955519
4286547564
4286841683
42879708
428837907
4288851944
4289145579
4289897679
428994811
4291279294
4292268689
4293236996
4294796690
429646446
432432786
433193039
434735677
437963731
438623628
439058301
440146975
440280268
441483373
442334924
444703566
445355200
446739441
447238155
448155205
449648509
45007378
452013230
452330493
454308071
454325171
454536528
461970453
464224379
467781148
468006514
468664313
471893508
472192096
475994321
476231678
476367258
478575967
479353991
479389066
47953290
480441532
483756339
484092342
484873507
485036177
485193111
486075804
488355382
489251393
489304915
490095313
490203218
493109461
494745660
495171803
49752298
497655481
497877189
498995363
501872660
502564234
505153922
505368787
50546842
505811593
505831184
509349163
510881670
512436180
51300640
513672792
514380772
515764865
516776374
517098029
517241460
517249437
517266758
517991317
518732835
519600208
519783697
520510712
522926798
523853667
524583842
52479607
524866279
525541398
526115634
526944162
527780962
528314260
52849730
529223243
532627035
535313218
53566680
53721021
538637923
539921507
540124315
540188972
541713992
544670159
54749791
547662038
547846614
551739610
554479190
558778857
561722406
562057605
566519948
568330384
568460039
568948529
56900338
56930135
570831831
572068823
57233159
575217469
576261323
579742361
581006390
582796187
584123680
584362996
585191288
587916896
588460167
59043081
590861614
592308154
594270399
594775144
596978927
597259768
59731194
599884004
602239839
602520245
60266860
603797252
605132090
60589200
606400713
607274138
608137326
612359127
613096203
614416416
616442537
625124155
625409086
626147226
626265828
626353057
626992675
627955566
633801256
634116694
634138601
637174667
637949442
638731186
638750650
642199140
644055325
644637897
646357442
646424074
646862688
646992858
647488055
648637819
649921268
650923870
652082992
654337631
657138600
660778874
661416511
662355514
66340098
665029007
670220164
670835720
671896580
673459106
673930842
67463807
674994023
675986269
676675537
677297155
678657502
679010502
680228799
680450271
681432039
681787030
683009685
684438209
686131162
686562232
686567208
687289121
68742685
688444587
689142311
690341133
695909825
696064809
697965936
700642857
701259199
702489135
703448518
705082543
707754932
708176618
710297552
711822696
712174270
712597839
715790312
715797967
716929294
718759110
720500180
721800393
723612473
725464964
726240128
727313508
729332686
729877787
730144653
731156850
733612646
736553939
737607088
737611083
739073953
73923997
739700790
745382064
745514385
746434361
747671144
750236630
750677609
751601334
752027024
752366536
752783174
753379889
756069028
760501997
763004617
765810886
766283816
768938457
769420767
769636678
770164892
773328095
775799041
775817215
777658109
777872900
778490924
779471167
779832845
780910857
78265802
783351448
783614212
78375263
783837018
783884358
785545589
786729486
786953448
788040926
788188479
791836399
797207769
800427499
801065920
801963879
802545502
803916139
804252938
805911055
806332985
806420129
807082549
808279679
808336
814051819
815654669
815786758
818912023
81984472
822002815
822510422
822779116
824584008
824736344
825564370
826399096
826577087
827475575
8286082
829452548
832484326
836119546
836244697
838165552
839949454
840022808
842618497
843772170
844670188
846346824
848326725
848756975
850950862
851002251
851338747
853181498
853345448
854238954
854882998
856252778
856527025
85720317
858091450
859555873
862454305
865147582
865153526
866842189
868205910
873302584
873718029
875619808
88184651
88191469
882431781
882870608
885109137
885393254
891592646
893251467
894768306
895095708
895937258
896962106
900445136
901853065
903283738
904849647
910115808
910147341
91097073
911527644
911909275
914348349
915975584
916030779
916343928
917632537
922370498
923391218
926730470
926950066
927202169
927233074
930444088
930674805
931572416
933478207
933507910
934729059
934814893
935202554
936187614
936307462
938690467
939021145
943657083
943699462
943774810
945017618
947025659
947705061
948346369
949019144
950441089
951028988
951694246
952101420
952529177
954565648
954810026
956184348
956529497
957515400
958815900
959089212
961014132
96102778
961414842
961971371
962224090
963177417
965283115
96838275
970797639
970904299
972733008
972956144
973417762
976241362
977978350
979559388
984497419
986018391
988676063
991063577
993416094
994168183
995773545
996330899
998663426
998917426
999305831
99933613
999548355
999706256
999872261
