1001207465
1001446062
1001715309
1004717845
1005876922
1006129341
1006198403
1006335957
1007792754
1008045284
1008255180
1008597203
101019340
1010281248
1012026221
1012411095
1012602405
1012979271
1013000390
1014079424
1015119588
1015697311
1015907461
1017006026
101778381
1018076521
1018529626
101902819
1019464757
102143497
1022490068
1022952145
1023202500
1023242264
1023307685
1025496228
1025644025
1026068640
1026075007
1026240543
1026954079
1027813187
1027830792
102791059
1029260279
1029284208
1029457862
102950228
1030925153
1032002457
1033047174
1033202504
1033332943
1033408543
103506656
1035595554
1036953389
1037221164
1037728326
1038426329
1038843577
1038975386
1039747711
1039765688
1040313613
1041239139
1041376238
1042208223
104230712
1042352020
1045361569
104632907
1046598087
104750492
1048433695
1049023297
1049026056
1049405335
1049627879
1049829523
1049848729
1050475138
1050562853
105092966
1052210823
1052463702
1053295676
1053533341
1053581496
1053850690
1053991400
10542740
1054401128
105586274
1056055044
1057694122
1058037747
1058410367
1059806579
1060351145
1062205907
1062497650
1062759821
1064259580
1064451253
1064929645
1066396909
106817411
1068301579
1068891680
1069963381
107102801
1071042297
1071122446
1071963582
1072840905
1072878338
1073717991
1073764086
107514165
1077525739
1077708138
1078485328
1079319673
1079468444
1080483825
1080766201
1080955582
1081840714
1081989291
1082406979
1082863677
1085071424
1085240577
1086189101
1086802894
1087170510
1088169651
1090062042
1091756275
1093116457
1094448672
1095161810
1095990167
1098616077
1098735623
1100395478
110089046
110129584
1102147860
1102311470
1102395000
1103736781
1106296433
1107441958
1107612905
1109830339
1111873289
111189298
111268146
1115152837
1115187843
1115345165
1115647357
111576140
1116638687
111804781
1118515562
1119346271
1120339521
1120741857
112079656
1121266145
1121840940
1122054938
1122403977
1122602092
112341860
1123849281
1124209487
1124728720
112600682
1126067239
1126871483
1126890571
1127331568
1128181762
1128277166
1128569287
1129052789
113075291
1130903298
1131042856
1131114681
113239332
1133302624
1133649693
1134150970
1134690302
1134737782
1134879347
1135331398
1135503932
1135545202
1135615585
1135991522
1136667649
1137101988
113716732
1137590522
1138470711
1138660955
1138761602
1139150368
1139816435
1139949152
11408357
1141431473
1142135823
1142859958
1144173261
1145120168
1145837917
1146043443
1146187454
1147623454
1147653388
1147963354
1149152645
1149190017
1150094679
1150426951
11509882
1151294292
1151963056
115256576
1153305335
1156453372
1157164835
1157891996
1157902455
1159068527
1159535405
1160591855
1161261575
1161957555
116303638
1163047828
1163453054
1164853182
1165097524
1165729413
1168456167
1168503996
1168653515
1168863984
1168926640
1169413096
1169690001
1169709592
1171093373
1171501096
1172021819
117306460
1173265480
1174513636
1175001656
117732768
1177445358
1178043478
1178547396
1180519134
1181018250
1181180356
1182575631
1183660055
1184641015
1185597171
1186545256
1188311348
1188799170
1190633281
1191410585
1191722635
1191871540
1192031932
1193010912
1193207275
1193372157
1193544608
1193990599
1195868039
1195916071
1196098435
1196139127
1196464835
1196829797
1197594704
1197981838
1198917362
119949435
1200120123
1200214089
1200366053
1201241277
1201374830
1202670788
1204344358
1205669727
1206081756
1206104172
12067250
120726776
1207593166
1208019904
1209605404
1210059613
1210100194
1211353418
1212019193
1212152286
1214682160
1215106916
1216920694
1218224992
1218225896
1218351073
1219132800
1219261092
1219618977
1220593966
122218619
122236714
122396446
1225868082
1225916516
1226269684
1226642988
1227069133
1227392619
1228394587
1228401209
1228911549
123043574
1231000393
123107259
1231165448
1231757659
1231956923
1231972719
1232064044
1234223012
1236518398
1237396331
1238574402
1239792072
1240630686
1241479760
1242503699
1243377935
1243736148
1244092348
1244929686
1244942763
1245360592
1245852223
1246028801
1246487515
1247390796
1248050251
1249082148
1249495472
1249619085
124985758
1250523900
125338595
1254014076
1254078808
1254134150
1255083310
1256833262
1258697506
1258742719
1258967149
1260999454
1261154432
1261962056
1262034425
1262928919
1263280833
1263462193
1263853168
1264954302
1266772189
1266900210
1267339330
126787615
1268603251
1268655061
1270352453
1270780920
1271441395
1272681987
127310492
127322674
1273359219
127355307
1273635988
1273863829
1274372748
1274643595
1274934569
1274990827
1275421504
1275885548
127663506
1277003777
1277567033
1278589225
1279286656
1279357244
1279489873
1279590439
1280377445
1280904294
1281284587
1283478966
1284073490
1284453765
128508737
1287299934
1287774453
1288407412
1289117002
1289632639
1292169795
1292859269
1296671180
1296929974
1297745287
1297759678
1298555644
1298789174
1299132460
1300616960
1301348850
130154596
1302267751
1304009232
1304152740
1304218359
1305247397
1306511450
13072306
1307249156
1308358482
1308940232
1312761050
1313072863
1313297633
1314555863
131486291
1315548012
1315847823
1315897371
1317062385
1317066127
131788969
1318966198
1319662941
1319833833
1321678491
1322044192
1325802972
1325892044
1327127019
1328071154
1329914453
1330221714
1330670901
1330925564
1331036075
1333614490
1334588433
1334603375
1335272666
1337962910
1338186213
1339285263
1339505935
1339924987
134115780
1341270242
1341437161
1341914783
1341918548
1344449486
1345686109
1345690028
1346171339
1346496800
1346595180
1346694228
1347506881
1348257145
1348525559
1349048869
1349460143
1352084007
135224317
1352388648
1352521875
1352674165
1353821388
1353830359
1354731301
1354888847
1355312933
1355585497
1357246283
1357647936
1360776453
1361163782
1361250436
1361585769
1361622434
1363967417
1364733811
1364828126
1365090564
1366510762
1366941330
1367477826
1367897028
136796279
1368182612
1368660813
1368837279
1369246230
1369980150
1370492035
1371166196
1371613344
1372745023
1372965694
1375273696
137540736
1377363697
1378036852
1379517468
1382161857
1383188603
1384125397
1385380338
1387560066
1388170824
1388593814
1388922332
13892028
1389463040
1390127403
1390914370
1391219735
1391515714
1391724173
1392870002
1393689084
1394407579
1394671519
1394942625
1395391342
1395596535
1396439442
1397651516
1398707390
1400550651
1401062236
1401107438
1401815790
1402112146
1403595032
1403730737
1403761341
1403826641
1404988284
1406532638
1409672664
1410311299
141060437
1410632733
1410814969
1411364131
1411779708
141180264
1411913991
141266645
1414528094
1415166093
1418086138
1418325067
1419912493
1420317703
1420872596
1421416713
1422228908
1422786697
1423775897
142377952
1424366120
1424484365
1427536610
1428617899
1428910516
1429232877
1429877049
1430890500
1432860147
1433244834
1433353446
1434475940
1435817348
1435897075
1438166056
1438240027
1439035070
1440993141
1441007301
1441343769
1442919510
1442965262
1443877753
1445227694
1445369855
1446108087
1447520719
1447823733
1447937592
1448606723
1448986478
1449052935
1449093566
1449350585
144943281
1450879310
1451205027
1454849717
1456099649
1457398264
1457867034
1458357706
1458637257
1458756079
1459871563
1460866042
1460991404
1461032389
1461452143
146182057
1462383870
1462960408
1462997475
1463318018
1463697859
1464547752
146539347
1466397048
1467533731
1468214659
1468980855
1469407868
1469845449
1469911892
1472910641
1473743590
1473795042
1474047278
147479449
1474821447
1474932546
1476153513
1476910422
1477146230
1477660279
1478166963
1479191372
1481406404
1481820201
1483115085
1483394243
1483801253
148388255
1484753607
1485101625
1485414209
1485687728
1485748988
1486155575
1487250863
1487788535
1490301137
1490954730
1492520229
1493836665
149386245
1494497128
1494640148
1495067363
1495167482
1495532998
1495685885
1495744837
1496211229
1497870882
1497967121
1498468503
1499022619
1499233255
1499762242
1499782272
1500796480
1501079055
1503222358
1503531717
1503550936
1503652880
1504409862
1504830295
1505856632
1506717218
1509555075
1509802853
1510711765
1511133298
1511572362
1511829396
1512076564
1513443433
1513847360
1514486286
1515163594
1516273376
1517327043
1517494106
1518106605
1519485817
1519951516
1523047062
1523054235
152335705
1523549199
1524422008
1524547410
152526147
1527425861
1527477409
1527827184
1528713980
1528722967
1529552969
1529637040
1530693874
1530825616
153097171
1531157118
1531778894
153238062
1532923494
1533258631
1535034286
1535690258
1535901855
1536040938
1536142931
1536889142
1537231493
1538786524
1538855804
1539665205
1540066040
1540396229
1542310154
1543957897
1545399464
1545538250
154621268
1546846989
1547335204
1549018370
1550140822
1550772282
1552567283
1554681499
1554982534
1556828277
1556920415
1557871939
1557898602
1558343608
1559123042
1559244908
1559290122
156003330
1560250811
1560359000
1560991523
1561158676
1561364049
1561894711
1562554035
1563115961
1563752884
1565127551
1565985939
1567121916
1569501964
1569534385
1569800202
1575396826
1576321626
1576338161
1576395912
1576448317
1577364697
1578491632
1578642263
1578868509
157946778
1581289348
1582317708
1582466865
1583464130
1583492064
158505250
1585101085
1585904178
1586470812
1587576258
1587917732
1588544706
1590171209
1590605878
1591405357
1592193749
1592921730
1593394059
1593703659
1596022396
1597476425
159750815
1598281342
1599026830
1599795432
1600258669
1600867612
1600990720
160119246
160144789
1601916575
16041839
1604477225
1606872470
1607042626
1607549734
161068552
1612674930
1612754759
1612997309
1613470022
1614099944
1615495827
1616116730
1616950626
1617561566
1619695824
1622325765
1622385961
1623444986
1623563286
1623885633
1624093462
1624323613
1626012892
1626565593
1627827487
1627971891
1628926987
1629326104
1629532109
1629875368
1630487781
1630754438
1630997041
163133020
1632769066
1634238552
163435407
1634412800
1634651490
1635660207
1636662554
1636719385
1636805458
1637530024
1638450235
1639323349
1642055922
1643306307
1643419121
1643483167
1644904127
1645085877
164526843
1645343382
164539330
164626413
1646976213
1647588475
1649762687
1650724838
1651215462
165168304
1652509435
165384352
1654816486
1655365325
1655750952
1657135172
165794534
1658083500
1658620981
1658944469
1660722465
1661017233
1661148829
1661399842
1662000894
1662810782
1663186107
1663376024
1666022332
1667518464
1669028384
1669777866
167066057
167266947
1673215378
1674437663
167454748
1675015580
167553817
1676019911
1676789354
16772083
1679344925
1679768135
1679898923
168027072
1681946483
1683291172
1685737276
168656649
168788043
1687884636
1688162498
1688654138
1689723202
1689962602
1690190063
1690531841
1691754659
1692776053
1693458979
1694265519
1694982068
1695228469
1695389345
1695686433
1695757991
1697996354
1698133735
1698143614
1698556586
1699818281
1700177587
1700975279
1701303777
1701936806
1701980731
1703036634
1704037533
1704295401
1705111782
1705198543
1705427226
1705528089
170558145
170607296
1706176224
1706656400
1707585977
1709542193
1710091018
1711397846
1712890258
1713193205
1713541771
1713849905
1713940190
1714028459
1715581295
1716198996
1717422468
1717460355
1718742656
1719288801
1721043276
1721244794
1722584505
1723648676
1725232599
172530420
1726541627
1726624626
1728919401
1729469101
1731171417
1732049737
1732862688
1733411563
1734454076
1734600312
1734836360
1734884722
1735006575
173534543
1736213825
1736742561
1737186752
1737341878
1737847214
1738136002
1738139592
173875468
1739690352
1739749910
17409614
1741229171
1743018721
1745048226
1745235042
1746378485
1746658207
1746949482
1747174532
1748091302
1748856380
1749912346
1750272363
1750399428
1750849441
1751302267
1751808900
1751952494
1752270660
1752642242
1752976472
175388413
1753884157
1754394239
1757840400
175801126
1758163196
1758608832
1758626060
1758827250
1759202230
1759293356
1759588551
1759723793
1760893989
1761211102
176129455
1761690004
1762267718
176293928
1764402962
1764499664
1764784210
1765505498
1766837176
1767271058
1767862353
1768616431
1768661371
1769919925
1770917844
1771802090
1771899147
1772998197
1773240428
1773899826
1774396668
1774623673
1774736830
1775158597
1775362314
1776269108
1776491684
1776652119
1777010923
177750889
1778637690
1779233352
1780064688
1781243085
1781498534
1782070233
1783381135
1783836714
1784238091
1784243881
1784347554
1785422817
178610300
1786361122
1786630964
1786758813
1786774158
1786872110
1787626922
1787772573
1788263799
1788365121
178900560
1789317776
1789820129
1790881679
1791916738
179252890
1793155817
1793970551
1795118273
1795316802
1797305885
1798271017
1798518140
1798810741
1799384275
1800169406
18002279
1800743953
1801144552
180212811
1803398696
1803850227
1805269559
1805475859
1805850754
180627065
1807012860
1807505920
180836689
1808553520
1810308034
1811774955
1812099286
1812873781
1813036984
1813053283
1813598291
1814357336
1815226821
1815256202
1817727314
1818104845
1818624061
1818758221
1818829427
1819685806
1822193727
1823704975
1824459563
1825394113
1826184611
1826784300
1827321705
1828480314
1829017257
1829214564
1829524532
1830244807
1832455948
183270518
1833473008
1833651734
1833812099
1834487450
1834620441
1838143838
1838465916
1839967832
1840317425
1841547032
1843496258
1844649511
1844975834
1845064602
1845957908
1846156506
1846180225
1847346628
1847464293
1847630851
185144916
1852645694
185310798
1854577620
1857058401
1857400805
1858223065
1858657954
185876703
1860967235
1861394618
1861595498
1862479484
1862920896
1863130168
1864444754
1864723368
1865091306
1865459577
1866426426
1866699253
1866708894
1867285937
186758589
186954462
1870812810
1871216523
1871380621
1871457451
1871615627
1872702998
1872917810
1873282192
1874048628
1875491261
1876610682
1878073778
1878136709
1879223494
1879284428
1880910847
1881607845
1883692421
1883956783
1884095374
1885128160
1885324177
1885758469
1886767153
1887509398
1887779360
1888186025
1891215280
1892782371
1893270451
1897201164
1897445164
189782247
189818315
1899368418
1900385226
1900700891
1901498538
190321059
190324157
1904141232
190460003
1904886484
1905847527
1907177204
1907293505
1907515720
1907971319
1909549947
1910387581
1911238105
1911528025
1912358505
1912510792
1912918639
1913987564
1915326145
1915460581
191582902
191586784
1916846555
1916930998
1917364492
191782004
1917953901
1918470670
1920306824
1923090428
1923222831
1923231921
1923842180
1925002520
192521238
1925341673
1925487871
1925813872
1926413377
1928427877
1928816627
1929013295
1929373260
1929430663
1930547494
1930670374
1931073185
1931473336
1931885871
1932453600
1932771472
1933729324
1933913494
1934861140
1935205369
1935902301
1936199291
1936234751
1936440833
1937052154
1937321071
1938942853
193916363
1939970266
1940434860
1940557094
1940931539
1941269613
1941369962
1942291992
1943099197
1943242843
1943666899
1943978399
1944079709
1944473200
1945897312
1946947084
1947007702
1947211064
194766431
1948023051
1948368729
1948373117
194934531
1950418762
1951024377
1952640274
1953518227
1955117014
1956435924
1958513159
1959399214
1960197471
1960286028
1964138834
1965486223
1966202638
1966516234
1966560873
1966816693
1967217675
1968360346
1968812836
1970137835
1971571841
1971901590
197230003
1972572965
1974000897
1974320783
1974663557
19747010
197634172
1977073847
1977217011
1977669301
1979747138
1980735545
1980921650
1981086612
198165892
1981987556
1982140559
1985782795
1985796711
1987661438
1987925798
1988770338
1989426055
1991270929
199235154
1992548173
1992914923
199469612
1997236608
1997242416
1997508213
19980157
1998319229
199866378
1998824987
2002033107
2004594928
2004940104
2005029177
2006084300
2006405587
2006662254
2006770868
2008535120
2008768895
2009915828
2009959090
2010818208
2012315492
2014909006
2015513986
2015515248
2015848683
2016016649
2016152135
2016209952
2017469074
2017607820
2017892224
2018337377
2018635798
2019198682
2019884589
2020149806
2020858601
2021268948
2021822749
2022184209
2022298291
2023482634
2024324945
2024580254
2025278028
202539605
2025557863
202572811
2026344445
2027111985
2027570703
2027963026
2030410678
2030908203
2031627686
2031704424
2032839361
203332260
2033733829
2034915910
2035184297
2036961657
2037522162
2037853663
2038044049
2038327728
2040065741
2040649010
2042168103
2042282947
2042521308
2043332740
2044089701
2044855996
204508018
2045807543
2045967135
2046099465
2046282231
2046441702
2046580355
2050159995
2052987507
2053097865
2053185984
2054398091
2055622795
2056294617
2056644487
2057584437
2057620467
2057710771
20589704
2059561250
2060207763
2060797818
2061051650
2062257640
2063994860
2064424403
206468987
2065605845
2065730399
2066448427
2066670483
2066770471
2067080166
2067124453
2067239689
2067817880
2069311375
2069673540
2069992046
2071044249
2072862367
2073863208
2074440608
2075022843
2076499198
2076662503
2078907818
207965500
2080741258
2080836750
2081690719
2081739081
2081813228
2082391043
2082887743
2083113819
2083331625
2084460119
2085648104
20858268
2086140194
2086163930
2086221484
2086253589
2086299796
2086318907
2087014852
208733052
2088011168
2088285026
2088898980
2090137868
209151378
2092061953
2092272225
2093077335
2093178168
2093353280
2096229821
2096386853
2096603464
2096624614
2097066298
2097629745
2099022940
2099023049
2099029765
2100118317
2100657034
2101610967
2101807890
2102772845
2104186596
2104678518
2107801995
2109984807
2110502650
211096107
2111736207
2112340172
211294765
2113073070
2113165589
2113351902
2114431902
2114588273
2115019258
2115474188
211658348
2117207845
2117848457
2121100618
2121897245
2122037109
2123141148
2123706829
2124306184
2125504242
2126775926
2126841776
2127806735
212828397
2129264855
2130516858
2130721253
2132207876
2133468030
2136507965
2137790601
2138236772
2139027171
213918665
2140505918
214166652
2141981021
2142795177
2142820771
2144207168
2145341115
2146222968
2146807192
2147754128
2148086060
2148096828
2148791569
2149255508
2150124977
215152932
2151833114
2152628147
2153142995
2154394101
2155010436
2155217106
215585965
2157009950
2157290135
2158244640
2160810122
2161411091
2161525579
2161917366
2162213438
2162338483
2163185118
2164545983
2165248127
2165732693
2166130635
2166219683
216666529
2168020750
2168851839
216935075
2169402085
2169587694
2169917742
2170169818
2171330529
217188693
2172133303
2172808201
2174566313
2174725872
2174883544
2176168210
2176929235
2177093464
2177279332
2177410386
2177796562
2177922457
2179720129
2180446727
2180880078
2181541642
218190745
2182410656
2183350288
2184619892
2184712148
2184823828
2185351401
2185388383
2186631719
21873821
2189055750
2189782652
2189894545
2190451
219141610
2191902327
2192401361
2192505957
2193723969
2194055935
2194398647
2195468327
2196863764
2198117920
2198183373
2198223936
2199354227
2199370680
2203295298
2203577900
2206232046
2207000737
2208018538
2209389936
2210989135
2211428002
2211521127
2211667780
2212872074
2213447391
2214773498
2218133544
2219386711
2219510182
2219729953
2220917834
2220961008
2222144976
2223166402
222376097
2224947969
2225168596
2225385027
222637341
2226455309
222720586
2229101608
2229218066
2229550540
2229758945
2229938073
2230452711
2230472305
2231360993
2231996297
2232416632
2232949463
2232998002
2233321086
2234060066
2237163563
2237362630
2237683142
2238276
2238475427
2239138540
2239620235
2239729234
2240854750
2243627165
2244151659
2244618513
2245345547
2247061732
2247873658
2247948452
2249429898
2249519201
2249589135
2250042918
2251232390
2253269030
2254008479
2254283928
2254953022
2255472370
225699316
2258197578
2258686491
2258723083
225990367
2259976019
226000763
2260456880
2260882037
2260990187
226145740
2262634484
2263093681
2263326892
2263543089
2264157456
2266343927
2266553579
2267452923
2267884439
226845478
2269810741
2270759647
2271114262
2271505538
2271700454
227285760
2274575910
2275600536
2275918042
2276440658
2276728248
2278265308
2278485137
2278621689
2280127902
2280912973
2281385934
2281707799
2282310330
2283235168
2283302336
2283440702
2285218797
2285446094
228581873
2285856944
2286969370
2288351377
2289351232
2289717858
2290207219
2290301273
2291367903
2292354940
2292646121
2293609663
2294011872
2294559644
2294716133
2294905418
2294964276
2295980560
2296489088
2297300463
2297589788
2298771611
2299335042
2299411727
2299420634
2299942309
2299977694
2300212115
2300245219
2300763205
2300831441
230195477
2301970333
2303969687
2304267856
2305265970
2307723087
2309062278
230927407
2309646402
2310214900
2311084271
231111163
2312433848
2312535032
2312553029
2313699181
2314189147
231462290
231665638
2316902509
231718775
2318005424
2318475079
2319381052
2319566848
2321043371
2321683119
2322721082
2324172488
2324618877
2324803826
2325757276
2326061319
2330329064
2330666758
2332424964
23325666
2334244505
2334370879
2334673966
2335062945
2335305499
2335666965
233783287
2337853498
2338044191
2338572985
2338611696
2338925533
2339959178
2340906282
234188529
2342183835
2342981395
2345504165
2348869416
2349709798
2350359251
2350368430
2350469160
2351300500
2351779521
2353908756
2354318295
2354379682
2354854262
2354989790
2355162835
2358072934
2358362628
2360640173
236092285
2361125987
2361512826
236212165
2362470511
2364353936
2364470427
2365053515
2365119741
2366593048
2367260350
2367585266
2368869139
2369044894
2372149192
2372985423
2373283320
2374170597
2374465595
2374811497
2374943207
2375036730
2375041574
2376305702
2376581907
2376658816
2377216076
2378436929
2380872489
2380996754
238263007
2383249082
2384100307
238448614
2384697907
2384761971
2384848102
2385937536
2386130984
2386817005
2387043736
2387068173
2387691640
2387859240
2388141999
2388217817
2388323658
2388464457
238868385
2389076455
2389823445
2389961323
2393039037
2393228676
2393341441
2393742534
2394090640
2394223722
2394373960
2396810310
2397142861
2397173215
2400410107
2401297169
2402778051
2403131153
2403890647
2404123154
2405858928
2407050224
2407130230
2407247551
240825159
2408478753
2408980984
2409253637
2409673031
2409941915
2410718197
2411243602
2411773000
2412410849
2412708926
2413503295
2413506237
2413743864
2416706026
2418093314
2418130794
2418626246
2419946147
2420081728
242085432
2421545886
2422360064
2423386545
2423827937
2424538278
2425250159
2427177798
2429205075
2433002200
2433650663
2433744749
2435109073
2435280597
2438270481
2439040778
243907098
243987478
2440086704
2440572222
2440717986
2441350190
2441626489
2442633269
2442775834
2444599786
2444951618
2446143247
2446264583
2446381926
2447133618
2447447069
2449966352
245041651
2454364731
2455282220
2456853473
2457229838
2457966784
2458140549
2458177484
246090549
2461385125
2462560707
2463053885
2463137431
2464304833
2465447733
2465874289
2466494707
2468863830
246911334
2470051406
2470333688
2470440520
2470533781
2472033306
2472082659
2472412733
2472496870
2472952369
2474384167
2474401786
2477446131
2478897460
2478920818
2479305951
2481220466
2482947757
2484584748
2487036950
2489168122
2490410988
2491493051
2491708939
2492315635
2492418700
2492813113
2494044059
249435093
2495905349
2496137271
2497220059
2497686885
2498016683
2498896760
2500950823
2502634724
2502806124
2502944705
2503598096
2503794715
2504135236
2504900718
2505063035
2505200544
2505495274
2508002953
2509466820
2510888749
2511387178
2511542304
2512044645
2513680150
2513888508
2514055920
2514232334
2515385793
2515968853
25162943
2517013765
25176353
2517757454
2519065036
2519760189
2520843280
2521372677
2522570774
2523213737
2523275465
2523506572
2524566937
2524971655
2525355754
2527527154
2528356521
2528773350
2528852611
2528971641
2528995622
2529791085
2530055327
2530064443
2530851733
2531765407
2531888437
2532013601
253230508
2532917770
2533093359
2533097562
2533101723
2533196280
2534324615
2535596152
2535827303
2537169516
2537490367
2537537769
2537889853
2540706015
2541480670
2541858987
2542086021
2543011210
2543031734
2543920231
254488227
2546233270
2547006039
254819368
255023637
2551085618
2553951084
255508304
255571199
2555865354
2555938264
2556358962
2557970673
2559133488
2559420714
2559483262
2560456315
2561208078
2561404850
2564641931
2564691806
2564776580
256669942
256742839
2567773287
2568076261
2568260875
2568745152
2568763875
2569369987
2569952322
257015440
2570626363
2572202332
2573058122
2573708884
2574405524
2574759485
2575278511
2576724664
257676484
2576855798
2577197373
2577363315
257865963
2578703733
2578752451
2579220036
2579862800
2579906453
2579910891
2580556851
2581023460
2581671557
258198502
258425747
25855684
2587424233
258763007
258778103
2587834856
2590404652
2591385690
2592830147
2593307570
2593351609
2594324773
2594715685
2595495786
2597247302
2597496152
2598370491
2598524063
2599359989
2600190760
2600798184
2601679167
2602419994
2602954652
2603043129
2603612594
2605076833
2605180400
26065390
2606753862
2607901463
2609730544
2609860925
2610637924
2612586214
2612985724
2613618468
2613851156
2613884576
2614641712
2615031155
2615211221
2615841913
2616293705
261641550
2617252482
2617417484
2618204488
2618908516
2619928812
2620599000
2621160614
2621427220
262208049
2622772969
2624214780
262432835
262496412
2626515107
2626636098
2627167609
2627236252
262743270
2629216615
2629958770
2631405664
2632028137
2632111458
2632347566
2633207170
2635143781
2635671238
2636114145
2636215744
2636465928
263719090
2638037416
2639418803
26398111
2640134169
2640164083
2640822050
2640889575
2641276567
2641576804
2642845187
2643447937
2643996791
2644186642
2644538092
2644690373
2645034613
2647018418
264902995
2650491628
2650660530
2651658492
2651674713
2651803402
2652754601
2655739921
2657649530
2657832688
2658025494
265819186
2658215555
2658737391
2658917626
2659861236
2660151959
2660294046
2660610815
2660689120
2661329839
2661634960
2661788439
2661987475
2662076609
2663023695
2663508332
2663560287
2664326791
266518869
2665434350
2665577281
2666873606
2667283122
2667941963
2668144841
2668695946
2668758301
2673041995
2673282847
2675698041
2676200553
2679338295
2679672721
2680586389
268134692
2682775036
2682894751
2684540834
2684990120
2685147628
2686911509
268994344
2690051593
2690338828
2692329233
2694966862
2696624559
2696858962
2698018758
2699169502
2699499684
2699887972
2701209076
2701454089
2701525527
2702519883
2703207441
2703640548
2703942263
2704978142
2705060271
2705602202
2706025794
2706140416
2706501786
2706986089
2707379373
2707849291
27085419
2708576643
2708816007
2709354701
2709679426
2709919079
2712158552
2712169940
2714139338
2715433367
2715750705
271642826
2716557797
2716848539
2717121807
2717301657
2720300564
2721682418
2722250154
2722774305
2723861273
2724463856
2726728826
2727012579
2727992529
2728285512
2728616990
2729756941
2730736436
2731683685
2731694379
273293395
2735076701
2736015448
2736728747
2738368590
2738534558
2739293442
2739995885
2740748457
2743889277
2743938600
2744204364
2745286241
2745543502
2745738246
2746207123
2746372970
2748867137
2749137921
2749255100
27498314
2751393112
2751589654
2751856611
2751933574
275318406
2753962836
2755690975
275871392
2758844042
2758846810
2759112769
2759143426
275990157
2760057411
2760297160
2760957125
2762421728
2762597697
2763074585
27636199
2764720137
2764905169
2765052323
2765368920
2765515116
2765523686
276580347
2766353007
2768732732
2768823635
2769455819
2769751861
2770143207
2770578266
2770688748
2771074511
2772123940
2772301127
2772839852
2774285023
2774716912
2775046137
2776091848
277627279
2777832087
2778962957
2779090288
2779593812
277978331
2781904485
2781969138
2782816035
2782870703
2783109586
2783282031
2784377978
2785209036
2785260946
2785892927
2786489458
2787176916
2787350555
2787546392
2787855322
2788551877
2792170879
2792263980
2792749695
2793294753
2794877323
2795454871
2796457206
2796646525
279756799
2798170369
2798859571
2800296010
2801392712
2801947384
28024231
2803102358
2803988391
2804044554
2805346065
2806859091
280706080
2807178624
2807756852
2808504535
2809178892
2809668387
2809834369
2809994545
2810325794
2810995061
2811556359
2812661156
2812681480
2813076716
2813906852
2814041516
2816415115
2817138893
2817759537
2817902916
2818967748
2819254942
2819298621
2819865144
2819904277
2820180474
2820740136
2821810323
2821914707
2822892363
2823186717
2826288095
2826645651
282686409
2827216034
2828463131
2829769683
2829976934
2830826790
2831126795
2831418450
2832014212
2833087723
2833708573
2834499238
2835523203
2835687255
2835819756
2836439420
2837737289
2842803903
2842857276
2842934176
284482659
2845641096
2845688646
2845713866
2846012367
2847635972
2848336394
2848624845
2849007643
284931579
2849387126
2849750401
2849959311
2850293578
2850572555
2853196294
285369180
2854823798
2855700612
285835445
2859196392
2859599725
2860093586
2861058712
286136364
2861876133
2862430165
2862528203
2862737356
2863345261
286549879
2865858178
2866167907
2866194453
2866775045
2868053284
2868477016
2869229739
2870449892
2870867943
2872077612
2872984897
2873276799
2873321053
2873723901
2874192713
287422511
2875460795
2875743876
2875925580
2876394642
2878136563
2878947851
2880233620
2880450462
2881174548
2881365371
2881441703
2881674598
2881743992
2881938893
2882725260
2882985664
2883849531
2885042494
2886408040
2887938929
2889040737
289068197
2892902934
2893405854
2894619549
2895049310
2896510813
2897088181
2897147691
2898158102
2898235942
2900023759
290281094
2902917357
2903973496
2904700390
2905039229
2905315396
2907498016
2908876238
2909555754
2910270684
2911089756
2912400205
2912954099
2913681031
2914264462
2914698604
2914806200
2917057739
2917177090
2917354881
2917532040
2918627306
2921079571
2921612997
2921969351
2923537933
2923677979
2925225280
2925580977
2925818836
2926307946
2927303282
2927525700
2927828220
2928357223
2928763460
2930949752
2932172250
2933494209
2935346941
2936467419
2936810895
2937381906
2937450395
2937522613
2938739672
2939429769
2939453288
2939753444
2940248073
2941270977
2942045626
2942812670
2943298627
2943339344
2943532222
2943948819
2944405685
2944554520
2945202629
2945869844
2945920672
2946067169
2946463668
2946709849
2946926103
2947667375
2948131639
2948145970
2948213299
2950999494
2953345127
2953696207
2954796642
2955370605
2955823751
2957164897
29579289
2958935451
2959677037
2962629708
2962767031
2962995495
2963870470
2964360491
2964629134
2965057860
2965430944
2965453677
2965956386
2965999680
2966061846
2966373501
2967155096
2967212546
2967580647
2967608073
2967717644
2968919794
296901653
2969092342
2970223336
297115941
2971173059
2972198742
2973263444
2974149498
2975049552
2977473830
2977862405
2978563597
2979339152
2979827248
2980081757
2980125533
2980380457
2980533527
298075577
2982877509
2983841060
2984520219
2984646462
2986087287
298625901
2986430988
2987471894
2987829403
2988126599
2989183107
2990040951
2990243587
2990363691
2990779871
2991466828
2992289362
299419563
2995685549
2996170558
2996791088
2997708070
2997828625
2997859674
2997997767
3001250403
3001991054
3002470310
3002620728
3003002289
3003102273
3003569432
3004491587
3004493293
3005142178
3005204178
3006262459
3007814749
3010201271
3010436920
3011348839
301158669
3011904333
3012706813
3012856514
301307739
3015225631
3016081643
3016704676
301734939
3020790935
3022747196
3022979024
3023132389
3023833238
3023874737
3023923745
3025913683
3025971929
3027091122
302740078
3028541170
3028571223
3028699504
3028809172
3029890484
3031682193
3032294595
3033498461
3034741756
3034845984
3035908949
3036375112
3036446473
3036844522
303723813
3038531141
3039226725
3039706670
3040413539
3041058187
304298564
3043231757
3044413926
3045341231
3045865578
3047137944
3047159323
3049192615
3051020272
3052750243
3052936987
3054036606
3054597738
3054879075
3054924732
3055320720
3055572560
3055667599
3056133169
3056616231
3057097898
3058959239
3059636623
3059673333
3059947705
3062408579
3062792095
3063520404
3064167389
3064630838
3064864331
306851055
3068945055
3070428608
3070958985
307205770
3073266383
3075881678
3076292703
3076335262
3076719840
307685356
3076971333
307763593
3077913488
3078755223
307913662
3079145816
3080946646
3085775178
3085907387
3087471585
3087573490
308759094
308792265
3088095937
3088402232
3088745856
3088889506
3088971628
3089362580
3090984462
3093414105
3094100393
3094390282
3094465580
3096135894
3097753887
309843479
3098554930
3098675204
3098695915
309983171
3100138560
3100708981
3100873983
3101264743
3101632555
3101922368
3102016634
3102054698
3102838801
3103074155
3105168447
3105228200
310661854
3106753267
3107527618
3108297829
3108469
3108847351
3110001475
3110364612
3110472532
3110998215
3112233371
3113328702
3113456879
3113586105
3114526099
311574860
3116917803
3118116141
3118289106
3123128497
3123702124
3124724201
3125750961
3125845672
3126117198
3126136597
3126301161
3127072649
3127258685
3127846684
3127937602
3128190184
3128533134
3128856992
3128911765
3128952223
313034746
3131582446
3133419754
3133745881
3134698857
3135020188
3135122932
3135420899
3135866173
313645721
313734867
3137650069
3137887056
3138501137
3140970632
3141290748
3142061771
3142154902
3142977042
3143054362
3143145532
3144531168
3144791089
3144861250
3144947202
3145005052
3146574445
3147312790
3147470099
3147853922
3150380330
315087423
3151595585
3152126114
3152398970
3153803594
3154169008
3154552695
3155444419
3155612425
3158602525
3158906801
3159275459
3160713622
3162941253
3162968463
3163030990
3163515629
3164072463
3165592100
3165731903
3165954687
3167208965
3167928910
316892641
316906877
3169666120
3170019529
3170580494
3171436900
3171566014
3172736927
3173733337
3174016691
3174943063
317530972
3176452290
3176962469
3178370220
3178859574
3179357693
3179808190
3182062929
3182095942
3182183036
3182252490
3182468754
3183987332
3184354543
3185131476
3185195885
3185520608
3186964447
3187672676
3190397600
3190514363
3192177359
3194343961
319532474
3195651349
3196999164
3197265678
3197671527
3197922424
3198521657
3199217890
3199454805
3199906683
3201076064
3201104959
3201289760
3201481582
3202589723
320292868
3203199916
3203227745
3203821617
3206704457
3206776983
3207307672
3207484166
3207634976
3207682592
320869594
3209298674
32096023
320977681
3210037122
3210759054
3211046827
3211514237
3211750898
3212762257
3213496644
3214016790
321451119
3215830513
321631563
3216702961
3217532619
321759878
3217743057
321793741
3218039325
321845632
3218783667
3218998580
3219037978
3219156290
3219415299
3219495165
3221424363
3222156041
322218821
3223720195
3223928846
3224666117
3225918507
3226300905
322913158
3230813295
323108751
3231909506
3233426038
3233754129
3233923184
3234598165
3234816424
3239011842
3239368941
3240714187
3241225108
3241570588
3241860406
3242311687
3242445569
3242597411
324286030
3243851876
3248006767
3248692439
324915173
3249693488
3249774421
3249824760
3250505845
3250600884
3250663457
3250970213
3252426354
3252997825
3254493440
3255030568
3255880191
3256502320
3257138466
3257254111
3257809763
3258119044
3259694735
3260817789
3260998943
3261191949
3261613424
3261879066
3262327601
3262654891
3262946277
3262963134
3263874625
326395892
326403090
3264967428
3267023779
3267061206
326883171
3268845653
3268933413
3269593063
3270872680
3271202155
3271327474
327207290
3273753725
3275211526
3275812523
3275993531
3276302714
3276352439
327743238
3277721224
3277849172
3279578873
328071871
3280863617
3280901511
3280977665
3281450849
3281691609
32819950
3282412520
3285178832
3285765312
3286858409
3288848927
3288950276
3288999650
3290311220
3291583531
3291827074
3292461094
3294239647
3295791119
3296884450
329720035
3298698718
329879554
3298808829
3301702636
3301980866
3302101247
3303488222
3303612947
330438264
3304384766
3305202434
330540044
3306436196
3307013683
3307021064
3307419495
3309001380
3309248613
3309562852
3309662633
3309899344
3309902519
3311036421
331183944
3312762982
3313120791
3313381792
3313613323
331576840
3316761386
3316822691
3317661144
3317982144
3318140375
3319144197
331975078
3320375258
3322982639
3323162422
3324397837
3325469589
3327495860
3328757341
3328861197
3328894834
3329314836
3330504674
3330600624
3330710633
3331306786
3332464131
3332773322
3333746053
333393289
3333981297
3334163897
3334280762
3336631731
3336826453
3337309123
3338386581
3338439920
3339235693
3339339783
3339592835
3342171162
3342621691
3344015674
3344779542
3345202192
3345632114
3346831846
3346939855
3347270055
3347492189
3347785943
3349313484
3349445664
3349675918
3349856428
3350038383
3351349892
3352006789
3352333881
3353249413
3355735501
3357898054
3358289730
3358439601
3358756522
3358832392
3360281634
3360292280
3360744550
3362028152
3363061465
3363187906
3366225669
3367164625
3368742875
3369003198
3369298331
3369850495
3370108544
3371063317
3371367554
3373330915
3373421537
3374830275
3375409682
337548573
3376107737
3376743334
3376756988
3376932412
3377553446
3377642587
3377689574
3378416165
3378836652
3379526412
3380628579
3380852194
338170004
3382353685
3384356507
3384437150
3384720622
3385337772
3385803726
338759355
338845759
3388818169
338898831
3389265203
3389595998
3390053101
3390321698
3390606098
3391459072
3393018293
3394784980
3396317106
3397573433
3398187462
3399574919
3400033107
3400381611
3400929280
3402886247
3403352159
3403678223
3404155009
3404577705
340518898
3406157192
3406184141
340659791
3406865413
3407486157
3407882328
3408328255
3408449406
3408642296
3409606131
3412978757
3413178001
3413400080
3413623622
341435549
3414468196
3415259312
3416771863
3416789914
3417279327
3418131700
341842786
3418738076
3419636474
3420071541
3420622453
3423508040
3424356630
342585423
3426194081
3426541146
3426989953
3427046448
3427527469
3428081729
3428673506
3430869520
343095473
3432587513
3432644939
343375503
3433928116
3434808189
3435150667
3435825999
3437042931
3438137940
3439338128
3440113952
3441260412
3441877330
3442945356
3443823904
3444342761
3444546541
3445348155
3447276118
3448110773
3448293938
3448389358
3450878547
3451031062
3451706328
345229259
3452354793
3452610535
3456121357
3457972193
3459066385
3459999620
3460811466
3460875806
3461395953
3463573400
3464308094
3464589957
3464623461
346484293
3465017796
3465377817
3465595717
3465695619
3466046736
3466486200
3467301204
3467604935
3467715848
3467743438
3467745122
3468586761
3469479596
3470072102
3470567761
3470763506
3470938755
3474343298
3477795791
3481152029
3481261784
3481277014
3481772587
3481817532
3482284963
3482288589
3482400908
3483178633
3487172921
3488095546
348905464
3489140150
3491467891
3492384684
3493145912
3493789405
3494472831
3496492861
3498004292
3498831530
349911596
3500252914
3500837435
3500882929
3501830719
3502057520
3503217664
3503515367
3505628663
3505874473
3505926567
3506154844
3507030367
3507090044
3508279424
3509330774
3509475304
3509727331
3510688825
3510953875
3511811602
3513768369
3515295650
3515632665
3516604453
3517488075
3517519198
3519457875
3519780363
352230394
3522520126
352274608
3522952946
3523068249
3523302013
352361348
3524077496
3524181442
3525342740
3525378911
3526107956
3526785143
3527076795
3527992484
3528651595
3528683469
3529809302
3530747939
3530913962
35310025
3531376989
35333983
3533484736
3533949537
3534398285
3534818379
3534835118
3535254854
3536297443
3536379986
3536538857
3536711444
353705142
353741517
353746051
3539080383
3539913557
354026367
3540586840
3541368817
3541428113
35417992
3542459615
3542511626
35425467
354313874
3543317528
3544051947
3544071475
354407852
3544774761
354544238
354672979
3547584727
3547601561
3548065218
3549838488
3550829181
355267135
3554261585
3555885537
3556509680
355674883
3557219127
3560036674
3560174834
3561499331
3561979907
3562412106
3562886848
3563378699
35650437
3565436526
3565683109
3566337168
3566432125
3566814458
3567046336
3567088777
3568174057
3569242664
3569296967
3569313617
3569709699
3570828213
3571414594
3571736668
3571767790
3572702361
3573213266
3573798400
3573887361
3574019172
3576477250
357703420
3577516824
3577740637
3577884083
3578339826
3580466480
3580599838
3581275273
3582307767
3583612033
3583696857
358422232
358518609
3585694908
3586544441
3589275780
3589560510
3594757287
3595202815
3595458865
3595666213
3596465460
3597007224
3597104226
3598374721
3598385704
3598495153
3598842049
3599588639
3601740494
3602207864
3602544741
360279400
3603887085
3604349637
3605889463
3608340728
3608417451
3608783503
3608962511
3609573564
3609753365
3610385805
3611358344
3611482932
3611680429
3611986219
3613497127
3613927680
3614044242
3614098324
3614816375
3615748167
3616046255
3616263283
3617814206
3620710216
3621445970
3621668635
36217231
3621848605
3622754543
3624501374
3625002218
3626426030
3626489518
3626557824
3626778507
3627598344
3628118174
3628206169
3628378363
3629992660
3630957208
3631300075
3632482709
3632781612
3633170320
3633267453
3634480378
3635044136
3635182733
3635330401
3636501721
3636516649
3637342865
3637812745
3639252830
3639846285
3640130911
3640991168
3642766047
3643375458
3643619393
3645149137
3647679286
36485007
3648685316
3649499624
3649938013
3650020430
3650792277
3651591912
3653527818
3654567851
3655110667
3655454369
3655669288
3655755958
3656539742
3657099912
3658231398
3658561032
3659206162
3661094505
366158544
3661830370
3662560325
3662649605
366307563
3663638132
3664289406
3665872016
3666290778
3670259308
3671142379
3671232769
3671753880
3671843038
367272915
3673452527
3673990345
3675686657
3675688258
3676559199
3678268801
3679508806
3681540391
368199324
3682215357
3682855437
3683489893
3684530699
3684968406
3686136603
3688256944
3691968907
3693225611
3694736207
3695571281
3696546622
3697060648
3697083575
3697445178
3698204747
3699387586
3700134812
3700816764
3701092117
3701435211
3701672236
370230372
3702627470
3703111343
3703379574
3704040213
3706061192
3707287124
3708429816
3708795317
3710345156
3710345914
3710884452
3712518995
3713306065
3714064601
37141952
371465443
371498855
3718426767
3718545928
3719868387
3720271252
372252836
3722593628
3723427087
3723820495
3724103067
37242066
3728174073
3728517616
3729203839
3729563396
3729819651
3730910476
3731654973
3733633567
3734651927
3734762427
3735248515
3735684574
3736413229
3736634638
3737992303
3738217522
3740270856
3740742729
374107763
3742514035
374279325
3745523364
3746689196
3747108391
374718606
3747805108
3748262765
3749349359
3749433796
3749839572
3750003089
375071887
3751154435
3751593370
3751635893
3752875509
3753805435
3754054984
3755689698
3755726098
3756226538
3756791727
3757998222
3758334928
3760142512
376034912
376045760
3762403423
3762491733
3762515652
3765290468
3766171010
37663423
3766568379
3767779894
3769339713
3769982533
377150179
3772403844
3772479776
3772739460
3772769995
3772925941
3773324250
3773324995
3774077020
3776344767
3777513374
3777963294
3778712219
3778722858
3778897164
377894302
3781163827
378137324
3781744727
378193480
3782661077
3782759318
3784500846
3785018155
378572443
3786155915
3787558279
3788111999
3788606071
378880451
3789043680
3790912998
3791055124
3793462387
3793925696
3794260175
3794844918
3794998097
3797288503
3797613059
3797648968
3797821475
3798591010
3798830943
3799596807
3799994922
3800547573
3801371499
380321621
3803718693
3803741624
3804612720
380575794
3807325417
3807603394
38080163
3809632782
3810571331
3812139373
381283194
3812950774
381319609
3813540747
3814307326
3814363042
3814447032
3815504030
3815755240
3816870473
3816963385
3817255748
3817374932
3818600961
3820199654
3820583839
3821304056
3823227786
3824866300
3824940624
3827038316
3827611011
3827806971
38281915
3828934139
3829748041
3829993253
3830812790
3831738195
3832042787
3832133313
3832144046
3835647870
3836416393
3836907221
3837757574
3839289775
3840916716
3841496631
3841874445
3843588214
3844154860
3846181800
3846269948
3847238333
3848072699
3848327813
384950856
3850359898
3850946122
3850957252
385154899
3853704333
3854254447
3854451519
3854801622
3858165889
3859064367
3859740026
3860187647
3861149909
3861907844
3862274394
3862283669
3864927464
3865222215
3865271467
3867014399
3867097997
3869407142
3870638752
3872589884
3872925671
3873234282
3875499725
3876031783
387605789
387617840
387845503
387887260
3879059196
3879434903
3880675793
3881767620
3882384414
3883056948
3883064729
3883251877
3883841536
3885701239
388580339
3886712694
3887058602
3887641157
3888018538
3888206855
3888648030
3888798316
3890618484
3891929170
3892124038
3892505431
3892575325
389476190
3894847453
3895640492
3896432767
389756207
3898213890
3898263590
3898677086
3902217887
3903007907
3903802904
3905057534
3905328229
3905470905
3905649215
3906190417
3907378426
3907429254
3908081218
3909938675
3911204732
3911881160
3915065093
3915861641
3915870069
3916039141
3916159540
3918031178
3918592228
3919674968
3920075137
3921751629
3922764084
3922811478
3922818071
3923697109
3923954532
3924672222
392535881
3925751851
3925852218
3925874048
3926311078
392640874
3926662286
3926783461
3927226213
3927969265
3928914281
3928958283
3929055856
3929677902
3929891477
3931288917
3931410425
3931594237
3933029681
3934958264
3936213967
3936321641
3937954832
3938849086
3939058508
3939276217
3939291411
3939451081
3939617033
3939687706
3941124269
3941685761
3942194545
3942195414
3945602625
394600853
3946903650
3946998137
3947091734
3948835074
3949784763
3950768345
3951235994
3952203709
3952535441
3952863234
3953336005
3953643068
3954713464
3955004162
3955320862
395558684
3956819273
3957563804
3958607782
3959071166
3959472596
3959546048
3960600911
3960881472
3961816944
3963913157
3963964014
39642002
3964492457
3964541718
3965405764
3966233836
3966371090
3967786090
3968450894
3968689437
3969038397
3969226487
3969365849
3969486532
3970008502
3970181394
3970920718
3973440829
397393245
3974002590
3974238139
3974704294
397471758
3975729946
3976792982
3977468455
3977723193
3978267920
397830226
3979545295
3980834422
398125510
3982353773
398243027
3984992359
3985862444
3986099163
3986155599
3987003006
398730959
3987989931
3988300807
3988665959
399112858
39915642
3991618639
399195004
3992060257
3992173468
3992866814
3993540327
3993931386
3994144878
3994419452
3996385590
3996550389
3997733996
3997765759
3997934503
399807179
3998890277
3998952588
3999734340
399980643
4000191925
4000239287
4001043910
4001534307
4001846839
4001993795
4002255554
4003930283
4004042123
4004582538
4005509997
4005636992
4006694259
4006816257
4007960619
4008534156
4009050237
4010299394
4011425608
4011588393
4011874953
401230548
4013716949
4015477347
4016016150
4018315797
4018635269
4020098274
4022012860
4022460861
4022597703
4022943242
4022999901
4024124449
4025848119
4026185795
402868600
4028981110
4029528659
4029943597
403110995
4032029277
4032073130
403311210
4033939349
403417416
4035390869
4036243661
403677659
4038083694
4038499640
4039226817
4040499105
4040772922
4041104872
4041115425
4041169918
4043135323
4043565447
40438568
4046132417
4046960779
4049289340
4049616142
4049871727
4050809325
4051661307
405218260
4053141461
4053198011
4053576688
4053634698
4055020169
4055569467
4057600299
4057862554
4058233508
4059016811
4059457262
4059633420
4060635997
4061351858
406178480
406201612
4062062734
40627639
4062889038
4063253965
4066075912
4066169315
4066232493
4067160901
406860933
406862212
4068871193
4068919872
4070279546
4070489846
4071153642
407116151
4072470823
4072890676
4072929162
4073200630
4073910264
4074113156
4074502945
4074661672
407490571
4076928399
407868387
4078970297
4079285964
408044896
4081241997
408288441
4084394436
4084887632
4086048985
4087660515
4088041224
4088490982
4090252320
4090602041
4091468943
4092497885
4093209411
4094096869
409443461
4094708804
40950529
4095934041
4096076838
4096728955
4096792996
4097011857
4097072895
4098560203
409917250
4100772495
4101472823
4103125928
4104898435
4105124114
4105282922
4105386923
4106187339
4106754766
4106949792
4107346311
4107707263
410774892
4108845642
4109057198
4109335202
4109542033
4111701077
4112477920
4114307587
4114419230
4114780858
411499710
4115569958
4115777975
4116314043
4117236224
4118240181
4118391146
4118858469
4119051031
4120625992
4120705332
4120789506
4121749252
4122292776
4122340516
4122652585
4123784900
4124235838
4124320775
4124393638
4125234244
4126031033
4126537430
4127142011
4127454688
4127638395
4127802632
4128489104
4128697433
4130557968
4131166635
4131431003
4131495174
4132776814
4134424549
4134675340
4135952976
4136119260
4137698569
4138951555
4139111459
4140019014
4140315204
4141328776
4141954427
414284935
4143716608
4143879133
4144242641
4144559810
4144927375
4146189705
4146410483
4148246171
414904071
414907230
4149115144
4149766436
4150332312
4151550013
4153173125
4154010178
4155516008
4156035138
4156359102
4157563546
4158167448
4160704926
4161064819
4161564544
4162486417
4163198395
4163229807
4163930911
4164807772
4165271732
4165469648
4165572055
4166522052
4166583389
416718101
4167990621
4168838809
4169508043
4170453112
4170603880
4171227716
4173223998
4173692536
4174012303
4174352612
4176458723
4176621030
4176958694
4177426101
4178458107
4178477952
4178481951
4178625801
4178688417
417908983
4179542151
4181146427
4181714892
4182648897
4182725591
418328819
4184171773
4186072404
4186401596
4186698297
41867669
4188056156
4188079023
41881554
4188662831
4189219497
4189749681
4189876993
4190177358
4190431547
4192056500
419208902
4192145862
4192534807
4192665122
4195175494
4195926838
4196180783
4198124758
4198268250
419846487
4198737989
4200241315
4200753038
4200956246
4201067484
4201452620
4201916554
4202766621
4203180930
4203556174
4203642461
4205673846
4205863359
4206035864
4206995367
4207915099
4210328816
4210676218
4210802647
421088000
4211332203
4211745027
4212495241
4213431332
4214278877
4214675877
42148937
4215463721
4215646321
421677906
4218358405
4218487968
4219718816
421982144
4220127486
4220440045
4221056441
4221266223
4221528956
4221897044
4221942265
4222323958
4223558898
4224036108
4224088879
4224984785
422563799
4227837043
4229725060
4230098056
4232640733
4232667892
4233805868
4234005790
4234278080
4234692090
4235171432
423995371
4239968285
4240022155
4240388651
4240583283
4241388338
4241896925
4242718734
4244412100
4245764052
4246080883
4247897505
4249011692
4249773612
4250180226
4250373824
4250559467
4250693392
4250947629
4251320694
4251745749
4253002368
4253082715
4254323839
4254704380
4255566804
4256793475
425724744
4257509734
4258187491
4258336560
4260031014
4261561332
4261767911
4262663224
4262740803
426314550
4263965483
4264290840
4264963646
4266442121
4266755120
4266960128
426705077
4269599115
4270430419
42718305
4272741616
4273308663
4274291295
4274368809
4274838204
4274873628
427692412
427747766
4278291696
4278749585
4278930942
4280292057
4280552247
4280785385
4284173800
428429180
4285093158
4285237524
4286117771
4286499373
4287888103
4288158098
4288388928
4288863248
4289031781
4289145579
4289487418
4289897679
4290540376
4291705204
4291864194
429209646
4294130440
4294894827
4294959083
431310056
432169502
432211963
432471302
433219599
435050815
436519924
4373435
437863169
437963731
438623628
43868435
438753198
439226656
439813226
440491473
440628739
441483373
444169205
444468326
444941000
445286458
445591238
447238155
4479253
449524543
449648509
45080680
452286587
452420918
45329954
454308071
454443435
454827343
455926328
456006303
456663237
456852935
457184633
457380048
45751411
457938592
45863233
460209827
460649679
461007776
46188886
461951146
461970453
462682335
46315924
463168025
464582802
467584173
467781148
468116275
468344070
468664313
470349561
471172878
472749156
472961833
474826149
475898453
47698397
479038113
479353991
479943829
480713287
482535216
483620250
483756339
483795461
487950109
488355382
489737860
49006179
490203218
490801659
49087313
491558539
493127373
495025845
495595545
497053905
497410072
497515786
497824752
498688550
498854845
501221777
501384915
501422349
501537347
501642041
503149349
50340443
503603509
504804728
505368787
505831184
50603516
506230430
506775438
508606237
510658132
510921812
511042940
51142639
511725755
512102356
512436180
512893201
51476596
51506684
516093007
517101324
517316604
517783082
517838900
517884992
522415428
523618621
524352877
524583842
52479607
525048022
525514161
526142151
526355439
526949426
527036991
527609400
52787319
528314260
530887620
531740845
532747384
533273393
533658208
533972544
534180874
534512525
535313218
535335857
535909152
535956877
53721021
537475165
538645209
538967575
539921507
540202180
541359916
541455608
541749921
541759272
542973
543560929
545839167
547797680
547846614
547901125
548580725
54867937
551137582
552570924
554704082
555729176
556464406
558778857
561074935
561401181
56300127
563075975
563215013
563607445
56409405
564227179
564449458
568948529
56930135
570049524
570480405
570490882
571658347
572123558
575217469
575369945
576837330
577326314
577727077
578745947
579406672
579462121
57999546
583731721
583963093
58428098
584984228
584998337
586150061
586275188
587181780
587863988
587919380
58857362
588797588
588895785
589874780
58989723
590488215
590492094
590613025
590839004
591041644
591457827
592004836
592457818
592654568
593186203
59327164
594046564
59462366
595007902
595748882
596704005
597832511
599906592
600185793
600270403
602502973
602888170
604092171
604118847
607023231
608463068
60917118
609228034
609833964
609926523
610302464
612359127
613096203
613301600
617619067
617789106
617823278
61809813
618275142
618343962
619240650
620763971
62123331
624653748
625409086
625839853
62593618
626157045
626265828
626477543
627151426
6275058
628245544
628393677
628766124
629477338
630930853
631250292
633191702
633756952
634174545
635394959
635628075
638587230
642739315
643560416
643994839
646272963
646357442
646862688
646992858
647155886
64720760
647393429
648506480
648792636
651067969
653098026
653255110
654337631
655038511
655214444
655451103
655716177
655907722
656344224
65646166
656889580
658007086
658927505
659153159
659513537
659817021
660254516
662186873
663365065
663545740
664963002
665155674
665522041
667374498
66801569
669162497
669362159
670220164
670835720
67150278
671877241
673930842
674367139
674466945
675890833
675986269
676053601
67763842
678030779
678356489
678448450
678854198
679010502
679066100
67926974
681787030
683921723
68441426
686434018
68742685
687615479
688251765
688259318
688444587
688623090
689142311
689328475
691790894
691998444
692627509
694658265
694930889
696684229
699767792
70094136
70118234
701259199
701415832
702691002
703562048
705357693
706091999
707416864
707815192
708482993
709380371
71003698
710286224
710962323
711822696
712174270
713082724
714530815
71589920
716473042
716805312
717163510
71734732
718452843
718759110
719635585
722872186
723908887
724033441
724286780
724459166
72465257
725669164
725904246
727364243
727576239
72825207
729374522
729717319
731156850
731561877
7316814
733138890
733771304
734179902
734355663
734572646
73590239
736189945
736284045
737084438
739101076
73923997
74006338
741545870
743322527
743969073
746668131
748291657
748706233
749578948
750709731
750907149
752333852
754241945
754260355
754287261
754583559
754731575
754905816
755445970
755897807
756560852
756693405
756915959
757153597
757484700
758547718
76070475
763764948
764002862
764715185
764884518
765073386
767333629
768042647
768639731
769636678
770616934
770728275
771778832
772204213
772482465
773038719
773311076
774447832
775334976
779832845
780281417
780910857
782153143
782552683
782880132
783351448
78375263
784627400
785054800
785823513
786594968
787414964
788059159
78825335
790502725
791024758
791394243
79280275
793395632
793675494
796051697
796334173
799074284
800446702
801065920
801072450
801963879
802187528
802238134
802545502
802633552
803195191
803923472
804697049
805017545
805911055
806082790
806278691
806332985
807087064
807610450
808336
80995366
811317848
811347256
814051819
814408814
814551475
81853757
819197687
81984472
819950217
820209617
820801271
822510422
822811856
823305897
823434952
825309244
82806523
8286082
828898696
829378459
829452548
829501790
829893555
832522412
83483414
836321165
836980313
8379485
838219292
838549888
838640037
839067035
839695583
839733693
839949454
840022808
841336764
842583462
843772170
844185194
845014922
845606228
846988800
847877985
849400237
851211977
851516349
852001748
852545684
853058838
853481123
853992946
854238954
854460629
855248880
855870129
856527025
856805149
858574501
859445112
859555873
86015789
860372738
860422857
860726919
860752596
861649404
861725051
863237845
864186164
86427061
864406311
86458124
864961770
865731295
865937744
86620021
866705543
866842189
866931792
870197936
870470915
870495959
870797267
872109901
872291390
873156884
873862375
87462302
875522179
87635574
876807904
876919600
878210931
879568428
88028115
880948011
881517380
88184651
882165105
882896169
883203439
883237565
88364140
883777973
884041480
885103234
885475711
886867799
887450698
888066316
888150562
888938374
88901525
891188664
891287128
892965095
894768306
894833696
895154175
895954195
896113109
898184218
89986101
900269108
900657886
900999252
901853065
902730162
904793968
904849647
90631760
907240181
907746632
908473596
910147341
910166609
910336540
91097073
911495841
911505813
911527644
911642150
911909275
912211787
912391796
913736366
914348349
915266474
915310775
916085717
917050732
917245312
917544670
918297242
91841588
919185900
919337492
919609916
920167729
920696827
923370177
923391218
923520229
925004715
925532102
925933568
926037066
926052292
92628118
926997196
927319348
928053361
928491011
92882315
929473023
92982366
930674805
932130285
932176535
932574338
933491985
933619692
933846759
935146087
935219400
935546325
935734373
935886261
936133364
936187614
938233603
939021145
939956261
940028371
940033723
940278596
941078153
943699462
943774810
944213795
944490845
945144499
946614553
946796369
947065944
947284060
948065291
948557875
949019144
949117273
94922262
949815371
951121900
951548223
951694246
952360497
952469877
952529177
952533832
952836022
95304754
95306313
954532896
955398741
956434900
956529497
957217513
95800157
958655242
958760988
959548632
960087975
961014132
96102778
961096787
961414842
961939747
962117045
962201980
96268354
962806986
962868720
963177417
964754026
965169115
965402257
965541094
965589280
965859365
968068918
970715706
970797639
97130671
971953823
972733008
972736891
972920312
974790101
974847907
977369511
978030741
978150976
980137711
985072834
985586952
986209985
986801310
986921607
987452253
987834470
988912054
99050901
991161155
991652991
994167201
994168183
994283982
99449176
995182449
996012020
998663426
999706256
999866844
