1000106684
1001483513
1001715309
1004133010
1004983018
1005876922
1008045284
1009015899
1009227079
1010062099
1012520770
1015119588
1016558303
1016953076
1016996514
1019973777
1024787334
1026068640
1026870239
1028004127
1028834074
1030882840
1033332943
1036550209
1037164305
1039225511
1039522461
1039792962
1039820018
1039873271
1039955916
1040313613
1041164428
1042038095
104230712
1042532338
1042795746
1043345736
1044261473
1049405335
1049848729
1050164289
1050946928
1055346420
1057694122
1057837940
1060351145
1061843749
1062205907
1062497650
1062854318
1064259580
1066149191
1066461562
1066799933
1066804529
1067558518
106817411
1069088730
1069101466
1070446199
1071471082
1072766670
1073243239
1073764086
1077708138
1079319673
1079474073
1080046634
1080424167
1082486441
1083762497
108400386
1085071424
1085717205
1086032712
1086802894
1089324280
1090171373
1094407868
1094448672
1097414346
1098282630
1098433159
1098620902
1098679274
1099502244
1099593290
1100196844
1100215818
1100436
1100651572
110129584
1102363707
1103815439
1106657691
110793911
1108552530
1109830339
1111021149
1111911091
1114291714
1114578114
1115345165
1116566366
111804781
1118433465
1120339521
1125182616
1127835757
1128727922
1129081641
1130552874
113121300
113186223
113217050
113518013
113609230
1136456640
1137101988
1140212223
1141968660
1142328018
1146187454
1148333348
1150639212
11509882
1151963056
1152531921
1155943138
1156315785
1159535405
1159923745
1161173722
116661783
1168649204
1168926640
1169413096
1170924048
117093377
1171183825
1171587442
1172676128
117344989
1176269125
1178382914
1181566131
1181673361
118198611
1182868433
118365788
1185141018
1186774662
118850833
1189991494
119126191
1192031932
1192858756
1195258425
119836833
1198679270
119992981
1205286982
1205853102
1206104172
1207601821
1210163540
1210248253
1211198902
1211673347
1212418318
1214196692
1215633045
1216130620
1217131468
1218208418
1220098289
1220925270
1221927437
122195380
1223296992
1225901469
1226255067
1226642988
1229457127
1229643932
1230674395
1234929951
1236697517
1237396331
1237567781
123952189
1239894671
1242031928
1242503699
1243247730
1243410173
1244419865
1245772895
1245852223
1246074648
1246145081
1247353964
1252856173
125338595
1253618367
1255083310
125675896
1260646
1260999454
1261863469
1264328906
1264746187
1269126850
1269964458
1270546707
1270823767
1273359219
1274902582
1275104140
1276956006
1277135924
1279033064
1279357244
1279489873
1279590439
1279809697
1281042404
1283234294
1283626930
1286161887
1287212571
1288132144
1291652698
1292610167
1296153656
129648157
1297791886
1299132460
1299901943
1300208336
1301151142
1301976605
1304009232
1304152740
1307082642
130944730
1309725379
131162480
1312761050
1313072863
1313489834
1314457276
1315243131
1315847823
1317062385
131805300
1318966198
1319662941
1321357989
1327375129
1328144010
1328203297
1329005594
1330221714
1334162148
1334422433
1334603375
1334756557
1335272666
1336575808
13376269
1339355836
1339924987
1340512096
1344096481
1345690028
1348257145
1350617644
1351250381
135423887
1354452368
1354731301
1355696974
1356257540
1359332359
1361863868
1363472517
1365258341
1365379365
1366510762
1366766083
1367814490
1368660813
1368747462
137089955
1371281569
1372842139
1375823970
1376294621
1377904117
1379214738
1381160484
1382144394
1385586906
1386757530
1388593814
1389715236
1389963767
1390683745
1391124061
1391722821
1391724173
1392870002
1393158392
1393689084
139414924
1394682797
1395349587
1396439442
1397017401
139709408
1397368456
140073784
140140359
1401667761
1402112146
1403052138
1403067874
1403595032
1403761341
1404799592
1405099762
1409197539
1409261310
1409672664
1410065994
1410632733
1412072120
1413058063
1415249629
1415872463
1415989854
1420317703
1421373169
1422578397
1426895158
1428641592
1428910516
1429626339
1429877049
1429992024
1431516041
1433220914
1433244834
1433353446
143482822
1435010242
1435095251
143651319
1438240027
1439539001
1442987039
14430205
144373103
1443983352
1445436326
1451702326
145301907
1454849717
1458756079
1459476413
1460933745
1461349009
1465025633
1465185463
146625538
1469684862
1470681910
1472276782
1472940540
1474047278
147479449
1474821447
147636899
1476956050
1477910683
148209726
1482276162
148309925
1484753607
1485020293
1487250863
1488827838
1489434575
1490004712
1490812858
1493836665
1494090686
1494744196
1495167482
1495676333
149728783
1497870882
1499906856
1503409059
1504484317
1505091455
1506461227
1509486929
1510847375
1513335326
1515061361
1515841668
1516746027
1519406506
1519951516
1520551829
1523239108
1523549199
1524258592
1524365966
1524422008
1525125081
1527425861
1529552969
1530065623
1530258440
1534154499
1537264156
1537813433
1538403705
1540565873
1544692491
1545973729
1546846989
1547350648
1548469356
1549724497
1549833092
1550772282
1550830269
1551057075
1551363430
1553641938
1554646679
1557553532
1557685345
1557898602
1559123042
1560359000
156042312
1560505022
1560949684
1561899657
1562554035
1563997140
156485253
1566533276
1569800202
1571009604
1571980818
1572959879
1574081117
1575197051
1575626043
1575846742
1576948628
1578721577
1579298840
1580339551
1580729137
1583525172
158725114
1590019604
1593424732
1593935507
1594161815
160141648
1602026315
1606429206
1612674930
1612754759
1612997309
1613230594
1613709252
1614270060
1616116730
1617561566
1619580926
1620646832
1621965887
1622385961
1623544485
1623918533
1624093462
162571899
1625752287
1628509680
1629402183
1629532109
1630754438
163101869
1631344133
1632875651
163435407
1634865145
1635660207
1636311756
1639952267
1642875902
1643305596
1643306307
1643483167
1644399096
1644563239
1648625094
1651180288
1651335457
1653858036
165452192
1657062178
165794534
1658083500
1658547028
1660245467
1660487217
1660932875
1661399842
1662810782
1664069148
1667411635
1669028384
1673215378
1673833861
1674226699
1676514648
1676789354
1679898923
168027072
1681950873
1682973100
1683291172
1683299786
1683993319
1685171571
168656649
1688021673
1690349595
1690407859
1691222060
1695951660
1697845610
1699818281
1700600917
1701936806
1705111782
170607782
1706453397
1711283228
1711601411
1712798654
1715856470
1718230193
1720600700
1720859848
1720871229
1722584505
1723241370
172530420
1727938727
1728005487
1730478247
1731171417
1732917374
173329788
1733971429
1734454076
1734600312
1736272536
1738139592
1738361347
1740714973
1740826331
1744065606
1746342776
1746378485
1750399428
1750849441
1751302267
175185047
1752103755
1753703313
1753884157
1754007833
1759116745
1764181705
176553233
1766837176
1767214194
1768651583
1769288435
1769569603
1771867886
1772869719
1773201336
1777534573
1784238091
1786101517
178960696
1789869194
1790123970
1791912984
1793472747
1793970551
1794340808
1795118273
1795869838
1798271017
1798802615
18002279
1800713079
1801144552
1801333683
1801847812
1803384183
1805907795
180627065
1807014048
1808379115
1809365339
1810187887
181027945
1811774955
1812873781
1814457230
1816756330
1818758221
1818841292
1819020618
1821379495
1821439596
1822193727
1822400641
1824890525
1827234731
1828327207
1829519153
182981114
1830205047
1833347087
1833756248
1838749777
1839097882
184058894
1842241922
184466520
1844975834
1846265709
1846934342
1847346628
1853015338
1854890350
1858657954
1859116366
1861394618
1861889138
1863969949
1866426426
1866708894
1866733204
1867234096
1868229336
1868426105
1868784276
1869815140
1869974964
187154615
1872702998
1872917810
1873501838
1874324139
1874468405
1876610682
1876912040
1877336081
1879223494
1880740003
1880910847
1881607845
1883956783
1885716600
1887943959
1887996940
1888171144
1888998378
1889877515
1890253934
1890858888
1892038794
189230887
1893582497
1896450588
1901498538
1903696418
1906361036
1906970158
1907481315
1908176924
1909546291
191196945
1912096820
1912358505
1912425597
1912918639
1913014203
191586784
1916462919
1917313202
1917315520
1917953901
1918803320
1919489433
1919894692
1922266082
1923075676
1925341673
1926342577
1929013295
1929859474
1930974715
1931121954
1934338553
1934636290
1938942853
1942561881
1943168935
1944577182
1944799613
1946884576
1946947084
1948022945
1949058495
1951112553
1952063000
1953060415
1955413894
1956049574
1958985045
1959399214
1960145077
196158343
1961979396
1962182847
1963364715
1964309894
1965480658
1965975201
1966560873
1967217675
1968373613
1971460033
1972059731
1973784110
1974166056
1975097069
1976751584
1976918534
1979622871
1979979419
1980546310
1981044096
1981086612
1981667224
1982140559
1982510144
1982598281
1983767626
198384626
1985796711
1985871904
1986916319
1988601446
1989156056
1989513262
1991354389
199212442
1992323910
199235154
1994479701
1995395381
1997242416
2000851499
2001238592
2002897832
2002930770
2003149871
2004886522
2004940104
2006662254
2007323904
2008801465
2010419125
2011235803
2015513986
2015848683
201622100
2016273658
2017324682
2018635798
2021921878
2022524728
202408536
2025278028
2026214881
2026850200
2027276548
2027570703
2029610808
203160297
2031627686
2034488554
2035941806
203600676
2036190711
2038449749
2038973575
2039771477
2040413008
2041523239
2041567436
2042848599
2042975613
2044855996
2045044489
2046099465
2046853970
2050890753
2051266102
2051884664
2051985309
2054377084
205596319
2056546499
2058684483
2058871642
2060797818
2061051650
2062803086
2066067948
2067080166
2067817880
2068525031
2068529697
20692361
2071050149
2072083447
207335522
2074046916
207409541
2075022843
2075534949
208065510
2080689988
2080913461
2082887743
2083113819
2086565589
2086993028
2087087993
2088011168
2088187195
2088211976
2088735549
2089222177
2089650844
2093192424
2093353280
2095548611
2096386853
2096390864
2096408454
2096991267
2098608659
2100266082
2100657034
2101951771
2103074895
2103659410
2104197437
2104303799
2106975235
2112988064
2113073070
2113865182
2119070075
2121259249
2122517001
2126984827
2130385273
2130721253
2133007742
2135214452
2136349952
2138236772
214125056
2143077754
2145757727
2146270190
2146767427
214821136
2149813293
2150700134
2150845962
2151127758
2153286339
2156159894
2156302953
2156399664
2157290135
2158244640
2158325721
2159809130
216052226
2160933608
2162732381
2162749630
2163742912
2164555914
2168896346
216935075
2169587694
2170553600
2171350072
2172808201
2172994272
2176168210
2177410386
2181923428
2184533109
2184823828
2186138269
2189138245
2191270148
2191647273
2193592404
2194055935
2194398647
2195125847
2195349347
2195468327
2199354227
2199949810
2200480847
2201895532
2203285003
2204890415
2205998186
2206232046
2206429704
2206536698
2207000737
2209389936
221052053
2211667780
2213095905
22139367
2218915012
2219729953
2221291127
2229218066
2229550540
2229873330
2231745233
2233101121
2233174074
2233298146
2234381246
2235434086
2235914201
2238262296
2239672882
2241775975
2244650216
2246273572
2249519201
2250373512
2250520154
2250699127
2251848000
2254993398
2255113852
225827919
2259471459
225990367
226000763
2260154935
2261595016
2262218299
2266312263
2266322800
2266364770
226845478
2269810741
2270759647
2270822074
2271700454
2271752430
2271756066
2271906856
2272863667
227382494
2274852611
2276440658
2278754781
2278901308
2281299599
2282310330
2285706896
2286821510
2286836663
2288065806
2291475785
2292970822
2293887594
2294716133
2294868549
2296489088
2300212115
2303162274
2304974397
2305741371
2308659899
2311431100
2312535032
231462290
2316024626
2320714949
2322460251
2325684950
2326530096
2326894413
2328250838
2328356312
2330733697
2330973654
233250551
2333155730
2333405653
2334370879
2335062945
2335832900
233783287
2338572985
2338611696
2341013812
2342360046
2342981395
2343915627
2344221112
2345741306
2346383831
2346775995
2347387706
2349189145
2350380618
2351300500
235161573
2354773082
2356747031
2356767153
2358072934
2358155085
2358161952
2358326507
2358518472
2359841516
2360256879
236188789
236212165
2363586950
2364002449
2364353936
2366771830
2367906709
2368874001
2369668545
2371717928
23735298
2374630576
2376164298
2376305702
2378910975
2379434594
2379535840
2382600925
238439314
2384848102
2388301857
239228801
2394090640
2394639905
239604015
2396185678
2397209585
2399816347
2399931937
2401573735
2403890647
2405632699
2406067078
2407808893
2409643949
2410718197
2411243602
2413048219
2413176893
2413703443
2418585032
2419441441
241953937
2421025960
2421290196
2422437905
2423881881
2424511347
2431484333
2431739707
2433738759
2433744749
2434291350
2434478839
2434488711
2435109073
2435252240
2438730539
2441045585
2441626489
2442831677
2446264583
2448663953
2449105414
2449966352
245209305
2452856047
2453181240
2453421937
2457129951
2457229838
2457641182
2459745163
2459789251
2464304833
2464397600
2464730936
2466494707
246911334
2472843113
2472894857
2473551556
247367189
2473686790
2473858092
2473896188
2474429790
2476962850
2477446131
2478897460
2479419334
2479436146
2479743359
2484616967
2485215210
2485752255
2488194688
2488764649
2490391966
2492041887
24954367
2497651617
2497782185
2499293345
2499974660
2501749037
2504487575
2505063035
2505200544
2505279414
2505495274
2505861455
2506682778
2508467252
2509605660
251125338
2511542304
2511606034
2513888508
251518656
2517678507
2518577707
2518997596
2520037152
2521372677
252179849
2522298273
2523275465
2524825970
2525018770
2526929187
2528295203
2528356521
2529261744
2529654834
253097008
2532013601
2533093359
2533097562
2533695196
2535403993
2535827303
2539055929
2541420091
2543031734
2543920231
2545182924
2545324262
2546844854
2548926249
2549277454
2557087013
2557221268
2557550617
2557970673
2559420714
2562426308
2563639754
2567854587
2568763875
257020723
2570464156
2570583025
2571476043
2571722497
2571985432
2572983194
2573219441
2573340087
2575278511
2577197373
2577431322
2578469493
2579862800
2581044256
2581591075
2582377327
2583997030
258419935
2584573279
2587489972
2588016493
2588155805
2591300157
2592461057
2592899661
2595416203
2596318918
2597942475
2600212668
2602722871
2603508971
2603612594
260422589
2605076833
2608893812
2609860925
2610602476
261128513
261307258
2613100342
2613730818
2613911129
2615031155
2615307327
2615309845
2617923203
2621513980
2622772969
2624044544
2624324120
2624823633
2626745813
2631042875
2632028137
2635143781
263719090
2637453833
2638089262
2638880852
2641458245
2641992089
2642816239
2645277778
2646535878
2647309736
2647943288
2648419638
2648713454
2649639527
2650072420
2650277151
2653746379
2658025494
266007024
266008052
2660610815
2661788439
2661936788
2662076609
2664326791
266433667
2667282132
2668600283
2674753788
267501245
2676135867
2678182718
2678236723
2679672721
2680610171
2681745249
2682230759
2682964682
2683804502
2683827732
2683969491
2686107546
2688457476
268994344
2690338828
2694173693
2695025530
2697164342
2698228721
2699508643
2701125141
2705602202
2705777929
2707081236
270742127
2707849291
2708186416
27085419
2709354701
271198131
2714139338
2716267915
271642826
2717121807
2717452879
2718462790
2718948552
2719389113
2722264336
2724968368
2726448892
2728362618
2729661765
27304362
2732052800
273293395
2735464660
2737811517
2739758085
2742777638
2745226887
2745543502
2746207123
2747691156
2748573343
2748897317
2751182178
2751933574
2753026705
275318406
2753984504
2755497638
2757060842
2759112769
2760365685
2761927336
2764111706
2769738210
2770143207
2770688748
2770789543
2774716912
2775509295
277692664
2777523208
2778587511
2778962957
2780305287
2780542901
2781584083
2781969138
2784930160
2784972826
2785794867
2787855322
2789894381
2790312000
2791037018
2791259453
2793646343
279424875
2795454871
2798433354
280112088
2801286677
2804920567
2805346065
2806726724
2809360202
2810740196
2811407811
2812661156
2813000910
2814182280
2814545826
2815242752
2817902916
281881699
2819865144
2819884779
2820492154
2820911657
2822774321
28235883
28247887
2826655073
282686409
282704727
2827523097
2827597151
2829721521
2830826790
2831418450
2834358002
2840793674
2842905304
284369237
2845230540
2846012367
2846590414
2846868050
2848843430
2849007643
2850595971
2850909823
2852963942
2853872047
2854733867
2856941573
285835445
2858495418
285858161
2858802018
2859301867
2860655222
2861357915
2862125868
2863348946
2865636090
2865754585
2866167907
2866194453
2867619481
2868257785
2868562018
2869261854
2869884976
2872077612
2873828665
2874617177
2881365371
2881743992
2881938893
2882629402
2883245878
2883849531
2886140797
2887448944
2887482604
2887501583
2888400732
2889562787
2889587163
289177990
289203228
2892160141
2895088755
2897855612
2900236087
2904561467
2905633258
2906618164
2907343767
290784228
2912326662
2913751322
2914530309
2917589908
2925117392
2925150342
2925818836
2926771419
2927525700
2928902470
2929270829
2931733408
2933494209
2935402607
2936467419
2936810895
293718982
2937389891
2937940830
2937954273
2938739672
2939753444
2940668963
2948213299
2948719309
2950227290
2951415285
2954136432
2956255506
2956537514
2956747982
2956998473
2957775237
29605223
2961074270
2961341235
2961680083
2964858477
2965928974
2966373501
297057013
2970920257
2972055993
2972198742
2974594740
2976403414
2977473830
2977916183
2978399622
297886387
2984533499
2984646462
298625901
2986819059
2987829403
2988938039
2989162893
2990779871
2990851336
299240575
3001251699
3001674682
3002609629
3005142178
3007266859
3009377595
3009773353
3011348839
3011896633
3012534035
3015312146
3017723985
301783310
3018044583
3018353787
3018536121
30203066
3021103982
3021607695
3022299540
302261179
3023197039
3024211628
3024533236
3025057469
3026013251
3027063593
3027982178
3033791999
3034380811
3035506939
303604954
3037164668
303723813
3038180660
303917631
3039990497
3040513096
3041092242
3043901444
3045009485
3045288546
3045342530
3046560359
3046868733
3049217581
3050955318
3051020272
3051394440
3052680938
3053253683
305417243
3054879075
3055152752
3055667599
3057121817
3058332846
3058959239
3059216045
3061824364
3062408579
3065264494
3065738565
3067342194
3070603180
3070958985
3072859834
3073031656
3073266383
3073465039
3074450517
3075849072
3076292703
3077913488
307913662
3079145816
3079216188
308103189
3081334208
3082904362
3085563974
3087107899
3087118387
3087236845
3087359370
3087471585
308759094
3088095937
3088402232
3091543333
3092144746
3093719452
3094433036
3097380104
3098053731
3098569588
3098695915
3099060913
3099076487
3099093517
3099340662
3100362132
3100677115
3103434325
3107341922
3107527618
3110998215
3111020719
3111212649
3113328702
3115563174
3116914114
3117697119
3117933999
3118891962
3119724869
311988066
3121552165
3121582471
3123060864
3125734962
3126136597
3127258685
3128097265
3128952223
3129688426
3133417893
3133745881
3134698857
3136403329
3138138305
3138501137
3138774910
3140129968
3142748073
3142839334
3144510851
3144816287
3150764038
3151968337
3153192352
3154274286
3154323714
3155444419
3156431118
3157168158
3157377429
3157769474
3158392288
315852061
3162966036
3162968463
3164064048
316426381
316732556
3169666120
3170019529
3171374900
3173733337
31751507
3176452290
3176962469
3177710365
3178049277
318016300
3181048811
3182183036
3185195885
3185803430
3185879506
318620784
3187188235
318720203
3189034198
3194305067
3194382096
3195077711
319532474
3196970159
3197871331
3199861339
3200913563
320178713
3202349246
3203231492
3206095473
3208463776
3208508198
321024996
3210759054
3210873474
3211132838
3215619233
321759878
3218039325
3219156290
322218821
3222899488
3224666117
322527390
3225649837
3228357712
3228819215
322884194
3229716740
3231909506
3232081358
3234605407
3237389839
3237666017
3239011842
3241225108
3241529452
3242445569
3243551147
324739065
3249659751
3250512508
3250559072
3253137776
3254462000
3254607687
325703087
325854065
3259532598
3260745485
3261191949
3262449635
326403090
3264777915
3265957968
3266249441
3266746485
3266776736
3267747938
3267795289
326793982
3268875666
3270289026
3273996521
3274344768
327743238
3277852745
3279395804
3280863617
3280954619
3281136400
3282332530
3282823503
3286813634
3287228035
3287935345
3288059387
3290998377
3291098975
3291583531
329187978
3293450039
3293680225
329720035
3298698718
3298808829
3300513494
3301897807
3302101247
3303612947
330540044
3306147280
3306436196
330980427
3310426272
3311204435
3311858344
3312219438
3312762982
3312813248
3313263798
3313546317
3313851710
3314118196
3314501735
3318124163
3319456496
3321645727
3327294793
3328894834
3329666870
3329720462
3330518013
3331680060
3332160246
3332464131
3333531067
333446340
3336194264
3336582057
3337212688
3338137556
3338577527
3339879060
3341903381
3342088057
3342099440
3346101695
3346578291
3347270055
3348007588
3348323327
3350486745
3353792198
3354307985
3355047809
3355692738
3357591060
3357898054
3360155035
3360744550
3362154597
3362667069
3363207919
3367778439
3369006313
337074456
3371320737
3373330915
3373837107
3374597223
3376633067
3376743334
3376932412
337755957
3378269416
3378836652
3380259947
3383560417
3384691267
3384720622
338759355
3387841143
3389595998
3391638715
3392018345
3392256709
3392750768
3397258452
3397816489
34017906
3404169301
3406444618
3408642296
3410031256
3417279327
3417293073
3420125226
3420313105
3423508040
3423745275
3426989953
342736512
3427527469
3429521674
3429583780
3430218106
3431062854
3431405029
3431985188
3433110625
343329934
343410292
3434775277
3435150667
3435621673
3437736
3439146861
3440020132
3440119601
3443406327
3444233245
3446784698
3449226336
3451031062
3451368994
3452354793
3452643995
3453025202
3453562380
3456106481
3456207580
3456518310
3459066385
3459437423
3460155751
3461271544
346326393
346484293
346499676
3466161422
3467743438
3469796475
3471019845
3471693891
3472017558
3473262289
3481261784
3481313473
3481898130
3482284963
3482400908
3483178633
3484813140
348682228
3488891959
3491467891
3492384684
3493895799
3494736616
3497228937
3498522109
3499194680
3500105772
3500252914
3501022268
3503217664
350347077
3505167083
3506391991
3508961500
3509148651
3511207062
3511606739
3511811602
351238271
3514717048
3516508266
3517488075
3521351374
3523677552
3525078369
3525357571
3529107090
3529117064
3529343128
3530913962
3531376989
35333983
3534398285
3535254854
3536379986
3537390225
3540045181
3542493030
3544774761
3545184504
354573402
3545780237
3547800388
3548541376
3548727755
3550270218
3551269184
3555567991
3557219127
3558777804
3562354686
3562412106
3562767056
3563700479
356399821
3565683109
3566104666
3566820965
3567088777
3568073560
3568174057
3569296967
3572291527
3572421625
3572760793
3573213266
3573798400
3574275666
3574940642
3576477250
3577348743
3580891745
3581117769
3581407544
3582539106
3582873262
3584080242
3586378606
3589275780
3595528276
3596301072
3596775723
3596988462
3597007224
3597635435
3598374721
3600464206
3602544741
3602699015
3604349637
3609815797
3611726723
3611871113
3614733091
3615635001
3615992773
3617748661
3618143158
361817490
3621668635
3622530491
3628206169
3628764473
3629171049
362920333
3630219778
3630713602
3631285458
3631300075
3633267453
3636501721
3637014088
3637625436
3637835674
3639252830
3639278007
3640130911
3640226765
3641542992
3642158576
3643025780
3643375458
3645837478
3646887077
3647679286
3650000359
3652841185
36538159
3654614207
3655605116
3656511946
3656539742
3657620292
3662400568
3664289406
3665480032
3667319089
3667941511
3668901174
3669621501
3670087639
3671677964
3673452527
3674808334
3675132253
3675628846
3676520254
3676559199
368005743
3681679807
3681717379
3682164225
3682372767
3682475131
3683005405
3686136603
3688721271
3688920248
3689593509
3691017237
3692944146
3700226043
3700378451
3702323163
3703006442
3703379574
370497096
3706061192
3707287124
3709300223
3710884452
3711099789
3711895305
3713739304
3716994506
3717352875
3719868387
3720379973
3722148498
3722518203
3722599530
3723846831
3723943495
3725926565
3728174073
3728354765
3728517616
372865015
3728746505
3728948069
3729096970
3729203839
3729665007
3729819651
3730270971
3732031645
3734071748
3735222359
3735282321
3735753380
3736576009
3736634638
3737975999
3738090824
3738856041
3738975435
3739232200
3739243475
3739310330
3739631108
3740742729
3743457736
3748166716
3748225558
3748554725
3749433796
3749764882
3750182031
375071887
3751567365
3752875509
375392133
3754475584
3755912336
3757998222
3758136741
3758334928
3760249852
3760611866
376282777
3763253761
3763260346
3763332785
3765574543
3765977185
3766998098
3767202843
3767213073
37673231
3768303323
3768427649
377013903
3771414308
3771417347
3773144973
3774677355
3774891351
3777867919
3778043173
3778663981
3778897164
377894302
3781163827
3781219229
3781744727
3782924199
3784184775
3785018155
3785412743
3785429905
3787558279
3788218831
3790129904
3790620873
3791683771
3791855094
3792628529
3793925696
3794021582
3794260175
3796642275
37972469
3797613059
3801371499
3803472386
3803472706
3804112347
3804683986
3805815675
3807855257
3808093338
3810835449
3810886014
3812022580
3812139373
3814363042
3817004164
3817255748
3817423775
3817769459
3820060842
3820975218
3823227786
3826825928
3827038316
3827611011
3829226545
382925906
3829794664
3831066160
3832133313
3833351960
3835173534
383825926
3838473710
3838950404
3840232881
3841562886
3843071131
3844486495
3844502773
3844725616
3845602672
3845926878
3848308910
3848327813
3850220010
3850359898
3850513349
3851475283
3854076740
3854458115
3854619355
385618404
3858791553
3861149909
386158944
3862283669
3866333351
3867362569
386763667
3868217297
387012972
3872925671
3874254493
3877995686
3878023971
387887260
387979704
3881465374
3885478826
3885949707
3887178930
3887641157
3887919079
3888142855
388926577
3889809295
389163169
3892967748
3893772852
3898049010
3898244948
3902079154
390318684
3903802904
3905470905
3907122700
3907124651
390731505
3908807873
3909019530
3910507687
3910763768
3911204732
3912517413
3914361407
391529299
3915297603
3916661788
3917383779
3918527788
39187260
3923129701
3925061536
3925455484
3925852218
392678233
3927199199
3929122914
3929677902
3930076892
3930139602
3930398679
3931933905
3932308129
3932550501
3932888457
3933373883
3935365427
3936213967
3936321641
3936935752
3938485060
3939058508
3942663681
3945190935
3945198430
3945602625
394614690
3947629912
395043315
3951235994
3953643068
3953930501
3954585093
3959472596
3960062003
3960921660
3961816944
3964541718
3965437430
3967646724
3967949612
3968158318
3970427977
3974686653
3976902648
3977055519
3979396170
3980704283
3980910738
3980936332
3981111035
3981342212
3983663709
3983781426
3984028422
3984233753
3984992359
3985950540
3986334820
3987124474
3988300807
3989695764
3991528897
39915642
399195004
3992896402
3994297032
3994419452
3994649511
3994658986
3999082808
3999849939
4001993795
4002519426
4003364039
4004861319
4006039346
4006594287
4007412439
4009870937
4010872820
4014691453
4018212702
4018635269
4018706151
4019771057
4020801063
4023983820
4026888216
4027601693
4028981110
4031289248
4032038585
4032963091
4034968409
4035327552
4035576198
4036243661
4037439317
4037592401
4040487343
4041721300
4042695858
40442875
4045866705
4046376228
4048242978
4049616142
4050474123
4051661307
4054078565
4054775303
4055088480
4057600299
4057862554
4059335381
4059457262
4061414592
406178480
4062823079
4064743067
4064967250
4066637396
4066774046
4067832
4069849740
4070279546
4070387648
4072662731
4075630802
4076120940
4076846343
408350538
4084394436
4087528775
4088522882
4090602041
4090887390
4091468943
4097653972
409917250
4102004847
4102941145
410341540
410373351
4104910622
4105748357
4107374315
4107650526
4107999328
411042445
4112302909
4112659988
4114307587
4116210528
4116383250
4119330343
4120524515
4122652585
4123285992
4123551801
4124401438
4125472632
4127638395
4133262337
4134152722
4136025984
4136587484
4141284954
4141954427
4143011631
4144440090
4145351910
4148597072
4150923365
4153100858
4154602288
4156166954
4156358874
4157511249
416041357
4161159557
4161594732
4162895714
4163229807
4163930911
4163950750
416718101
4171936351
4172308629
4174352612
4175208867
4176458723
4177766925
4178881633
4180897081
4182381168
4182730050
4184586396
4187261415
4187494987
4189652437
4190134199
4191082268
4191608644
4192665122
4194685275
4195621099
4197776995
4197908401
4198408495
4200753038
4203556174
4205320095
4205673846
4205779711
4206511769
4206904358
4206954486
4206995367
4208838480
4210718153
4210922316
4211282761
4212098551
4212509937
4214882416
4215010450
421587244
4219628640
4219634246
4220048563
4221056441
4221391526
4224088879
4224985011
4227457347
4227784648
422817460
4228193926
423063971
4232667892
4232743428
4233805868
4236185005
423722719
4237430436
4237444014
4238548665
4238866018
4239968285
4243494726
4244050233
424554326
4247478088
4250071976
4250693392
4251533958
4252203163
4252381668
4254940939
4257111944
4257249731
4258592764
4259805425
4259961390
4260006121
4260410290
4260854327
4261039145
4261233966
4261767911
4261904425
4262666124
4264634429
4264764637
4267879621
4267937242
4268326914
4270763915
4272741616
427692412
427875891
4279544499
4281206079
4281522285
4281741137
4283613957
428429180
4284955519
4286547564
4286841683
42879708
428837907
4288851944
4288863248
428994811
4291279294
4292268689
4293236996
4294796690
4294959083
429646446
431310056
432211963
432432786
433193039
434735677
437863169
43868435
439058301
440146975
440280268
442334924
444703566
445355200
446739441
448155205
45007378
452013230
452330493
454325171
454536528
456006303
457380048
464224379
468006514
470349561
471893508
472192096
475994321
476231678
476367258
478575967
479389066
47953290
480441532
484092342
484873507
485036177
485193111
486075804
487950109
489251393
489304915
490095313
49087313
493109461
494745660
495171803
497515786
49752298
497655481
497877189
498995363
501872660
502564234
505153922
50546842
505811593
508606237
509349163
510658132
510881670
510921812
51300640
513672792
514380772
515288049
515764865
516776374
517098029
517241460
517249437
517266758
517316604
517991317
518732835
519600208
519783697
520510712
522926798
523853667
524866279
525541398
526115634
526944162
527780962
52787319
52849730
529223243
530887620
532627035
532747384
533273393
53566680
538637923
540124315
540188972
541359916
541713992
541759272
542973
544670159
545839167
54749791
547662038
551739610
554479190
561722406
562057605
563075975
566519948
568330384
568460039
56900338
570049524
570831831
572068823
57233159
575369945
576261323
579742361
581006390
582796187
584123680
58428098
584362996
584984228
585191288
587916896
588460167
589874780
58989723
59043081
590613025
590839004
590861614
592308154
592654568
594270399
594775144
595007902
596978927
597259768
59731194
599884004
602239839
602520245
60266860
603797252
605132090
60589200
606400713
607274138
608137326
609228034
611567542
614416416
616442537
617619067
618275142
625124155
626147226
626353057
626477543
626992675
627955566
629477338
633756952
633801256
634116694
634138601
634174545
637174667
637949442
638731186
638750650
642199140
644055325
644637897
646272963
646424074
647488055
648637819
649921268
650923870
652082992
655214444
655716177
656889580
657138600
660254516
660778874
661416511
662355514
66340098
664963002
665029007
671896580
673459106
67463807
674994023
676675537
677297155
678657502
678854198
680228799
680450271
681432039
683009685
684438209
686131162
686562232
686567208
687289121
688251765
690341133
691790894
691998444
695909825
696064809
697965936
700642857
702489135
703448518
705082543
707754932
708176618
709380371
710297552
712597839
713082724
715790312
715797967
716929294
717163510
720500180
721800393
723612473
725464964
725669164
726240128
727313508
729332686
729374522
729717319
729877787
730144653
733612646
734572646
736553939
737607088
737611083
739073953
739700790
74006338
745382064
745514385
746434361
747671144
750236630
750677609
751601334
752027024
752366536
752783174
753379889
754241945
755897807
756069028
756915959
760037571
760501997
763004617
765810886
766283816
768938457
769420767
770164892
771778832
773311076
773328095
774447832
775799041
775817215
777658109
777872900
778490924
779471167
78265802
782880132
783614212
783837018
783884358
785545589
785823513
786729486
786953448
788040926
788188479
791836399
79280275
797207769
800427499
801072450
803916139
804252938
806420129
807082549
807610450
808279679
80995366
811317848
814408814
815654669
815786758
81853757
818912023
822002815
822779116
824584008
824736344
825564370
826399096
826577087
827475575
832484326
832522412
83483414
836119546
836244697
8379485
838165552
842583462
842618497
844670188
846346824
846988800
848326725
848756975
849400237
850950862
851002251
851338747
853181498
853345448
853992946
854882998
856252778
85720317
858091450
860372738
860752596
862454305
86427061
865147582
865153526
86620021
868205910
870197936
871059321
873302584
873718029
874669476
875522179
875619808
88191469
882431781
882870608
882896169
885103234
885109137
885393254
891592646
893251467
895095708
895937258
896113109
896962106
89986101
900445136
903283738
904309547
910115808
915975584
916030779
916343928
917632537
920167729
922370498
923520229
926037066
926730470
926950066
927202169
927233074
927319348
92882315
92982366
930444088
931572416
932130285
932491045
933478207
933507910
934729059
934814893
935146087
935202554
936307462
938233603
938690467
943657083
944490845
945017618
947025659
947705061
948346369
94922262
950441089
951028988
952101420
952533832
95304754
954565648
954810026
956184348
956434900
957515400
958655242
958760988
958815900
959089212
961939747
961971371
962224090
962806986
965169115
965283115
96838275
970904299
97130671
972956144
973417762
976241362
977978350
979559388
980137711
983060984
984497419
986018391
986921607
988676063
991063577
993416094
995773545
996330899
998917426
999305831
99933613
999548355
999872261
