1030548777
1103516962
1258789650
1262021866
1279825020
1291402119
1481263549
1501431003
1527957571
1595272712
1698409994
1720618817
1801061771
183285160
188053711
1925547480
194606184
1970390564
1973296888
2017159791
205523232
2073185791
2106421946
2190670532
2246433906
2274084671
2277495314
2299713099
2369967602
2450173010
2453535238
2473994480
2503187909
2528924140
2615510134
2654474691
270260962
2716907752
2724670396
2767510400
277854493
2880951609
2931038681
294433858
2979340185
2995808768
3027338319
3096625956
313270630
3144871701
3168523810
3196228864
3212843395
3244066689
3244541116
32533267
3268798259
3285626158
3328020341
3328293418
3364018938
3386334860
3393172111
341641661
3441241109
3446944478
3641667980
3643077607
3719455904
3755880461
3773240425
3791827318
3826536878
3829892322
3934869403
3939788072
3943132517
3953827687
3976545272
4073937884
4087325547
4132808105
41554159
4199870397
4209339935
4216552858
422532377
4225369121
4249327498
454786350
500813856
55089041
572215820
587312965
591452844
599093480
679137321
686676965
732322205
746053047
818982316
826275778
911819434
994457579
