1101604594
1162081928
1163912026
1177221143
1227870393
1246383499
1264494824
1273284994
1313372001
1332321200
1414112471
1475221315
1539875472
1553623841
1569171363
1642213715
1793815256
1889482101
2026768635
2034951064
2048753083
2125638071
2129565122
2156753137
2239635849
2242861745
235561896
2388516111
2411809297
2439634465
2551751018
2745015119
2760020634
278574687
3031113972
3039366676
3057657280
3065979704
3157898551
3318342579
3319280806
3325563814
3327015907
3351798761
3414402797
34636180
3904427134
3910995840
4006981723
4033356768
4044865962
4076936154
4148735197
4149230952
521471149
525283861
527202726
534508431
660407618
811557181
854531557
916834467
