1041128892
1081639120
1124509052
1145134209
1173024770
1194842031
1200348986
1254374646
1254949060
1254962666
1266357760
1368704243
1415741813
1451472595
1452453340
1463782975
1476038231
1481580863
1568452489
1654560026
1767791399
1876680
1907948643
1968151914
1972140595
1977185571
2079938034
2088543753
214166202
2189585833
2210540165
2212490463
2266983343
2332652147
2384613589
2416318458
2419744941
2468444078
247343353
2484231995
2499691419
2518047066
2609259377
2625401020
2709235365
2757766150
2794358230
2800086239
281137662
2842173629
293568728
2945243590
2970594977
2995524648
2998749853
3053365666
305573426
3073014824
312679199
3139893395
314305426
317154324
3222017828
3285110958
3399603577
3472724123
3512772465
3543685905
3550485003
3583203541
3694622270
3705809114
3760646215
3782816957
3855455713
3856453002
3919743559
3980111353
3982918605
3985664560
4037888267
4118563813
4189328981
424002842
430861774
459197804
50114447
536858682
555831996
567034395
648502261
790100247
842263105
848508385
881626142
927435828
930579343
991050622
