0
1
1025
1036714463
1077089170
1094844895
1107558639
118096351
1206976991
1224802783
1248199135
1452802527
1483407839
1500119519
1554448863
1586168287
16778241
1701904863
1727310569
1746206899
1773666783
1777009119
1798832607
1812005043
1830224351
1831469535
1908670763
1912471731
1931346399
2041774559
2068775151
2152923615
2189426927
2255552991
2315846111
2633040351
2718761139
2809332191
2828009651
2893807795
2930835935
2972295482
2986607071
2994340019
3011903667
30147039
3024421163
3044804770
3078750687
3146645983
314769887
3149889972
3162767839
317522399
3205930904
3210609119
3221560349
3240493535
324862251
3347710431
3421569503
3444376031
3544252895
3546153439
3589211190
361169375
387776991
3997368799
4039901363
4056219947
4062052831
4107141599
4151955724
4198302175
4266000863
427229663
444924383
461570527
466747871
479
730989622
775422431
825557471
851050975
868483551
986448351
986513887
