1004165804
107743428
1091333058
1100996138
1111933924
1146028440
1194999198
1197628515
1222305478
1320050140
1321444727
1358525109
1499603557
1514140718
1520548926
1528521882
1543241326
1544294003
1614251928
1723865006
1744685367
1816513138
1865319716
1915412378
1957552028
1980151030
1983672173
2130437668
2138656669
2299405670
2312670418
2357554287
2359811689
2437285896
260105239
2616439867
2630567308
2695934325
2705884761
2716729207
2720004579
279222746
2806483486
2892750379
2894228005
2990616736
3022846593
3189519826
327777817
3285208648
3466082319
3515271888
3528450425
36226351
3647184363
3648770774
367463078
3682223432
3697501390
3717197438
3731220784
3771102567
3806032881
3848656128
3881457774
4005748369
4272257376
462488610
469151113
491560472
511273689
518665758
590518643
633595730
635593241
701039204
741850312
809170420
867389791
930399330
934155529
945641819
