0
10
1024
1052391868
1135428582
1135428713
1135436976
1135459593
1135513361
1135558511
1142776916
1142823506
1142928689
1143096088
1143172182
1143225777
1148985095
1149080395
1149088858
1149147340
1149205169
1149233231
128
15
1533565014
1546
1567526596
1817161309
1855865834
1883515968
1929706037
1967947084
2104468531
2181947990
2301578646
2335345319
2352434032
2542844771
256
2632164693
266
2696531657
2759910933
2837261231
2981458086
3114854344
3205930904
35
3729300129
3793915962
3999791858
40
400
4277166083
5
500
506570095
55
739875296
768
773097888
