100875051406163
102308307098349
121887184434695
128452468495240
146915215408153
151209266863757
153837886887590
168386587758044
177657403236139
179066235954789
180080510499714
181975655761964
199913106430616
204382305466942
237045261108147
244781460093210
247307343226476
251109157850429
261469339482311
264862837814780
273280814150871
278235724623874
279144760916257
33705437124422
33904282917986
44977848556318
46024228006080
47263650963868
52458724667838
79012886711021
82550326408501
95319508208338
97528821911698
99247825139481
