1054188222
1116878229
1177076931
1180342054
1249208503
1327865465
1359567040
13615044
1384526699
1469679325
1521180003
1565867786
161388534
1616174305
1634082001
1655994074
1660879959
1717278597
1726130923
1760573720
1783811852
1802161176
1802659223
1826451505
1854097304
1871610878
1871896536
188642705
1939418695
1968957888
221875596
2365749358
2579062843
2624728486
2638078809
2640751375
2665306691
2724151953
2743051742
2895669958
2912640469
2953183551
3046314552
314494391
3231664561
3237360709
3312492235
3340992721
3402634608
3433192670
3455530670
3460606129
3461555049
3605477204
360722502
3636553421
3711430557
3771076340
3783114403
3789445879
3793018222
3795022970
3803147604
3826872458
3850801277
3888356142
3911794430
4118994005
4144585849
4187763874
4209471139
422143877
4227569135
4261320078
4271421992
48456070
500086715
508226549
523583913
533936329
538928414
542772174
618835505
796287165
839834429
887967289
957450567
986920957
