12257833910516
16494597365933
169114432793865
178260271529836
17846617758558
189524088509620
190053820672256
191614708518213
204839759930868
204949489755522
220398115917077
221775279870184
224449706740611
226080613632848
229956893042153
238895370010460
245536767246282
248811416008128
253921026298089
266883216789565
270075915579351
30627001789566
31492470253975
34478552606856
37930236595621
41059346163049
45652861835121
55472549818509
66430641600842
67564581378988
68042286852995
7369210853934
85653154948154
91421125497698
98000544411547
