1017136852
1035467186
1099350603
1136774076
114117033
1187795184
1218421004
1245062997
1265235079
1318863850
1352943283
1389398062
1605713343
1633960559
1750387340
1773703128
1847021336
1879568404
1893127985
1943600123
1969883587
2021853981
2040558965
2062258541
2104590186
2116660878
2149866022
2190519346
2193810095
2215067083
229670264
2353688931
245743864
2493361975
2534663586
2596389229
259772833
2695260477
2754662899
2755364424
2794304052
2805847010
2813308563
2896407556
2917157093
3091781083
3127430815
3188951110
3277486566
3304866336
3340199535
3348685904
3444862381
344850159
3476070854
3618995938
3656490647
37357981
3773127357
3895692903
3947537901
3999787273
4064020830
4110377385
4127334800
4146556857
415297003
4196876232
4205644979
45344267
46833537
519972482
603487635
674427352
743087484
85610548
923798257
994194559
