1029135607
1069842337
1108563326
1230697004
1246211869
124657890
1267306949
1316141058
1384904478
1448450364
1601373978
1839584557
2016059560
2028839322
2029302431
2069962589
2248408019
2251477505
2317008824
2345100984
2371254706
2503400343
2552477325
2565731405
2569003556
2639035453
2701719400
277670805
2832637387
2859728353
2894183511
3179428007
3246688490
3252251761
3267704996
3279796791
3324603642
3377332235
3470901835
371529685
3738671293
3984021595
4108478783
414266120
4152559007
4197930359
4226767476
4280925827
482060712
548003653
582574221
654213455
660624535
668611125
69563897
721497096
755174569
794598486
821479885
927408159
