106859432394582
110601234194557
119250205430817
121247154858670
133185897953348
136650293895475
144196401115619
146112744374198
150172820110230
155204060127433
164031977862411
172288617595757
186233234920925
189595130126850
191675114326081
192587422134142
204699797896279
204897275216872
223116790972012
231867221522056
234156464207428
236932775034175
241732854775808
244549240990964
244740390990156
250530172055898
272370821557617
276438749068578
37304765062517
40472571854331
42030775937919
47086658048559
48985285881256
54023898286815
70060696279643
7147224794590
71600959335937
71707471904206
74894821546047
75674888244504
77298852872721
