107015234365895
117250809113425
124982515809705
128452468495240
129253344914728
140839331369102
146369808559810
146915215408153
151209266863757
153837886887590
160619124296343
160773256362030
166858115220171
168386587758044
172697108890868
177657403236139
179066235954789
180080510499714
181975655761964
186762858529798
196345173115515
199913106430616
204040035237596
20670261714887
206906357954874
209228566613181
214653548705706
216035114027607
233651040300107
235642401052007
237045261108147
238226325293015
244781460093210
247307343226476
250611581102525
251109157850429
251113043152028
257826476996866
258513039973154
259286334692466
262771408689788
273280814150871
278235724623874
279144760916257
28383818015449
32621754767564
34628819142504
38720805853492
39395449269067
42894020537410
44977848556318
55511974810668
60222487073497
6128173806505
72356838781787
79071340171939
82550326408501
84995953828096
97528821911698
99247825139481
