1004827199
1009128641
1021870789
103868400
10449483
1063736387
1066497078
1069627104
1074448096
1098243991
1101059289
1117865409
1172162292
1180726069
1206744368
1214808266
123658745
1238523067
1239181218
1274253040
1279406479
1286832904
1301851172
1305661639
1307123870
1314112363
132280205
1337170097
1343349343
1356220788
1364283541
1384785115
1392830847
1399639827
1463519218
1464904691
1485774396
1508513635
1527515943
1537720789
1539387088
1571032773
1573528954
1575759199
1590272018
1592710958
1595995671
1609732420
1614222319
162414298
1641787409
1666344670
1684419332
1728405671
1738747165
1738821432
1754555258
1770485780
1773677224
1775993550
1777675523
1786305238
1809829347
1811896048
182696253
1842152287
1855925477
1858043535
1871261920
1883825487
1917675271
1936659101
1939595171
1953062958
1954175810
1955536968
1980170483
1993926669
1998820638
2011824391
2012100765
2016832180
2028358911
2028870117
2034784819
2045065069
2057769719
2073659464
2077529580
2095737900
2098468945
2116884810
2120863014
2121547315
212518798
2131400416
213940916
2148902400
2171567249
2195566112
2214656814
2243077761
2261694287
227809850
2304447833
2316971144
2317865511
2328499634
234563389
235628173
2372436202
2381006488
2382119762
2422735099
2450597328
2466115364
2466843255
2483499554
2483870965
2490156302
2550763460
2550969559
2568790108
258951666
2607488811
2611319272
2629671974
2635039894
2645389559
2653533294
2685597468
2700990990
2704101588
2712110411
2754025313
2789282187
2790376807
2794964979
2801039303
2801302048
280251828
2860866305
2911790287
2914918630
2932080830
2935481128
2978501965
3016793744
3047260613
3066685880
3079715635
3087170286
3107625864
3191773911
3197118179
3236491118
3258236091
3274712474
3275655957
3283729823
3293807589
3311198561
3334992965
334181165
335777187
3402272736
3415040078
3422496440
3451277386
3464406315
3467472157
3486867658
3505117979
3523029607
3530153004
3533983188
3543235593
3549603448
3561820244
3568008952
3584792694
3607910252
3610689782
3613815324
3645954948
3653818312
3693660529
3697867411
3719517777
3726106945
3727473495
3732714007
373903827
3767534669
3799065198
380746143
3824088785
3834447303
3875643718
3906379599
394949231
3952443217
3989054852
4006357305
4024489768
4036617443
4042695790
4044025462
4050526719
4055163367
4064208024
4070374637
4075577774
413412457
4151182389
4184176798
4190852500
419345475
4204062385
4205947461
4245278512
4251936626
4267568651
4282887275
4288711336
4291647286
444970656
451042060
471056183
475423251
479766361
497548423
499997331
503250225
506123910
507138892
516101366
519525266
535261374
554352614
559867920
577070186
590629324
594283964
595707976
59920131
617043402
627430603
627438690
631238313
638119685
6487278
650057746
666827801
683415012
69301621
705202089
771578492
79591110
806363245
815053533
826994183
857165525
858457026
871001277
873536175
888164910
892495645
904952171
930780953
934873518
939796068
943549806
953664878
963667011
969553660
99608376
996610465
