0
10
1000
1004249529
1008324608
1017788064
1024
1031441089
1041575336
1046625382
1046745344
1049075088
1049757680
1053094000
1056337792
1056933000
1059392791
1059558466
1063259724
1064113832
1064973296
1065396512
1066047984
1066295307
1066557854
1066964584
1067430134
1069724536
1069744191
1078254907
1082217248
1082723890
1082772235
1083218208
1083728403
1084278261
1084372243
1085130797
1085759903
1085781189
1086837922
1086955438
1091740024
1092830832
1093020785
1094926626
1097475266
1104555663
1104668754
1109342635
1110725289
1111159597
1112788930
1113009460
1113161547
1113180326
1113458084
1113503585
1113507926
1113508612
1113526136
1113526190
1113526202
1113527433
1113535616
1113535818
1113541508
1113541655
1113568691
1113579532
1113584264
1113596805
1113608510
1113619679
1113619684
1113630861
1113686961
1113717281
1113741098
1113744002
1113744745
1113747039
1113749285
1113780410
1113790016
1113990755
1114030377
1114480632
1114534864
1114762860
1114942963
1115147273
1115371618
1115690706
1116144133
1116150664
1116177299
1116182129
1116227540
1116246460
1116255413
1116271201
1116288815
1116314846
1116337432
1116337682
1116338858
1116343632
1116350068
1116355445
1116357176
1116358168
1116366191
1116368101
1116372044
1116380851
1116392716
1116400281
1116405634
1116412451
1116423234
1116452692
1116453242
1116454804
1116461657
1116462491
1116485680
1116493496
1116496698
1116507676
1116521922
1116580305
1116588357
1116591374
1116597142
1116603413
1116604206
1116611662
1116614775
1116618458
1116625699
1116630667
1116633848
1116637752
1116640591
1116645021
1116683387
1116688605
1116706044
1116741620
1116748031
1116748291
1116810093
1117195938
1117275778
1117290034
1117336670
1117434810
1117590543
1117711121
1117825575
1117879933
1118633395
1118731567
1118732112
1118732440
1118779745
1118782701
1118804149
1118809717
1118810197
1118906431
1118976860
1119156840
1119176570
1119307255
1119416121
1120647914
1121025464
1125394324
1126153699
1126632749
1126785640
1127017988
1127079980
1127087791
1127815108
1128061415
1128079136
1128117042
1128160401
1128203021
1128208181
1128219195
1128256934
1128294903
1128323937
1128350969
1128357684
1128401094
1128480377
1128484005
1128498663
1128532843
1128545358
1130557525
1131495476
1131542975
1131663318
1132107038
1132514290
1132719335
1132739272
1132767271
1133412764
1133985479
1134023749
1134063238
1134091150
1134157478
1134222441
1134257473
1134295037
1134356681
1134378174
1134494071
1134576366
1134580502
1134684576
1134690801
1134759284
1134994954
1135112582
1135114262
1135139541
1135391828
1135575278
1135580916
1135660633
1135690218
1135699020
1135734437
1135844010
1135856580
1135960350
1135996047
1136017215
1136039347
1136039806
1136056700
1136090844
1136104551
1136104756
1136105682
1136121977
1136137410
1136194644
1136203797
1136216022
1136229123
1136250206
1136285920
1136305932
1136316582
1136334036
1136359681
1136369452
1136380463
1136425889
1136427877
1136428481
1136443231
1136445914
1136471159
1136471702
1136474003
1136476185
1136486788
1136497436
1136501298
1136547747
1136691796
1136749611
1136792133
1136846772
1136906767
1136992222
1136998817
1137052633
1137061487
1137100644
1137111531
1137129676
1137149035
1137158768
1137194813
1137250347
1137299009
1137337414
1137403800
1137441710
1137507436
1137517823
1137552933
1137646804
1137652014
1137697325
1137714623
1137822146
1137836091
1137837457
1137839994
1137840884
1138066502
1138069937
1138162103
1138254949
1138322895
1138563759
1139519896
1139676506
1140008900
1140179996
1140549150
1140588588
1141194151
1141198978
1141199946
1141216616
1141229552
1141231153
1141265975
1141404898
1141762180
1141930454
1141992638
1142035704
1142074922
1142091361
1142194032
1142220304
1142229686
1142250527
1142427536
1142462771
1142548242
1142728259
1142728912
1142729003
1143130736
1143317307
1143332434
1143482157
1143655038
1143690303
1143696899
1143707299
1143768802
1143775335
1143796262
1143819557
1143821951
1143831186
1143838124
1143840767
1143861493
1143891104
1143893450
1143915935
1143923241
1143923443
1143946891
1143972627
1143973216
1144012331
1144060309
1144063518
1144070679
1144083109
1144125233
1144162225
1144170228
1144195265
1144205950
1144234223
1144286512
1144372962
1144394464
1144408353
1144417740
1144443724
1144503836
1144518085
1144546752
1144563404
1144564362
1144609798
1144644862
1144645001
1144656155
1144658356
1144677086
1144737316
1144759068
1144767614
1144792330
1144804850
1144828510
1144872101
1144909886
1144991309
1145022989
1145085699
1145124602
1145133564
1145140053
1145180801
1145307152
1145366168
1145384761
1145437614
1145438690
1145453332
1145519997
1145552033
1145563893
1145574258
1145583670
1145589197
1145590249
1145598385
1145599872
1145652743
1145657255
1145712900
1145729467
1145760895
1145761558
1145768044
1145844045
1145913588
1145941020
1145969916
1146043435
1146084711
1146110344
1146113942
1146145492
1146177403
1146248641
1146314601
1146442101
1146472032
1146524739
1146575651
1146600909
1146623920
1146639881
1146678905
1146681317
1146705967
1146735279
1146735529
1146736176
1146770400
1146782229
1146802351
1146854849
1146871490
1146907871
1146929122
1146938958
1147076154
1147131319
1147161023
1147171091
1147221280
1147229048
1147239610
1147246312
1147250927
1147285640
1147286575
1147334025
1147356670
1147373852
1147375906
1147397624
1147400345
1147402526
1147408599
1147410789
1147420333
1147425918
1147429992
1147437056
1147450389
1147466748
1147469597
1147469623
1147488566
1147489489
1147572320
1147594733
1147601026
1147633934
1147662442
1147666432
1147673207
1147698370
1147698772
1147710406
1147718200
1147752942
1147830272
1147928576
1147953433
1147963415
1147989793
1148059648
1148086522
1148125184
1148161883
1148163458
1148164960
1148183318
1148184443
1148190720
1148223481
1148266589
1148298719
1148427821
1148442315
1148483892
1148500858
1148506389
1148521598
1148527452
1148551168
1148579961
1148587339
1148595437
1148599160
1148603587
1148644086
1148649472
1148652992
1148691011
1148717113
1148721549
1148745519
1148746525
1148846080
1148913442
1148958876
1148977152
1149055648
1149272655
1149347710
1149348752
1149353984
1149373114
1149435858
1149445776
1149527080
1149534208
1149566914
1149571633
1149575732
1149579269
1149583360
1149588608
1149604370
1149613313
1149651433
1149652440
1149653206
1149681664
1149691037
1149710527
1149734833
1149759325
1149784760
1149800821
1149845504
1149846215
1149878272
1149918182
1149943808
1149970814
1149977228
1149992960
1150018067
1150020024
1150039079
1150045319
1150045601
1150068862
1150069128
1150122113
1150124032
1150152253
1150159417
1150174859
1150184733
1150221266
1150241248
1150271607
1150273342
1150296323
1150311770
1150335466
1150348663
1150386225
1150386702
1150409235
1150433549
1150445914
1150489049
1150491586
1150518998
1150578060
1150622796
1150626558
1150633041
1150646117
1150671186
1150675084
1150688574
1150716210
1150718272
1150727307
1150735750
1150739786
1150773395
1150774973
1150786613
1150787806
1150795325
1150812402
1150814068
1150816239
1150817276
1150818112
1150818922
1150822457
1150834951
1150839165
1150863450
1150865185
1150874378
1150876431
1150882032
1150886305
1150891603
1150895128
1150899458
1150902149
1150907596
1150919349
1150920837
1150924332
1150924468
1150937975
1150941277
1150970818
1150997630
1151004013
1151020336
1151021007
1151022774
1151031338
1151034132
1151037507
1151041628
1151054458
1151054832
1151065210
1151076709
1151113567
1151133467
1151147549
1151166584
1151168239
1151184061
1151202236
1151216638
1151223073
1151228869
1151236044
1151267266
1151290178
1151334698
1151348596
1151356044
1151369263
1151385086
1151391544
1151417995
1151549133
1151551214
1151608840
1151684592
1151698025
1151759262
1151852365
1151884478
1151892244
1151948293
1151951156
1151963114
1151998014
1152040130
1152052965
1152061635
1152078139
1152092479
1152132066
1152133865
1152143749
1152159314
1152184765
1152191773
1152237359
1152269942
1152367054
1152450220
1152521904
1152548858
1152556709
1152652432
1152780956
1154751691
1154779707
1154800670
1154859650
1155120444
1155122122
1155131095
1155141177
1155160907
1155172554
1155286214
1155302557
1155385670
1155430043
1155440653
1155454887
1155474933
1155509906
1155511193
1155521102
1155535849
1155535881
1155569363
1155580072
1155596824
1155604422
1155606444
1155607688
1155609374
1155621068
1155628021
1155757663
1155769843
1155773843
1155774414
1155785940
1155789070
1155811303
1155811939
1155860032
1155867891
1155969382
1155970573
1155970742
1156180530
1156613957
1156636002
1156652680
1156653850
1156844691
1156851883
1156864132
1156897367
1157039704
1157118801
1157140394
1157141040
1157206804
1157212154
1157230345
1157281729
1157303166
1157308203
1157340252
1157363169
1157409600
1157423247
1157438667
1157444995
1157504919
1157635532
1157650210
1157658194
1157683465
1157698566
1157724514
1157728073
1157789071
1157789941
1157864757
1157900029
1157973153
1157993458
1158038777
1158052928
1158067664
1158072282
1158073035
1158087242
1158089888
1158095097
1158100000
1158102046
1158102120
1158103510
1158103671
1158106506
1158111913
1158114152
1158129289
1158130666
1158133141
1158133306
1158133379
1158137862
1158138423
1158153015
1158172416
1158185323
1158185398
1158186903
1158205852
1158219821
1158219840
1158234608
1158234685
1158236790
1158238075
1158241163
1158243516
1158248732
1158254263
1158305707
1158324434
1158324447
1158324538
1158331313
1158334100
1158365837
1158381601
1158483417
1158567767
1158642934
1158667451
1158668223
1158685248
1158689915
1158693422
1158706041
1158706225
1158708126
1158708151
1158713111
1158734676
1158753878
1158782811
1158810017
1158812573
1158850203
1158853125
1158853924
1158854565
1158857719
1158857771
1158858623
1158860791
1158866172
1158871933
1158872189
1158876724
1158878183
1158897400
1158905692
1158909352
1158909532
1158927115
1158927243
1158929573
1158930566
1158930972
1158937078
1158942246
1158945793
1158967634
1158968132
1158968530
1158975928
1158979218
1158984356
1158988191
1158991446
1158994431
1159038736
1159096288
1159134813
1159136536
1159144953
1159410226
1159416047
1159417024
1159424575
1159448844
1159466786
1159470808
1159478513
1159550334
1159561778
1159570089
1159575165
1159588263
1159597012
1159648286
1159714718
1159748920
1159789822
1159804096
1159812891
1159845374
1159845581
1159855528
1159865423
1159867406
1159869276
1159870536
1159883771
1159895228
1159916194
1160239914
1160299308
1160308683
1160368741
1160425507
1160453300
1192187980
1200
1239181218
128
1285723121
1297029849
1323073663
1379774485
138
1385885867
1410568347
1451229952
15
1500
1505042877
1537000417
1540867723
1546
1546383627
1596540347
1619447127
1675351946
1692083765
1742012330
1756080193
1805755795
1829319847
1846063020
1887461587
1899369974
1936061805
1953842628
1963302672
20
200
2000
2043200498
205805552
2150430899
2160465960
2191340210
2235590007
2249731473
2324903540
232597866
2344608023
2405155616
2498582571
25
2513420896
2525699533
2550763460
256
2597925721
2604526233
2652975272
266
2681776972
2798009337
2994120198
30
300
3000
3008052843
3033386157
3034126620
3043586091
305179402
308091040
3095770665
31
3121014666
3183816832
3184637440
3187835371
3197386648
3197863541
3198867136
3199230509
3199230512
3205930904
3207996016
3209012696
3214067892
3214480896
3215195536
3217353784
3217656012
3218273554
3219868674
3220182944
3221574115
3222811060
3222933460
3223145700
3223493244
3223526772
3223896623
3224171580
3224551559
3224611072
3224635597
3224851888
3224857512
3225015839
3225094722
3225330731
3225338616
3225524642
3226027954
3226319387
3226362153
3226402045
3226421937
3226500434
3226516548
3226550710
3227100740
3227461458
3227523148
3227566672
3227728715
3227796590
3228029968
3228373820
3228400948
3228417010
3228546332
3228597997
3228971114
3228989262
3229038588
3229061355
3229165294
3229626469
3229741682
3229943192
3229984766
3230062386
3230158230
3230183130
3230199109
3230228474
3230298147
3230310389
3230343388
3230399017
3230427398
3230492348
3230571332
3230578048
3230649972
3230683369
3230733356
3230824924
3230879085
3230938983
3230967829
3230981146
3231037480
3231161323
3231186795
3231188606
3231223617
3231241839
3231371080
3231383339
3231501231
3231621805
3231629588
3231702284
3231815347
3231845754
3231920387
3231941677
3232004678
3232123037
3232211141
3232268158
3232326339
3232350712
3232421754
3232433380
3232440962
3232512715
3232527821
3232607206
3232681500
3232722682
3233103137
3233146005
3233195674
3233260130
3233301074
3233303507
3233454466
3233518889
3233687661
3233692074
3233815967
3233847154
3233905931
3233928486
3234104657
3234728778
3234796221
3234815137
3234914342
3235013782
3235043499
3235114425
3235155316
3235231488
3235283622
3235488203
3235535112
3235610592
3235630465
3235716422
3235745079
3235840323
3236006988
3236169958
3236204536
3236233531
3236242006
3236287506
3236314411
3236461723
3237165929
3237174315
3237218022
3237218026
3237268668
3237287748
3237509419
3237690214
3237698601
3237742304
3237750726
3238205130
3238232824
3238534220
3238631706
3238787265
3238791888
3238844426
3238860932
3239253129
3239350238
3239397250
3239418242
3239436228
3239445568
3239557564
3239648920
3239662302
3239690973
3239845057
3239900599
3239965692
3239981954
3240106912
3240107662
3240138080
3240154854
3240160610
3240197723
3240239712
3240275744
3240276545
3240286050
3240383312
3240405145
3240426733
3240445861
3240484305
3240519226
3240522177
3240592624
3240671560
3240702739
3240706665
3240766278
3240768945
3240781393
3240800607
3240833852
3240922216
3240923619
3240970490
3241001607
3241114550
3241135062
3241263713
3241295170
3241314870
3241326627
3241425579
3241514683
3241583749
3241608962
3241620747
3241710294
3241723434
3241774418
3241776514
3241782807
3241793838
3241793839
3241817117
3241825843
3241829985
3241829986
3241829988
3241829990
3241829992
3241829994
3241830054
3241831680
3241858648
3241859257
3241875572
3241880734
3242006120
3242050123
3242052288
3242055978
3242070335
3242092088
3242092115
3242092125
3242092127
3242092132
3242092134
3242092135
3242092136
3242092138
3242092140
3242092141
3242131453
3242131456
3242131457
3242131458
3242144569
3242198054
3242213269
3242213407
3242215094
3242215095
3242297256
3242375820
3242521612
3242571379
3242584203
3242763658
3242844195
3243002284
3243086316
3243089935
3243090784
3243119617
3243179290
3243273058
3243765081
3244090040
3245191914
3245307244
3246113984
3246416476
3246491742
3246573331
3246587542
3246817803
3246846288
3247105592
3247108105
3247113571
3247116392
3247301645
3247562535
3247921696
3248708131
3248708134
3248772981
3251043772
3251669042
3252721534
3253037829
3254381796
3254483884
3256362150
3256589924
3257398882
3257602011
3257610633
3258186932
3258340824
3259934062
3261140869
3261837256
3261861632
3263630283
3264025147
3264137104
3264469280
3264576011
3265793937
3265839710
3265861703
3266024262
3266063246
3266318916
3266375931
3266423161
3267643130
3267645735
3267675933
3267721062
3267744559
3267781199
3267806044
3267849678
3268139432
3268518119
3268605040
3268889550
3268937139
3269116474
3269302056
3269493221
3269546050
3269640187
3269889373
3270266655
3270409160
3270702602
3270932937
3271627874
3271739264
3272042006
3272173831
3272187820
3272226602
3272270119
3272388330
3272472754
3272845980
3273021555
3273096105
3273201400
3273304730
3273402050
3273494844
3273688202
3273818283
3273886446
3274065036
3274397232
3274578126
3274625921
3274778771
3274911198
3274968712
3274978267
3275103514
3275178079
3275251036
3275357278
3276128225
3276188005
3276202544
3276625465
3276961485
3277037115
3277156521
3277720746
3277866252
3277875688
3278059430
3278125214
3278169071
3278230148
3278277905
3278344745
3278489292
3278511849
3278615996
3278719384
3278805423
3278950054
3279612876
3280014073
3280101555
3280116284
3280218414
3280218843
3280370854
3280566518
3280570600
3280754906
3281063135
3281107136
3281260485
3281470370
3282030864
3282347378
3283292207
3286720832
3287875584
3287953398
3288245480
3288258087
3288268844
3288403901
3288452778
3288682289
3288712426
3288823975
3288837660
3288916576
3288989333
3289042881
3289091728
3289143769
3289268811
3289275938
3289367944
3289415680
3289459880
3289546752
3289621784
3289634265
3289743360
3289746192
3289767677
3289769557
3289808896
3289815009
3289832005
3289841664
3289863202
3289949738
3289986652
3290005504
3290018005
3290032592
3290038050
3290038344
3290051457
3290053938
3290058813
3290060421
3290073271
3290089143
3290091555
3290103808
3290118289
3290132791
3290136576
3290137277
3290148445
3290161161
3290202112
3290215171
3290228590
3290234880
3290267648
3290300416
3290312203
3290333184
3290375733
3290464256
3290497106
3290603805
3290628096
3290638635
3290870584
3290870732
3290882197
3290938133
3290970869
3291086848
3291162388
3291172600
3291275911
3291325353
3293033997
3293061758
3293132845
3293201013
3293223025
3293308681
3293318756
3293321474
3293323964
3293347169
3293347183
3293354534
3293372168
3293411346
3293412147
3293601973
3294079586
3294111106
3294146852
3294231388
3294271955
3294354714
3294382174
3294659364
3294664954
3294669062
3294690303
3294928630
3294959189
3295059954
3295905000
3295959447
3296032352
3296387641
3296402855
3296435054
3296459894
3296477237
3296590008
3296831255
3296961520
3297015020
3297026133
3297133593
3297138060
3297140308
3297221807
3297290275
3297291406
3297342425
3297393925
3297455402
3297638477
3303549026
3305279646
3305451288
3305458208
3305492879
3305493353
3305517606
3305537897
3305609432
3305635500
3305669055
3305676334
3305680558
3305695201
3305729119
3305872551
3305992779
3306011137
3306022171
3306024298
3306218938
3306279150
3306310985
3306677478
3306687027
3306720482
3308387208
3308524295
3479488658
35
3502148365
3506952798
3545586841
3550640878
36
3673278433
37
371502330
3763539114
3763653885
3794726911
3815911691
3820802894
3827258893
3843668041
3866954382
3900561310
3935455917
3979122747
3981360310
3990276378
399723397
40
400
4000
4038596693
4040898210
4070672658
4098675156
41
4103632476
4114709970
4118784555
4216879525
4219741782
4282818844
452173207
459490731
468599500
491040570
5
500
522
55
600
620451611
622484996
652711627
700
754150678
768
800
839534226
906290701
94458708
953956968
