CautionStandFire
Param1: 257 769 1025 16777473 16777985 
Param2: 641271078 674694618 695926903 1364656607 1722679415 1733754999 1776943223 1968505071 1980366967 2147418171 2147418591 2147483707 2147549243 2164719735 2566980063 2621177975 2912027103 3042312671 3094086111 3172860383 3221422559 3259433439 3280994783 3400204767 3893690847 
Param3: [route]353022743 1069172642 1076081185 1152923068 1153125057 1155598684 1156800364 [route]1906065417 [route]2056036371 [route]2697943427 [route]2767182148 [route]2792601179 3268026302 3268297608 3268480294 3268488387 3268512238 3268561008 3268561837 3268575030 3269251160 3269355374 3299234096 3299239494 3305052206 3305064585 [route]3906337346 
Param4: 1082214318 1084142433 1114122889 1116142428 1120583680 1120689720 1120689721 1120689722 1120689724 1120714398 1120719010 1120725946 1133912482 1133920072 1135130177 1135135105 1138462110 1138462578 "" 
Param5: 1095910382 1096840792 1150488158 1150586855 1152852887 1152996592 "" 3273884782 3279706373 3300802190 3300812519 3301837505 3301842461 3301932433 3301933906 3301964632 3301964752 3301965272 3301965679 3301996124 3301996174 
Param6: 0 "" 
Param7: 0 
Param8: 0 
Param9: 0 
Param10: 0 
