Normal
Param1: 0 256 768 
Param2: 0 
Param3: 0 [route]409818377 1143535704 1145389991 1145444767 1145517660 1145524655 1145559332 1145560806 
Param4: 0 1086534447 "" 3229005922 3232572985 3241912513 3241917168 3242144556 3242144557 
Param5: 0 1150451146 1150548938 1150550776 1150622954 1150628952 1150680231 1150725322 "" 
Param6: 0 "" 
Param7: 0 2 4 5 8 9 10 16 128 170 192 196 197 256 266 512 522 1024 1026 1028 1029 1032 1034 1045 1152 1160 1216 1221 1290 1408 1410 1536 1544 1546 1664 1674 
Param8: 0 15 90 260 4294967251 4294967266 
Param9: 0 6 8 10 13 15 18 20 23 25 26 28 30 31 32 33 35 36 37 38 40 41 45 50 55 60 70 75 80 85 95 100 120 125 150 175 200 225 250 275 300 325 350 375 400 425 450 475 500 525 550 575 600 625 650 675 700 750 800 850 900 
Param10: 0 1 2 3 4 5 8 10 
