MoveSlow
Param1: 0 256 
Param2: 0 
Param3: 0 1145009322 1145030882 1145325307 1145359127 1146178430 1146199990 1147242118 1147275938 1147585738 1147619558 1148829473 1148829474 1148863293 1148863294 1149158979 1149192799 1149247864 1149264774 3277215562 3277228874 3282414195 3282420850 3285576791 3285583446 3288934272 3288937600 3294225832 3294252099 3294569818 3294596085 3294889255 3294915522 
Param4: 0 1101004799 
Param5: 0 1097013730 1097013774 1097226714 1097226758 1123709331 1123735952 1135415113 1135458235 1135753638 1135806172 1139248704 1139291826 1141124648 1141150916 1141966561 1141988122 1147295124 1147328944 1147598034 1147631854 1148398639 1148424680 1148432459 1148458500 3263732068 3263758689 3287623345 3287623355 3287630001 3287630011 3288147526 3288154182 3288262208 3288268864 
Param6: 0 
Param7: 0 
Param8: 0 
Param9: 0 
Param10: 0 
