VehicleIdle
Param1: 1 769 16777217 16777729 16777985 16778241 
Param2: 59 479 2996 1114171 10355167 10617311 48955871 88997947 97124471 111739359 124256435 154009779 166726580 188809695 190317023 212206047 230752735 309068735 326238507 390529503 426115251 453771743 467796447 473694687 478675183 502137311 502857787 510394487 547357151 550896095 607519199 643826143 689832415 709034463 726139359 731644383 742654011 744948671 772210747 800916415 812450751 851313119 856490043 890044895 899941311 904856511 949289439 1030750507 1041695199 1056243771 1056768059 1077018803 1079312863 1093992927 1104019935 1152778719 1164902879 1178992699 1187840479 1240859103 1246756923 1247937471 1256522687 1260782047 1301939135 1330840511 1340867039 1347551711 1361248735 1489175007 1495203899 1499398623 1530200183 1559953707 1599799775 1600259007 1626407391 1641284063 1654916870 1654917469 1662255163 1714028723 1718550587 1719730655 1736573887 1808138719 1844839359 1847066743 1865416763 1928659903 1938359231 1939669471 1963065523 1975844983 1990066355 2012611519 2022638527 2035220599 2092106207 2134770143 2138964087 2139358083 2143158331 2159411679 2164523247 2183004219 2249326771 2334917567 2379809247 2383610335 2391278047 2449866811 2458058841 2462974431 2469004223 2479817183 2502754363 2510881247 2535457247 2540175839 2547777595 2582839355 2592014395 2608398815 2623603167 2636972091 2677407863 2696087302 2712076407 2735865915 2737766879 2741175231 2761228767 2761230086 2778792895 2802254303 2811036607 2839478391 2842624059 2877555167 2879127611 2892824755 2896429115 2897150011 2912485855 2931556831 2941977535 2974875707 3048931387 3072655839 3085303927 3089498591 3094479807 3098018271 3101098043 3107389919 3116236979 3132752351 3134521403 3134521523 3170501087 3184853111 3186361279 3200713183 3210870843 3248291869 3249864883 3262252326 3269132407 3389587935 3394830815 3452109279 3458072635 3466265055 3467509939 3498314077 3514761695 3527999967 3559457727 3569484255 3584164319 3592290363 3592290603 3594978239 3651404255 3669754035 3698262075 3718578235 3750297719 3758161979 3778151359 3881369719 3881697759 3928490163 3935240671 3937075259 3938385979 4006609375 4014211131 4028367327 4033544671 4066116063 4157014495 4180017181 4192536326 4197712351 4212785331 4215931839 4219143642 4238147883 4242931891 4255252959 4269146591 4283695583 4284285887 
Param3: 0 [route]24533220 [route]90294547 [route]145500008 [route]372081712 [route]412090828 [route]504121415 [route]580909524 [route]812149329 [route]827785794 [route]941223212 [route]966755507 [route]1018523840 [route]1026250058 [route]1033604307 [route]1041596302 [route]1066305623 [route]1087160071 [route]1197022898 [route]1209767943 [route]1216826733 [route]1239153630 [route]1248998669 [route]1268183985 [route]1428788141 [route]1463889695 [route]1546034791 [route]1563752594 [route]1600450587 [route]1682411308 [route]1766942119 [route]1788403813 [route]1844076768 [route]1974844355 [route]2010488776 [route]2024231285 [route]2124735866 [route]2387531811 [route]2551029103 [route]2572283499 [route]2720184852 [route]2754404535 [route]2763127077 [route]2798846272 [route]2842738346 [route]2860630920 [route]3020517601 [route]3050848552 "Player" [route]3221720432 [route]3402623925 [route]3415306158 [route]3551361370 [route]3580242626 [route]3644606273 [route]3650226665 [route]3692666916 [route]3793690004 [route]3868967061 [route]4051522027 [route]4106517606 [route]4281020740 [route]4283816056 
Param4: 0 31184 [route]412090828 [route]1041596302 [route]1463889695 [route]1600450587 [route]2010488776 [route]2572283499 [route]2798846272 [route]2842738346 "" [route]3551361370 
Param5: 0 "" 
Param6: 0 "" 
Param7: 0 
Param8: 0 
Param9: 0 
Param10: 0 
