RelaxedStandWalkAct
Param1: 0 256 768 
Param2: 0 
Param3: 0 1101575976 1103594832 1123719772 1124148978 1124576864 1124811923 1124815324 1124834029 1124942315 1124942318 1125199480 1125199483 1126318272 1126575437 1134159128 1134160828 1137210494 1137212194 1144328542 1144329392 1144750703 1144751553 1144802724 1144865813 1145122157 1145185246 1145400584 1145463673 1145854227 1145855077 1145932279 1145995368 1146215252 1146305323 1146332005 1146332855 1146970325 1146971175 1147796550 1147886621 1148541717 1148631788 1148887136 1148887986 1149104245 1149168536 1149308575 1149353611 1149571511 1149571936 1149681156 1149726192 1149793638 1149825783 1149870014 1149899072 1149899497 1149901559 1150006468 1150021640 1150022065 1150051504 1150058791 1150059216 1150099222 1150144258 1150219947 1150230807 1150231232 1150251539 1150264983 1150283685 1150471807 1150516843 1150581940 1150582365 1150706258 1150737804 1150919737 1150951282 1151262455 1151307491 1151540374 1151540799 1152361952 1152362377 1153320381 1153320806 "" 3229422144 3229626898 3230640378 3230749164 3250018040 3252036900 3257509884 3258519314 3262620702 3263399321 3267608567 3268113281 3268341540 3268855869 3276202038 3276427562 3276562324 3276684727 3281907423 3281995591 3282087567 3282124174 3285070019 3285250163 3286742741 3286871324 3287252744 3287420981 3287422681 3287432888 3287969443 3287971143 3288584720 3288649011 3288680887 3288770958 3288923097 3289013168 3290143206 3290207497 3290417437 3290481728 3290564984 3290565834 3291087776 3291091172 3291152067 3291181243 3291253502 3291254352 3292080774 3292145065 3292357022 3292357872 3292383058 3292383908 3292769292 3292832303 3292833152 3292833583 3293501985 3293592056 3293872812 3293898848 3293937103 3293963139 3294162673 3294162677 3294163522 3294163526 3294744030 3294808321 3295097849 3295162140 3295353283 3295443354 3296056452 3296119541 3296145101 3296145951 3296400438 3296463527 3296482841 3296572912 3296660890 3296686615 3296686617 3296687465 3296687467 3296719874 3296724063 3296752955 3296827840 3296859386 3296924532 3296956679 3297513491 3297545637 3297613447 3297613872 3297663229 3297663654 3297715182 3297747329 3297786271 3297817817 3297856893 3297888439 3298246219 3298246644 3298471921 3298504067 3298539091 3298539516 3298653338 3298698374 3298969380 3298969805 3299194143 3299205089 3299226290 3299250125 3299343724 3299343726 3299368263 3299368688 3299376498 3299388760 3299388762 3299421534 3299927807 3299928232 3300319102 3300319527 3300749384 3300749809 
Param4: 0 1073615995 1074790098 "" 
Param5: 0 1105457304 1105484498 1113275181 1114716327 1117428192 1117502360 1118007075 1118148766 1118936993 1119451322 1123308231 1124028804 1124385710 1124745997 1124828454 1124831854 1125379476 1125739762 1128781519 1128938893 1129038683 1129196059 1130170403 1130216619 1130473785 1130530689 1131448119 1131808405 1132516542 1132696686 1133155409 1133335553 1133523281 1133642164 1133703424 1133770748 1134162148 1134342291 1135362454 1135542598 1135892385 1136072529 1138411354 1138539938 1138892906 1139073049 1141547816 1141580156 1141612107 1141617862 1141618585 1141626065 1141626067 1141643245 1141681674 1141707934 1141716136 1141716138 1141938018 1142001107 1142722108 1142785197 1143041540 1143104629 1143290297 1143354588 1143464681 1143528972 1148015114 1148079405 1149384471 1149384896 1149535926 1149536351 1149585577 1149617724 1149936228 1149936653 1149949249 1149949674 1150477962 1150510108 1150544008 1150576155 1151334652 1151366799 1151436393 1151468539 1151658516 1151690061 1152394825 1152426971 1153216397 1153248543 "" 3212499008 3226561697 3231355800 3238809879 3258181512 3258195115 3266115886 3266630217 3266883683 3267236775 3267604256 3267741488 3269806692 3270311404 3271590010 3271593411 3271786380 3271786394 3271789779 3271789794 3274585033 3274837389 3276887837 3277248124 3280150903 3280152604 3282970843 3283150987 3285717643 3285843822 3287976735 3288102914 3290455728 3290455731 3290463885 3290545799 3290545802 3290553956 3291278123 3291278973 3291285970 3291376041 3291597554 3291598404 3291756503 3291757353 3291828094 3291828099 3291918165 3291918170 3292090186 3292125026 3292125876 3292147527 3292180258 3292237598 3292407678 3292408528 3292727109 3292727959 3293537237 3293538087 3293706321 3293707171 3293832792 3293856668 3293857518 3293876330 3293922863 3293939419 3294108424 3294198495 3294666796 3294667646 3294852299 3294942370 3294975596 3294986227 3294987077 3295065667 3295689724 3295779795 3296266333 3296356404 3296423152 3296486241 3296633936 3296723476 3296746501 3296778046 3297023459 3297055004 3297082801 3297114346 3297195687 3297240723 3297323808 3297368844 3297407554 3297439099 3297629282 3297674318 3297704895 3297736440 3297814109 3297845654 3297849306 3297875164 3297875589 3297894342 3298092731 3298124878 3298194060 3298239096 3298665814 3298666239 3298743667 3298744092 3298792068 3298803463 3298823613 3298835008 3299457082 3299488627 3299613668 3299645213 3299809553 3299854589 3299987540 3300019085 
Param6: 0 "" 
Param7: 0 15 
Param8: 0 
Param9: 0 
Param10: 0 
