101528197160842
102002001975588
102308307098349
102515077429004
104321664443263
104896765619614
105277423331727
107571265673672
109847743091536
110905974003572
11153559348293
112143181322122
112343072848184
113682641585308
116676237681570
117863720518534
118140689914434
119174041751607
119633602144762
120385079684950
123929889376797
127745481772997
131024238245264
131045544894421
131302169685431
131958778325000
133002221954277
133418062179399
133503308088748
13601451416815
13652558699295
137315492642130
137630712897986
138173432152980
140839331369102
142110197406477
142340726826051
142673756651685
143895406900272
144004665879669
14512049511518
145564912636455
146097425604440
147249809420738
148049128436337
149081199050559
151176638055728
151906444355282
15261209602361
153837886887590
155199618860116
156143851580779
157860030646155
158904067847008
160773256362030
161672242331201
164576370310994
169046823696346
172983664952189
174521847389076
174953417559183
180080510499714
184874967521585
186174345163148
186769056015332
187717239635608
18885757339665
189167865327817
191434114453546
193667245457145
19446845580333
194994228876358
196160678863929
197281272914375
199850545860171
204029034400047
206320128505140
207139006126592
208015025481540
208637832575964
209551366778037
209699246827252
215413316503089
216415473938044
220777635391599
222715220135966
22314890801359
225416317036245
225535577848794
226703835789052
227459615988297
228754787871709
229860637891582
23057465690235
234420655732806
23471370253852
235654624452593
237045261108147
239356047645346
240302184183702
24142178989360
242544380447377
242548288588474
244781460093210
247408577143797
249399499594761
250611581102525
251113043152028
251874196429384
255120978300407
256446576890017
260060235759562
262002801934889
263889607461583
264404786984275
265442581975204
265938790398640
273321308697108
274221839083408
276233792603791
276828775981880
276913472665455
278235724623874
278468233151495
279144760916257
28408554950744
28687359251667
29420823654785
31251266062421
32639563905356
33705437124422
34628819142504
38312523752471
41551258583606
41805717036579
45594909201719
45780686041927
47263650963868
47888649303541
47902154755967
50904116586279
57947341723705
58910922658734
59653240180019
65230534566722
69825702043395
73881804503119
75899711506603
78034550226021
79512568120389
79600647986498
79816299046967
80609192127680
81096145747489
82226753657518
83047405109371
83369645573551
86150037567592
88409884101884
8891680179687
89522679633375
9343824403516
93561384620195
93951483379554
95005026829354
95165319647295
99497103903668
