107426216530000
110154292899435
11656555024170
119153559512212
126028062034190
126760309942161
129308834057188
133194154428717
133927539221121
136902946705730
140358661161508
143630439357418
144825536765055
158181853028662
158904067847008
160594731114185
162117664600679
165482451656689
170095827190457
177582989741060
183681055236297
187597448523699
195296428728724
208025149218772
208341276591437
212270530190850
213694228103722
215439371621644
218522311107912
218912332838908
222153328893344
22382518511459
229484246129622
233354809447340
241174190278136
244956834270117
248562874842509
251633990902382
258010035983046
263574194373975
264102434241296
264597670846839
270178027434974
270425586694324
276049341423622
278752674219700
278967957115795
279616601809173
29670395510832
33244622114880
38397733867006
419048611836
42257021664913
52836708309015
55934431993996
56343081149618
62474232811425
71281609158475
74513238145590
79419298094656
84191547137181
9199145320469
92810533728651
93354245281521
96626024465566
9812826456473
98872890148792
99507903886681
99719450926113
