101369888253812
111532739229771
115410184171027
115879079059176
123805504514662
129952128607892
130557013315189
140709182232632
143985124646104
148817204299689
162587651381351
175009949693219
185159995667662
187302451618387
203749501420597
226621050677063
238965260332215
242165388583040
245536773414183
251021708215781
264798683300791
268108021968554
34478333636632
37433774098202
44361819504857
45984929115389
53098164017634
59545742779468
63147407603396
70680129150165
71715054998913
74693800547737
7592593013973
87509305024685
87592401275061
9357790722543
