100344186467618
101038941345065
102394651205470
102752556959699
103570131710320
104401914393419
104534675926212
105721645057646
105905759274105
106811212349930
108035254898215
110125532941424
110257206461541
110440659630421
111146567934755
111888159560217
11282117605712
113887269618745
114178046822821
114310480796354
115587439426589
116247470419171
117627248304070
118704311741151
119984435706406
120270760612510
120384738496629
120406280133733
120424872742658
120747248693897
121035842863494
12103676745934
121230072919013
12273075178524
123176609308964
123218954890671
123239418078280
123692451388439
124091272523430
124488182661419
126682284393039
126970772586954
12791640951718
128247721523386
129388946397339
129818498658395
130379473079412
13114163977164
132588036307232
132992347781283
135100065844418
135780097019914
143872110600164
144042754968714
146352388205510
147191309665081
147309286988698
149599391500834
149676729129836
15047041100665
154268094422482
155821610383739
155915267571192
156340372013949
156385977563006
158951761474990
16032351500764
160517250895345
160801068264876
160959052924263
161462999692285
161928739745146
165805933080383
167126635139036
167134790805152
167234184430554
168095338895110
169372905945638
169444238102848
171220102015849
172540363381186
173378701919638
175887026575278
176208864101603
17650481026546
177141176025753
178590574530940
178698361763040
180295091867546
180796573638284
180890815931217
181569269906685
182703586075422
182990262559578
183572002360158
184149668579875
184613706032485
184635829396966
184723361925497
184849692557090
185670760452528
185766774930972
187353882099941
187933191920107
188345501186821
188903810207789
190993267158794
191181185813812
192939005688470
192958505411814
193309346079964
193887270817325
194820469231873
196800087258727
200876243872438
202092210547852
202190862149068
203453262129383
204155011425751
206328908335084
20650746655910
207709691930399
208645654063077
208665558472536
208794754003659
20917191753699
209798178602374
210792124764127
21105509354940
211692387495580
211802802058289
215503402902965
216195937739185
216403855480351
216433361038945
218156423355872
21917462115615
219872815439965
221457666978886
224862642230425
22554503880550
226912312573988
227874969906556
228428961656802
228643552364874
228647287017184
22882524097674
229451985482929
229914590912551
232013570962250
23278352516925
233061425821890
234002173635400
234086551199886
23531113450011
236601282797586
238367292873959
239146255349012
239420818044641
239532082603830
239676051153031
240163365726246
241873976280371
242020080219231
244835221446562
245105569678518
245112553510130
246256887065646
246650590047933
246828295310136
24754247746198
248791796264134
249281704971288
249618483385331
249650846644963
250356477638328
250457164397573
250810208850172
251223835473977
25223309939852
253059483704530
253177365329272
253929859193491
254058507456962
255117744840406
255629052919189
257075118197811
259380914015916
260025659879720
260107483079123
260427619730371
260610944512619
262132481607908
262588642248969
263699482333650
264445648558636
264945051195459
265579440717175
268779080899750
269251842866521
269960630535862
270366115295149
271161475250418
272135959882993
272412266303808
272921224699223
274044968230810
274447553423952
277061913737804
280016017843568
280485411459146
280507265465993
280828897048505
2884125123717
29437951996221
29472073695183
30942444686268
31245950828464
34303162803613
36058030541339
37949757032197
39109779787238
39603513724781
3988092007935
40582540457722
40956508003033
41103611567771
43553702005864
45931149596213
46543792981372
47587704640954
47773145252055
48946007243213
49375314013096
49747984207090
50935915219048
52481191471860
52570649326475
52641529490446
54193546543576
55374041781904
57507531625645
57855304305752
59159634503418
59642259753252
60621702065905
60851117438056
61013066828391
6189346533361
63150848924535
63221203490112
63905674355967
64483702749399
64555011678869
64820087344818
64855013469278
65033102785449
65076531416372
65200264711044
67369289819398
69826072430731
71101714702222
71890557663190
72180389975013
72280365469855
78386376411303
78953731717284
79060616445325
8141276692971
83668211394157
84775896169142
85588934187872
86053755702769
86072323883058
87774770469927
88409125432727
90100397281109
90830427877514
91254232194687
92804769120589
93808124732873
94455317715577
95680921335890
96293069619714
9675407196815
97450771643871
97681178433669
97966698233157
98763276890649
99096971354856
