1120293211
1140105175
1248263082
1297553583
1475055165
1486352874
148920738
1545791389
1569340464
1599213464
1661120385
1675985966
1702344681
1773633864
1807294184
1851774509
2001059908
2014680164
232529399
2352850090
2368154653
2370084826
2500360928
2538233378
2564356479
2600069576
2738920851
2775044623
2807425287
2854923124
2962829851
3040747595
3107096327
3245728909
330452158
330817773
3325302061
3379631440
3404351454
3411235391
3425147749
3720307998
3776180248
3777511173
3796309796
3874646113
413878807
4140915339
4162527769
4214959961
4216501043
4218442822
4228986372
4271608095
500273762
51495724
538276172
634888693
705042316
820404432
826887566
828332635
848343997
