103551587650793
114596801651387
127246817960358
12823855308138
1306161911079
134907733202044
144528252851947
146220771582364
149586281672502
152196128412022
155405286394448
166516959877350
173845494022602
176772648645858
180149654279235
184397269256443
187849014907952
199307451412392
200138053213156
200431523510567
200474441362416
202573327409521
203769199104096
207514320353061
217389749451460
223200214907202
232351040519789
258605096101545
263828710797738
41226525386424
45563455628067
46132414794896
500810130780
85064775886102
95155786978498
98150316350872
98953920706371
