100081494922726
1000984058523
101778149765282
102301328004065
105150585125423
105639044927534
1108411276460
112032483212879
112178856491932
113686626549311
11769690914572
118027394809043
118542330545021
120437213067972
122121633687509
122802549989842
122814761812119
12365842848388
123788098198037
124257179732915
124923198198751
127958680705279
129841616386005
130420413724697
13082948773917
133374935428720
135838508652267
136053984206967
137406412065214
13892135139628
146050190601900
147264115057592
152182297080558
152778513288921
154878103347257
154952056462029
156914211556396
160089110053871
160943500012197
164044047322957
170537584159636
171343862108151
172449319075538
17338029052372
173745587708109
176253923024175
181257063129983
18183962819372
186356995788583
186422417769156
186471840649640
18689342405301
186920548989320
191178973455305
191913854025123
193227639556783
193687385437362
193997618927810
19417056265757
194419157287275
199300774781395
202639777588718
203135390257987
204269173985624
208984040683315
213606335380513
218021424373719
220229763741701
220778125582511
221970782493094
222895439906815
225945849775769
227963197332978
229525496679055
231917347860127
236336433059886
238233133104757
244968942375562
245228501879543
247919172088960
249577031801127
250663796998455
250732576315599
251007782406819
25132202420616
251439297291296
252084484874537
252434506231862
253749333268381
254077487230734
254846082389938
255020843980844
255869162855533
25644821498415
257234997616808
257437619579273
25812710321133
260590826654917
260846952550454
263475005420705
263999751006732
26727910627008
268038314663658
268580241434249
269801421047185
270970870933798
271071975934724
27344712484711
273812437811880
274524636447106
279885065630374
280124160775300
31797646431249
32082194395441
33247121741122
33731776147429
35089643174763
39080343388503
39785799853926
40195131980477
43547241148072
43935066526100
45608747698316
48089733670497
50825207433543
51957812087122
5350695222968
54935689632622
59259571646310
61283525542306
61820855335802
62511473639566
63566602125155
63751258523754
65665201567302
68600019417702
7063463164424
74396247584940
74890452596961
75565324527464
7637723907678
78743974714335
80374951418245
86806583002296
86815827103759
86837090784708
87331563936803
91917365126435
93989221193502
94153760399555
98124724592356
