100799154596571
101976304531049
102574063872201
102601875642257
103455010523169
103640913342753
103744333411548
103840397119116
103949270836
106929926376864
10854687878830
108701348383200
109431878967223
110658477085045
111702879421302
111926920400942
113016405434651
113646464340084
113850322566831
113852735133007
11387989593771
114205075548777
114676770288358
116565675145481
117113246482739
117384679274668
117419864952744
117591101435143
117712302353151
118967344443576
119597027961742
120233252997321
120262788888728
120508482188481
121902084042573
122297988269434
123856813709398
124372787342761
126159377825011
126982424500843
127210395382041
128662312750662
128916735428156
129622578006609
130312584043743
13077697080703
130967212801865
132404014230453
132558629151361
133604218659642
133704027060561
134610908158590
136326674907492
136431317705023
138449560509513
139346525917987
14140751030710
142655143087722
142905232271724
143313801385017
144425161317169
144579080338616
145769558367441
146536771925555
148271358914359
148285708190985
148406200761103
148774001384989
152560549059372
153081708204472
153905815255336
154571795591624
154808470689964
156326922117358
156446060870441
160246396905285
160543838936323
16149329155407
161697179343439
161814972155701
162388491356304
163476418607269
163734864806454
16478276072359
166205272894130
166321360929492
167132531509576
168163944485046
169783730421013
170783861243901
170933657332220
171783767319820
172389433806403
172757263488067
172782099403214
172918491982354
175929608405782
176025960123181
176398378874240
17716997635871
178127401959055
17913527484995
181308574782619
181411880651204
183393086259366
184997589013841
186015514988100
186408716278318
188260918466704
188639330663328
189784288013638
192319505144811
192654326456210
193774580416356
194394140998105
19447339721141
194490085922779
194691034704611
194760416128254
195574725377004
196520063228150
197012553966983
198205092670216
198572575593446
199088980138504
200083533268981
200293554634055
200944943084050
201683730667907
201938859658576
202125060294282
202209768430525
202325729563532
203672756886120
205609068646764
206998671599030
207310456761415
209300046403063
209362131059013
210953837868820
212867220497620
213484206960721
215074664069525
215661593449336
215669502804307
215950234013487
216158290988806
21692344665983
220895182721337
221438385466704
223465258507765
224251618661597
225248442146529
22648470471361
22847892907269
230348214791798
231263404669439
231833843412979
233011074465658
23401250193706
234076034940328
235346857689942
235626354258983
236003114799882
237155999939961
237223790974308
238034351403792
238315726190813
239235972528056
239966912086768
240329201624731
241284247475115
241919973787375
241920777853937
2423264668051
242720009005766
243191445748439
243435027237651
243553556085523
243672729297737
243743396640786
244929701954361
245783016887045
246021747775826
246222785588520
246551543624670
246613924831595
246702802934772
251629235119723
251854991941915
253217694454933
253712751477754
254497422618237
25516490419620
255229250417662
257494371033726
257583882877000
257747893694010
259076056277960
259744303635249
259772265394604
259884116336786
259933129251449
260234172343190
260419897133064
262416507494314
262775264840535
263117266937997
264584369030232
266334665660245
267873987821195
267968262502780
268103513858524
269309399536056
271550741234332
273185847941161
274055321758614
274420669141957
277079580612206
277726160399964
278448835885182
279213377653468
279433972535519
279853928220782
280389704356560
280481369851251
280968728061598
28862756503191
30126291001030
30697743008714
30947706067902
32147692010084
32442738032097
32545282181290
33418601126482
33985163215209
34138038101330
35348620385622
35867884430890
3650215397309
38254970062809
38801723956866
40042405059762
4242514317549
43061236572834
43411272567556
44049026048717
44975596157830
45348644926731
45675763573209
45958732497245
46229228145251
46290372392177
47199577074552
49782616934107
50517105651294
50862733776151
51135723787804
51185258307088
5146097996218
52419706539772
5245124470188
52668439029552
53821423984432
55430307642320
57268590382359
5734545090185
57908849829478
59203010995056
5952878752988
61875950848828
61887075789853
6346597340457
64701659672663
66757251311341
68919767073820
69466988153471
69856758469965
70602367450921
72071141590970
7392417028853
75448738265758
75552840803652
75858276022007
76073045582449
76811509771917
77839231325606
77978507743962
79091495136795
79177487879962
8014007721544
80282241436459
80393362952336
81731141218434
82845622813582
84988334956839
85668403301957
86551934153758
8796853316083
88089735884972
88237122875460
89403642722614
92052677159813
92431497537130
9386194412852
9411618271579
9470405662351
94738974330416
95522092460173
95798158110131
96369293162373
96681541209313
98135735827821
98151343294301
98417262594130
98922652575608
99410639011447
99527614732209
99712464768832
99752364919555
