103889857307548
105099926681291
11244360408032
113911987152095
117927759574308
118374955581342
118878278670364
121769125398103
12646212375754
137278344570137
142668872582385
14746426607000
148902462742169
151335825623741
15306514908983
156405933102333
156608164092037
171989690102685
17372885060911
17924703695118
179881237608202
195715097308245
202432746809269
204102776608642
215035772789646
21754573223559
221539812525443
224588224076512
225926486147192
235050559507314
241276507684813
241542583556460
249384536728693
249921404018684
265333462121296
271611978861384
275563712886726
276452417657830
277790744682339
32921097529993
33860715999465
43048139206754
51470349012698
69104805139584
70817386264634
72475356961633
76262800543470
76919268101458
84758088382774
