100625276901670
101495055829191
102804563583566
103551587650793
10355801730324
109263560079408
109878641317176
120640145086248
143574563153041
144272748539154
146432170800601
148556131447574
158904067847008
162831793965837
168992652097891
173096494895064
178013810131600
188076518209921
189574764932929
194861482003569
218283935296250
222622380484164
232222076019639
237997694426699
239270436853230
239559133660003
24133826191804
245260224586465
266046192671603
27779956771049
33330674449873
33963865118962
34968623393979
41302777432666
43702663963216
60734578374904
63836088579853
81066433448191
84934708801354
89688898794881
