113109749443253
114596801651387
11951870430485
123029669757796
130954434781854
131765576839888
133863056845896
139022610359986
140093165839190
142697538632323
148062212754317
158266365745232
166516959877350
176789108960200
179060880326653
187596270867110
187629679098601
192388982967634
193333930829874
196224299853336
200474441362416
207324407720848
20920349995837
210993179001534
218317140894200
242272072625077
242785011585476
247021849080054
248134232551703
259007471667881
262816689050478
263968429449060
272976528955438
28003344264277
29745256304322
34601500390332
44811772907725
57822596199105
66236141005229
72396028159454
72978486366037
82895437386823
85745740744390
93389880089273
98953920706371
