103551587650793
112195289556440
133927539221121
144154895943087
145919065647940
15569650543341
158259302696047
158904067847008
159651180530257
173183101544409
174161300692033
176165675741287
180924656223942
185518880062947
200916755461691
202808993599726
205233204910098
209856644940267
238364436178960
240322097922806
243611086793220
248596357406570
259225386734945
268740960002226
270897774236000
33082977623468
33555567548337
33631631491064
34527339257210
51010771032709
69324065926423
71581579399390
77358210265565
78445762957333
7984786150118
82027676128717
87635380403637
8910518674483
99213307746718
