0
1000
1008324608
1017788064
1024
1041575336
1046625382
1046745344
1049075088
1049757680
1053094000
1056337792
1056933000
1059392791
1059558466
1063259724
1066047984
1066557854
1066964584
1067430134
1069724536
1078254907
1082217248
1082723890
1083218208
1083728403
1086837922
1086955438
1091740024
1092830832
1093020785
1094926626
1097475266
1104555663
1104668754
1109342635
1110725289
1116246460
1117590543
1120647914
1125394324
1130557525
1131542975
1131663318
1132107038
1132514290
1132719335
1132739272
1132767271
1133412764
1133985479
1134023749
1134063238
1134091150
1134157478
1134222441
1134257473
1134295037
1134356681
1134378174
1134494071
1134576366
1134580502
1134684576
1134690801
1134759284
1134994954
1135112582
1135114262
1135139541
1135391828
1135575278
1135580916
1135660633
1135690218
1135699020
1135734437
1135856580
1135960350
1136017215
1136090844
1136104551
1136104756
1136105682
1136121977
1136229123
1136316582
1136334036
1136359681
1136445914
1136471702
1136691796
1136846772
1136906767
1136992222
1137052633
1137111531
1137129676
1137149035
1137158768
1137194813
1137250347
1137337414
1137403800
1137441710
1137507436
1137517823
1137552933
1137646804
1137652014
1138066502
1138069937
1138162103
1138254949
1138322895
1138563759
1139519896
1139676506
1140008900
1140179996
1140549150
1140588588
1141194151
1141198978
1141199946
1141216616
1141229552
1141231153
1141265975
1141404898
1141762180
1141930454
1141992638
1142035704
1142074922
1142091361
1142194032
1142220304
1142229686
1142250527
1142427536
1142462771
1142548242
1143332434
1143707299
1143796262
1143819557
1143891104
1143893450
1143915935
1143972627
1143973216
1144070679
1144125233
1144162225
1144170228
1144195265
1144205950
1144234223
1144394464
1144408353
1144443724
1144503836
1144518085
1144737316
1144759068
1144792330
1144872101
1145022989
1145085699
1145133564
1145140053
1145180801
1145366168
1145384761
1145437614
1145438690
1145453332
1145519997
1145563893
1145574258
1145583670
1145589197
1145590249
1145598385
1145599872
1145652743
1145657255
1145712900
1145729467
1145760895
1145768044
1145844045
1145913588
1145941020
1145969916
1146043435
1146084711
1146110344
1146113942
1146145492
1146177403
1146248641
1146314601
1146442101
1146472032
1146524739
1146575651
1146600909
1146623920
1146639881
1146678905
1146681317
1146705967
1146735279
1146735529
1146736176
1146770400
1146782229
1146802351
1146854849
1146871490
1146907871
1146929122
1146938958
1147076154
1147131319
1147221280
1147229048
1147239610
1147246312
1147250927
1147285640
1147286575
1147334025
1147356670
1147373852
1147375906
1147397624
1147400345
1147408599
1147410789
1147429992
1147469597
1147469623
1147488566
1147489489
1147572320
1147594733
1147601026
1147633934
1147662442
1147673207
1147698370
1147698772
1147710406
1147718200
1147752942
1147953433
1147989793
1148086522
1148161883
1148163458
1148164960
1148183318
1148184443
1148223481
1148266589
1148298719
1148427821
1148442315
1148483892
1148500858
1148521598
1148527452
1148579961
1148587339
1148595437
1148603587
1148644086
1148652992
1148691011
1148717113
1148721549
1148745519
1148746525
1148958876
1149055648
1149347710
1149348752
1149373114
1149435858
1149445776
1149566914
1149571633
1149575732
1149579269
1149588608
1149604370
1149613313
1149653206
1149710527
1149734833
1149759325
1149784760
1149800821
1149918182
1149970814
1149977228
1150020024
1150039079
1150045319
1150045601
1150068862
1150069128
1150122113
1150152253
1150159417
1150174859
1150184733
1150221266
1150241248
1150271607
1150273342
1150296323
1150311770
1150335466
1150348663
1150386225
1150386702
1150409235
1150433549
1150445914
1150489049
1150491586
1150518998
1150578060
1150622796
1150626558
1150633041
1150646117
1150671186
1150675084
1150688574
1150716210
1150718272
1150727307
1150735750
1150739786
1150773395
1150774973
1150786613
1150787806
1150795325
1150812402
1150814068
1150816239
1150817276
1150818112
1150818922
1150822457
1150834951
1150839165
1150863450
1150865185
1150874378
1150876431
1150882032
1150886305
1150891603
1150895128
1150899458
1150902149
1150907596
1150919349
1150920837
1150924332
1150924468
1150937975
1150941277
1150970818
1150997630
1151004013
1151020336
1151021007
1151022774
1151031338
1151034132
1151037507
1151041628
1151054458
1151054832
1151065210
1151076709
1151113567
1151133467
1151147549
1151166584
1151168239
1151184061
1151202236
1151216638
1151223073
1151228869
1151236044
1151267266
1151290178
1151334698
1151348596
1151356044
1151369263
1151385086
1151391544
1151417995
1151549133
1151551214
1192187980
1239181218
128
1385885867
1394298420
15
1500
1505042877
1540867723
1596540347
1640238394
1692083765
1756080193
1805755795
1901578613
1936061805
1963302672
200
2000
2026872138
2043200498
2160465960
2191340210
232597866
2442877882
25
2525699533
2550763460
256
2597925721
266
2681776972
2798009337
286394568
2994120198
30
300
3008052843
3033386157
3034126620
3095770665
31
3183816832
3184637440
3187835371
3199230509
3199230512
3205930904
3207996016
3209012696
3217656012
3218273554
3219868674
3220182944
3221574115
3222933460
3223145700
3223896623
3224171580
3224551559
3224611072
3224851888
3224857512
3225094722
3225338616
3225524642
3226027954
3226319387
3226362153
3226402045
3226516548
3227461458
3227523148
3227728715
3228373820
3228400948
3228417010
3228546332
3228971114
3228989262
3229038588
3229061355
3229165294
3229741682
3229943192
3229984766
3230062386
3230183130
3230228474
3230310389
3230399017
3230427398
3230571332
3230578048
3230649972
3230683369
3230733356
3230879085
3230938983
3230967829
3230981146
3231037480
3231161323
3231186795
3231223617
3231241839
3231371080
3231621805
3231702284
3231815347
3231845754
3231920387
3231941677
3232004678
3232123037
3232211141
3232268158
3232326339
3232350712
3232421754
3232433380
3232527821
3232681500
3232722682
3233103137
3233146005
3233195674
3233260130
3233303507
3233454466
3233518889
3233687661
3233692074
3233815967
3233847154
3233905931
3233928486
3234104657
3234728778
3234796221
3234815137
3234914342
3235488203
3235610592
3235745079
3235840323
3236204536
3236314411
3237165929
3237174315
3237218022
3237218026
3237268668
3237287748
3237690214
3237698601
3237742304
3238791888
3238844426
3238860932
3239397250
3239418242
3239648920
3239662302
3239690973
3239900599
3240107662
3240154854
3240275744
3240383312
3240445861
3240519226
3240522177
3240592624
3240671560
3240781393
3240833852
3240922216
3241001607
3241135062
3241263713
3241295170
3241326627
3241583749
3241608962
3241620747
3241710294
3241774418
3241776514
3241782807
3241793838
3241793839
3241817117
3241825843
3241829985
3241829986
3241829988
3241829990
3241829992
3241829994
3241831680
3241859257
3241875572
3241880734
3242006120
3242050123
3242052288
3242055978
3242070335
3242092088
3242092115
3242092125
3242092127
3242092132
3242092134
3242092135
3242092136
3242092138
3242092140
3242092141
3242131453
3242131456
3242131457
3242131458
3242144569
3242198054
3242213269
3242213407
3242215094
3242215095
3242297256
3242521612
3242584203
3242763658
3242844195
3243002284
3243086316
3243089935
3243119617
3243179290
3243273058
3243765081
3245191914
3246491742
3246573331
3248708131
3248708134
3251043772
3251669042
3252721534
3253037829
3254381796
3254483884
3256362150
3257610633
3258186932
3258340824
3259934062
3261140869
3261837256
3263630283
3264025147
3264469280
3264576011
3265793937
3265861703
3266423161
3267645735
3267806044
3269493221
3269889373
3272173831
3272388330
3272472754
3273402050
3273494844
3273688202
3273818283
3274065036
3274578126
3274625921
3274778771
3274911198
3274968712
3274978267
3275178079
3275251036
3276128225
3276188005
3276202544
3276625465
3276961485
3277037115
3277156521
3277866252
3277875688
3278059430
3278125214
3278169071
3278230148
3278277905
3278344745
3278489292
3278511849
3278615996
3278719384
3278805423
3279612876
3280014073
3280101555
3280116284
3280218414
3280218843
3280370854
3280566518
3280570600
3280754906
3281063135
3281107136
3281470370
3282030864
3282347378
3283292207
3286720832
3287953398
3288245480
3288258087
3288268844
3288452778
3288682289
3288712426
3288837660
3288916576
3288989333
3289042881
3289143769
3289268811
3289275938
3289367944
3289621784
3289634265
3289746192
3289767677
3289769557
3289815009
3289863202
3290032592
3290060421
3290073271
3290312203
3290603805
3290870584
3291172600
3291275911
3295059954
3295905000
3295959447
3296032352
3296387641
3296402855
3296435054
3296459894
3296477237
3296590008
3296831255
3296961520
3297015020
3297026133
3297133593
3297138060
3297140308
3297221807
3297290275
3297291406
3297342425
3297393925
3297455402
3297638477
3303549026
3479488658
35
3550640878
36
371502330
3815911691
3820802894
3827258893
3866954382
3990276378
40
400
4040898210
4278905348
468599500
5
500
522
55
600
622484996
652711627
700
768
800
870906983
