1004233578
101586896
1016259527
1019100981
10213203
1028764274
1031501907
1033619662
1039815631
1041103781
1044598431
1046928783
1050901204
1053523009
1061266533
1063319294
1063409902
1065340490
1078214464
1080270363
1082552037
1084170840
1090495631
1091092165
1096402540
1097179550
1098843935
109899002
1099023082
1103770456
1115385211
1115734226
1116389852
1119388927
1119431122
1122823426
112495657
1125837079
1126505336
1127307382
1132491117
1132597340
11364087
1139525781
1143571769
1144352617
1145815783
1146064292
1149161730
1153785949
1154385394
1157932095
116672368
1168797618
1169142674
1170800497
1173707157
1174939001
1179524833
1180535167
1184348674
1184432918
1192470714
1202424835
1209867781
1212441263
1213565903
1223771147
1224867232
1228642292
1230576993
1232815940
1241394900
1242329348
1244772231
1245505356
1246196040
1247173063
125411887
1254640657
1255553757
1263705285
1268544806
1270324012
1271984643
1272060687
1272561951
1272675528
1282449712
1284071940
1285000279
1285872045
128867551
1289616231
1292161072
1292829062
1293556218
1297321292
1298199893
1298872044
130917698
1311288680
1317487374
1318681550
131931718
1329414656
1331134498
1334420139
1336948202
1337936528
1339455268
1341565094
1343969960
1344145167
1349530775
1349786660
1349954649
1354476408
1360166936
1361710115
1368866753
1376218878
1378416299
1385104605
1385408187
1388756352
1390220082
1391221506
1396945196
1405391189
1406752223
1413534875
1414955312
1420278152
1422404158
1423790487
1424722595
1425383746
1426157180
1427413959
1429380276
1431519000
1433115482
1433741688
1434483876
1438759727
1440430452
1446842056
1448681922
1455695575
1459011507
1459612262
146273999
1465926753
1473070128
1478313979
1481767031
14819686
1482461012
1483093249
1484226139
1485043374
1488793874
1493516573
1494575063
1498746595
1498937161
149896915
1501566353
1502217123
1502221069
1504064898
150599620
1506561215
1508166733
1509528487
1512844807
1513489631
1518575160
1521037189
152150694
1528728073
1530430280
1531507010
1538432469
1540633396
1541169082
1542003591
1545422691
1549389643
1549850295
1551961587
1554702420
1554869015
1556272450
1556424311
1556951052
1559869173
155991551
1560140358
1563116709
1565829204
1566869904
1566899946
1571435947
1572340667
157242343
1574568122
1581279370
158569737
1589741329
1593915720
1595064702
1596753640
1598116705
1598711169
1599132944
1604042188
1604718219
1605309043
1617019607
1619814945
1622076656
1622725429
1623025533
1632200148
1634056397
1636409102
1639758709
1643947975
1644257695
1644396787
164482929
164653655
164925333
1660110920
1661808609
1662530799
1663479313
1665931987
1666786732
1669058100
16718521
167221366
1674754354
1677623114
1680375585
1682907829
1684556262
1685718395
1687579518
1688915073
1698913837
1699627191
1702320155
1702908103
1705058877
1711241375
171460609
1714632038
1716196661
171916223
1721114805
1721922900
1724976122
1731090230
1731408951
1732924967
1737044277
1738690908
173899570
1743330841
1746521699
1747929387
1749417745
1751860902
1752160423
1752546158
1752886083
1756730265
1761489
176175283
1765148340
1768173044
1768782486
1768934907
1769275425
1771135756
1771335249
1771590544
177263975
1773267321
1776692736
1777243355
1778055477
1778610228
1778705636
1782255899
1784177618
1786810073
1791437260
1796046341
1799711097
1800598994
1804561596
1806299697
180667215
1807284702
1807928574
1807932281
1808950972
1813545801
1818259616
182161280
1821698064
1824809707
1827367148
183008924
183201446
1832359014
1832406422
1839322447
1848553604
1853457924
1854099684
185766110
1860988934
1861492606
1861841422
1862487993
1862655507
1863517392
1865242534
1865510466
1867729461
1867763139
1885173076
188577206
1886588261
1893211777
190247311
1905308628
1905760755
1906950842
1909216211
1909454126
1910676937
1912664975
191646317
1917788367
1919936806
1922551460
1929480643
1930977688
1932236967
1932995063
1937013111
1937938894
1940181320
1940467573
1955331550
1956565930
1959240837
1961311548
1961840191
1969605988
1971230556
1975023937
1975333269
1975897165
1977443712
1979343344
1979533727
1980665893
1983366099
1985706855
198584239
1986697160
1987862533
1988968872
1989376432
1990825736
1992379241
1992392485
1993070652
199427183
1998888703
1998968071
200245123
2002554156
200805001
2009096788
2011748358
2013662313
2014049410
2017683786
2020410605
2020565780
2024385819
2026394187
2029645248
2029776461
2031028784
2031238704
2034684391
20355359
2035691859
2035699377
2036009103
2037460877
2038573876
2043631369
2044687197
2048735290
2051931175
2052505665
2056788716
2057512698
2058151800
2062383855
206331400
2067754207
2072043163
2078158414
207961668
2086600248
2088102521
2090922129
2091480561
2103536918
2103773504
2106547536
2108421930
2111472374
2111541533
2113629194
211974827
2120200325
2122737869
2122947390
212326468
2124170727
2124824569
2124950297
2125512466
2127202070
212869989
2129207221
2132532273
2135614041
2139961150
2144205074
2146967542
2150367555
2150711569
2153145600
2153172084
2159159419
2167669512
2172846182
2172927830
2173837161
2174604335
2177199374
2178803605
2182507852
2187250376
2188638226
2193784951
2194449743
2195485299
2195822503
2196272925
2197748321
2198959795
220087127
2203552060
2204850830
2206780103
2211127924
2212867064
2219477297
2219539162
2222994462
2223166552
2224987778
2225059164
2225169913
2225963174
222788706
2229020587
2230345497
223075132
2235443750
2236359487
2238117138
2240361102
224371844
2245702807
224915774
225004163
2255313712
2257221713
2264024798
2266640701
2270525033
2272377392
2279340205
2280175124
2281292301
2284484093
228477771
2285642249
2289526439
2293851167
2297022717
2297831829
2299612984
229961538
2301512035
2303139068
2303861412
2304552483
2305799588
2310907054
2310926645
2311600305
2311929655
2313448138
2318149028
2320081672
2324774096
2327726142
2327925389
2331405189
2332359704
2333254164
2336447839
2338792498
2339838942
2343987810
2345518082
2346577173
2367156951
2367434600
2372066655
237358053
2377768175
2379415620
238193547
2381973721
2382226420
2384440286
2384887037
2389624021
2394068683
2394447386
2395697676
2397372146
2398628900
2402553723
240327902
2404801538
2405533715
2407826259
2408581373
2409959222
2417570648
2420168006
2424713722
2425327654
2429467882
2430666073
2433602299
2435118613
2435254351
2436845019
2443525741
2443736599
2447234941
2447594221
2450768220
2451714880
2452595801
2452842434
245548991
2457920402
2458278173
2459368075
2459726457
2460097937
2461590103
2469706260
2474491342
2474922737
2478620664
248429681
2487792464
2490186722
24906333
2490853480
2491108438
2491342933
2492207680
2494325327
2494771910
2498653926
2503255553
2505119965
2505224116
2511131676
2512939499
2513110802
2513241313
2516479278
2519971668
252141040
2522264365
2522770909
2523376352
2527513082
2533873092
2535713549
2536812237
2537289483
2537969290
2542403139
254301970
2544535778
254623553
2551024570
2556007642
2559788270
255979629
2560688967
2561544170
2569566971
2571735387
2574301926
2575239699
25761317
2580328046
2580813324
2583724073
2585123568
2587363029
2588503746
2590624471
259086720
2591533260
2593379012
2595271957
2598366060
2600122269
2604039249
2607238329
2607610623
2607808172
2611132228
2611184970
2612381423
2620442195
2624017492
2625230192
262593101
2627579454
2629291179
2632464715
2637511868
263852546
2638625100
2638910508
2639230222
2652523229
265430967
265734432
2658438777
2658845692
2662319093
2664708055
2667026076
2677887921
2681103549
2681462464
2682993937
2684338979
2687560529
2688479619
2696031306
2703163366
2703466108
270441928
2707623692
2714255032
2715716359
2719061086
2719585765
2723180763
2726093357
2729454401
2731488306
2732895012
2734970853
2735139206
2737184641
273963671
2741029349
2742794732
2744423718
2744830123
2748696443
2752532206
2752672147
2755578954
275756161
2760097557
2760687854
276868565
2770058228
2771444356
2771896971
2775335309
2775675528
2776876028
2778528638
2780395960
2782758301
2783833611
278441121
2787561339
2788105069
2790811644
2797271891
280142456
2801532445
2801562499
280359649
280484770
280747030
2807679124
2809837493
2812471273
2812893985
2814706651
2815355342
2815643405
2817992282
2822069971
2826011694
2826385730
2827979636
282852896
2829489605
2829906873
283007718
283824357
2840750147
2843347633
2844738225
2848189563
2848955055
2849620208
2850645793
2854997781
2857012705
2859414258
2860126884
2860745720
2864697537
2866547760
2872900695
287336918
2873784065
2879002273
2883382500
2886067616
2896772715
2906853001
2909391674
2915343399
2917056332
2922937193
2927951807
2932235906
2932364823
2933770142
2937236845
2940008405
2940191486
2942405177
2943620414
2944589521
2953293763
2957424665
2957849589
2958576126
2961537327
2962290123
2965885481
296718995
2968587948
297233711
2972934402
2974540196
2976053174
297762787
2984343667
2987119463
299220218
299549870
2995563685
2996112032
2997883214
299790179
3000089127
300307833
30045768
300635867
3007043518
3007926737
3010960289
3012758541
3015703595
3018723771
3021155644
3021455360
3025197130
3031341530
3037166799
3038595609
3040348932
304407075
3050614573
3050992971
3051567323
3051943371
3054073893
3056160124
3057517446
3059796401
3062554572
3063220040
3068823597
3073084313
3074232829
3079096536
308080563
3082373680
308262846
3086198450
3086549248
309276137
3093168251
3093980069
3100306547
3109852342
3112618609
3115330344
3121608918
3121632637
3124228106
312630766
3126455201
3130416872
3133887527
3135043425
3136955425
3137939290
3138618925
3138909364
3140090008
3145332009
3146305015
3146529484
3152529116
3153617421
3153864145
3157636342
3158536851
3159936359
3160911854
3163512066
3164509790
3164934363
3165751467
3166015941
3168273999
3168808993
3181432095
3183176543
3184065467
3187907260
3193078904
3195259249
3196207385
3204401558
3208386966
3209882904
3210057413
3211266450
3214851900
3220491989
3220949151
3221259430
3224045854
3229878598
3230020387
323027979
3231921977
3232764265
3233947521
323727901
3237626457
3240809217
3243115730
3243262828
3243893189
3252038648
3258974790
325970832
326073572
3262058038
3263061721
326467974
3271494715
3276186196
3283862649
3284274371
3284803957
3289798102
3291280478
3291948276
3293119470
3294512349
3295054433
3298845339
3301471404
3301523852
3301815265
3307331115
3309226244
3309557680
3310467186
3312539838
3312579301
331752728
331845476
3327873763
3329497445
3330246488
3335637757
3337017155
3340367292
3343579971
3344533321
3345668343
3346840409
334705407
3347339193
3353356733
3354213046
3356956318
3360719112
3362586457
3362941766
3368319098
3369344551
3370576792
3371272890
3372187862
3372933161
337331627
3377586133
3378702853
3378842531
3379298711
3380016595
3380329214
3382508795
3389022531
338942318
3389678762
3392495723
3393359002
3394273501
339924620
339995383
3402146315
34027849
3407036236
3409135348
34113279
3412301969
3414641422
3415326538
3420735389
3425111143
3426655639
3430256704
3431193407
3438408281
3438784183
3441191024
3446131722
344673674
3449833207
3449864616
3452290442
3453086574
3453732514
3454520405
3464857207
3476194415
3477063159
3481226223
3483095915
3483635754
3485210945
3487028579
348776822
3491785210
349321635
3494107420
3496169589
3501080744
3504702172
3510996414
3518269678
3521965117
3525249544
3525975090
3526636942
3526739472
35285933
3536358631
3538909080
3538975157
3539281152
3539295410
3543715421
3547713385
3548644558
3551944
3551961736
3556609014
355776664
3558107897
3558842578
3559295611
3561168425
3562858500
3563263045
3564702185
3565564389
356966663
3570637013
3571004459
3576110067
3577107658
3579574556
3583144607
3586237722
3587510318
3588478129
3589450323
358989127
3594485313
3596456363
3598021329
3602201457
3603117673
3606437336
3608146364
3609733523
3610157200
3610775398
3611730411
361257249
3616989232
3620562374
3621613245
3629396403
3631464394
363363963
3634356347
3636848752
3640032347
3642362763
3642925365
3644772544
3644897042
3648179056
3649121285
3650349946
3653256246
3656258136
3657081290
3657838005
365982558
3661440766
366218147
3666715108
3667286101
3668136140
3676798869
3681679881
3684707111
3685135118
3686485782
3688243381
3689054419
3689238535
369906362
3700900840
3703322201
3706785217
3708251345
3709012803
3714979504
3716435968
3718350183
37215164
3722266353
3725181819
3727502590
3729193753
3735466214
3735470622
3735855739
3737285115
3737460929
373833854
3741557788
374186501
3742769620
3743441730
3744591128
3747527448
3748219357
3756766941
3759433423
376057119
3763418783
376654350
3769967038
3771512098
3774939577
3775532062
3776514555
3776902626
377788609
3778368842
3778565619
3780897208
3783433836
3787441610
3787789179
3792247039
3795011878
3795708266
3795760941
3796515497
3798268213
3800842129
3802784424
3803825556
3804172309
380618839
3806874115
3810087497
381191779
3813202448
381867415
3818890582
3825714837
3827164782
3829979664
3829991290
3830934328
383106194
3833346627
3835690904
3836145372
3843604233
3847588510
3849071727
3849088685
3849331480
3854906517
3865131584
3867818896
3877094083
3878449100
3879901438
3881618389
3882754835
3886442192
3891305891
3891318029
3893282431
3895123964
389704507
3898076016
3899705480
3901688935
390355966
3903813894
3909380777
3912246623
3913545046
3913757650
3915043116
3916677614
3916908067
3917554798
3924295895
3928239652
3931397977
39315742
3933229021
3935639090
3941685107
3941746700
3944403638
3945768937
3948546030
3951447762
3952349881
3953653893
3954424189
3959428825
3962680645
3966349181
3971562309
3973394921
3976167751
3977771311
3978390766
3980136540
3980426462
3982270045
3985618336
3987910206
3987946789
3990360079
399325318
3996402175
3997848574
4000555180
400345383
4003614217
4003663920
4004854355
4005444024
4008718312
400981405
4011668773
4013537611
4013975142
4019788307
4025150453
402595395
402617412
4028008468
4029185507
4029737875
4033172593
4036894913
4040061032
4043155693
4045508437
4046478779
4046792665
4048647066
4058486964
4059421957
4059475131
4061704150
4064070469
4065003206
4066603017
4069311307
4069941475
4071104350
4073175718
4074160456
4076691995
4078518364
408198860
4087137388
4088308941
4089462194
4089630195
4093461265
4093680483
4094659534
4094852476
4096548808
4100712224
4102774981
4107236850
4107370806
4108694061
4109207301
4111365031
4112564812
411484444
411734899
4118415947
4123502240
4126993050
4129620996
4130913142
4132019628
4132559379
413410958
4134831687
4135408942
4136244503
4136307198
413793722
4146789720
4147890342
4148671360
415175780
4153448146
4153848720
4159395881
4159470536
4159678860
4163563307
4163614946
4165240542
4165740858
417439588
417592673
4179186708
417923463
4180911368
4184775262
4186238625
4188049158
4188369301
4188498172
4190441788
419652601
4198615976
4198698168
4201247540
4201932580
4202018275
4205703492
4206421128
4207240769
4213268374
4215303899
4217290257
421782665
4218100249
4223873301
4225567140
4229582614
4230918246
4236262034
4237005019
4238592786
424023225
424303563
4244026311
42452505
4249838273
4253543969
4254637748
4260034581
4261252806
426321691
4263464522
426540741
4267498216
4270768299
4273393401
4274180311
427540872
4277269689
4278125603
4279283749
4279714158
428474566
4287354627
4288059915
4288234189
4288913129
4290264178
4294669342
431864484
436687955
436889460
440644711
44221511
445434191
446208598
446666157
448928643
451968996
452850234
453136
454331220
457156940
459131329
464788391
46516249
466297873
470791125
471911412
472677835
475529858
476041560
481464694
483094981
484264672
487906617
49616694
49872767
500795101
503516460
508737396
509264523
511545768
511652782
51262077
513303580
513488167
514058774
514773304
51520927
518767722
51897021
51919614
528353754
531708265
534999738
535855126
53636417
539061883
539814830
541407173
541615674
545849245
550999027
553077754
554558265
55611847
563819412
564113462
565398486
566555756
570188392
573172165
574325524
574950767
581044655
581858440
586608383
589626705
596314128
598529676
600081830
602545811
603642210
603865955
604538438
610125908
614432852
616272285
616332134
616373726
61684207
618562902
62064536
620739148
62541052
625599215
625845393
627876194
628702370
631748885
632021668
632667232
634033921
634455641
638771744
639336303
639476424
64014787
641133774
644142434
648370323
648731719
649978878
650072955
651707082
652976603
653791145
655547747
655885001
657230764
6579452
659152778
663717282
669109246
671808564
675763798
677875873
678173515
682109198
682892414
685939396
687269300
695403392
703035404
70413620
705602164
707451047
710997665
712782204
713151475
715627554
716619524
716971068
719734756
719928397
725384118
727588093
729897708
732254901
732539345
733391367
736559176
736648785
737758809
74308630
749037116
750989909
753837737
757987172
761605444
762554313
763502807
76614542
768446142
771169108
771508345
773398778
774336500
775591659
777880691
778723069
781900120
783805065
7844049
788783833
792506229
793126682
794287095
795852042
797134851
800965298
801511461
80167533
804629268
81751911
817576490
818506132
819835033
820847349
824697080
828123190
830378985
830858383
83134029
832098691
835057421
835656227
835941406
837167805
838018447
842277640
842598205
843093689
845079872
847584221
851996998
854052786
854114094
860413627
86058235
864686978
868725103
869545977
871178662
877910893
883989310
885882266
887772023
888305110
888308094
889260018
890432223
890676438
892759443
894728082
895708903
901991878
902032600
902289383
902544662
905678081
906841381
909236588
910300307
912847339
91351641
913726030
914863664
915669862
919689909
920104526
920421224
920828599
922821600
923330000
923361011
926131630
928445765
930206909
935086553
935901991
936761591
936997111
937806812
94113596
94455176
945056886
945810000
951332359
957136168
958950875
960099277
960228812
962389759
964576350
969705954
972545943
975097470
976613988
981156607
982841815
991916446
994490242
998185903
