100901969376981
110479100093976
122711649680610
129646945610019
133491419428006
150773366051472
158904067847008
168992652097891
170839412492117
17383409829056
175264531048347
176687779036123
176773394912871
188076518209921
194861482003569
200575094339555
201110351242294
204247258198176
213139676205036
220887253129669
225751648103948
226309322919023
228062581588140
231162550955012
245260224586465
247440660971136
24839636709112
24899684235260
280041345334453
32723629593930
33963865118962
42276565592997
44406690151903
60062637469085
7440754979513
80314748691596
81777022251463
88652436030808
97968542589952
99963485297784
