1001247382
1007487588
1017925760
1167015310
1194946362
1227555081
1245860611
135117334
14450851
1526944190
1576645260
1695951196
1775171546
1861323442
190371685
2001821559
2218195021
2226490387
2440931615
2486553706
2513096465
2596406381
2609768262
2763006339
2866324000
3027885231
3033484969
3063658636
3183669012
3194924891
3276710516
3295990287
331487888
3355064052
3361642177
338178770
3441389950
3581534531
3720931085
3783995182
3820576700
3868420629
3891616888
4027211031
4224752769
4252760795
437065278
483160433
