106369860542361
106859432394582
11498065929603
117123199463576
119250205430817
135198285184116
150172820110230
150261616705956
157666312686022
159983324762074
182464574546717
186233234920925
186979050421127
187773444745253
190753971452295
191675114326081
192844030249876
223116790972012
23184949428850
233987260980340
234156464207428
241732854775808
265660073009679
265727162219092
27182410055679
276438749068578
280763679100322
36451795451497
37304765062517
40472571854331
44562939846449
47761258244296
6086388418209
78251013358703
92122939563327
