1002198364
1002198365
1003640281
100711222
100711226
1015031264
1015031265
1015031273
1015031274
1015031278
1015031279
1031808857
1031808858
1031808860
1031808861
1048586440
1048586441
1048586443
1048586446
1048586447
1050562426
10514089
10514090
10514091
1054611616
1054611617
1054611619
1054611620
1054611622
1054611623
1065364130
1065364132
1065364133
1065364135
1071994945
1071994953
1071994954
1071994955
1093604101
1095046638
109676306
109676309
109676314
1099027765
1100438658
1105550246
1105550247
1105550250
1105550251
1105550253
111040368
111040373
1133454358
1134407313
1134407314
1134407317
1134407318
1150232049
1150232055
1150379112
1150379115
1150379118
1150866404
1150866411
115858225
117488788
117488795
1178396815
1183934284
1198266416
1200711968
1200711972
1200711974
1200711975
1200711977
1217489553
1217489557
1217489564
1218263409
1234267141
1234267142
1239165396
1239165397
1239165398
1251044851
1251044856
1251044857
1251044858
1251044859
1251044860
1251044862
1251044863
1252435448
1253624558
1261303155
1261303156
1261303159
1261303160
1262692338
126453888
126453893
1267822437
1267822443
1267822444
1267822445
1267822446
1267822447
1278080738
1278080747
1294858323
1294858324
1294858327
1294858334
1307649234
1309499581
1322175365
1326829748
1337887764
1337887765
1337887768
1337887769
134266370
134266371
134266374
134266375
1348505100
1354665350
1354665351
1368419133
1378746480
1378746482
1378746493
141371090
141371095
141371096
141371097
1414591028
1415714437
141703971
1426288944
143231610
143231611
143231613
1433614597
1442692173
1454128366
1455446894
1473011407
147308723
1494984200
1511383527
1514110004
1514110005
1529450868
1529450871
1530887584
1530887585
1530887588
1530887589
1530887590
1530887598
1530887599
1540373745
1544938699
1544938702
1546401728
1546401729
1546401730
1546401732
1546401735
1546401739
1562712144
1579783618
1579783619
1579783628
1579783631
1587788739
1588622138
1588622140
1588622141
1599129771
160009186
160009192
160009194
160009195
1613182038
1613182039
1616775940
1616775943
1617117106
1617117112
1618552624
1619145348
1628400560
1628400561
1628400563
1628400567
1628400569
1633553656
1633894688
1633894693
1633894698
1645178147
1645178149
1645178151
1645940526
1647315438
1650672277
1650672279
1650672286
1661955729
1661955730
1661955731
1661955742
1667449857
1667449864
1667449867
1667449868
1667449870
16676011
1678733323
1678733325
1683828709
1683828710
1684227573
1692332927
1695511028
1695511032
1695511033
1695511034
1695511039
1712288615
1712288616
1712288618
1712288622
1712288623
1729066176
1729066177
1729066178
1729066187
1736701364
1745843891
1745843892
1745843895
1747981155
1747981160
1747981161
1754601524
1755207645
175939744
175939749
175939750
175939753
1760963082
1760963083
176786775
176786779
1769068586
1772411346
1772411347
1772411357
1772577195
1776912547
1777740789
178143220
178143221
178143223
178143226
1789354770
1789354771
1796176651
1796176652
1796176653
1797610961
1812954336
1812954337
1812954341
1812954344
1812954345
1815296406
1818413064
1830199824
1830199838
1835867820
1843302478
1852003762
1852003769
1852003771
1852003772
1861607475
1862993000
1862993002
1862993003
1862993007
1863370088
1868781349
1868781352
18724194
1879770582
1879770586
1879770587
1879770589
1879770590
1880532715
1880532716
1880532717
1880532718
1890020524
1891262221
1891262222
1891262223
19025426
1904125877
1909762444
191703977
191703978
191703981
1918771417
192717338
192717339
1930103448
193564465
193564468
193564469
193564473
1938583904
1938583906
1938583910
1938583911
1938583913
1946881026
1946881036
1946881037
1947028203
194920806
194920807
1955361489
1955361494
1955361498
1963658742
1963658745
1963658746
1963658747
1963805777
1963805783
1963805788
1965693562
1972139073
1972139077
1972139079
1972139087
1974191442
1974191443
1974191446
1974191447
1980436307
1980436308
1980436309
1980583360
1988916797
1988916798
1988916799
1997213891
1997213893
1997213895
1997213901
1997361074
1997361075
1997361081
1997361082
1997361087
1998443973
2005694382
2005694383
2013991600
2013991606
2013991614
2014138666
2014138670
2022471961
2022471963
2022471967
2027383445
2030769186
2030769194
2030769197
2030769198
2030769199
2030916225
2030916226
2030916227
2030916230
2030916232
2037104047
2039249652
203993429
2044926630
2047546776
2047546777
2047546783
2047693937
2047693943
2047883287
2056027232
2056027233
2056027234
2058763938
2064471520
2064471521
2064471523
2064471527
2072804816
2072804824
2072804829
2072804830
2073744086
2081249106
2081249115
2081249117
2085502898
2085502903
2089582408
2089582410
2089582411
2089582415
2098026696
2098026698
2098026699
2098026702
2098026703
2112519084
2115452529
2115452543
2133966763
2138932840
2149007705
2149007707
2149007709
2152303010
2153599076
2153599077
2153599078
2165785286
2165785290
2165785292
218126463
21895408
21895414
21895415
21895421
2194190546
2194190547
2194190548
2194190549
2194190550
2199340564
2199340566
2207984786
2207984788
2207984789
2207984791
2216084147
2217314679
2224695534
2224762378
2224762380
2224762381
2224762382
2224762383
2237604792
2241473107
2241473116
2254487392
2254487393
2254487396
2254487403
2258250700
2258250701
2263517680
2263517681
2263517686
2263517687
2265612361
2265612362
2280295269
2280295270
2282390057
2289602845
2315394858
2315394859
2332172437
2332172438
2336445345
2340792709
235243043
2355287584
2357570430
2357570431
2372188560
2372188563
2372188564
2372188567
2372188568
2373557506
2373557508
2373557509
2374328468
2376953192
2376953199
2386635340
2392538562
2392538563
2392538564
2392538565
2395854422
2396185775
2397504303
2404559822
240587889
2409316274
2409316282
2409316283
2409316284
2409316285
2409316287
2423698556
2426093860
2429887559
2429984417
2432906842
2440492911
2444063635
2486890224
2517129661
2530576212
2553561316
2573582541
2583604420
2583604421
258961487
2590444696
2590444697
2590444700
2590444701
2607222384
2607222385
2607222388
2607222389
2607222392
2607222393
2608061955
2609213075
2647100388
2650862048
2650862049
2650862050
2650862051
2665000548
2673985210
2673985211
2673985213
2675319590
2676158265
2685068062
2701047754
2701047757
2701047758
2701047759
2713120459
2717825466
2717825467
2717825468
2717825469
2717825470
2743415772
2751177606
275739199
2759354812
2763972018
2769144062
2784039532
278808833
278808834
278808835
278808836
278808837
278808844
2800516150
2801860656
2801860657
2801860658
2801860659
2818730377
2818730378
2830624145
2830624158
2835508093
2843987970
285383938
2873535188
2890242009
2890242013
2909296643
2909296652
2909296653
2915064067
2931884240
293379382
2938293810
2938293816
2938293817
2938293820
2938293821
2938293822
2938293823
2945453888
2945453889
2945453890
2945453891
2945453892
2945453895
2949307355
295586546
295586547
295586548
295586549
2957383941
2962231614
2962231615
2979286707
2979286708
2984894946
2984894947
2984894948
2984894949
2984894950
2984894951
2990907747
2990907755
2990907759
3001672528
3001672532
3001672533
3001672535
3007685338
3007685342
3012841887
3016003830
3016003831
3016003832
3018450126
3018450127
3029499283
3035227826
3035227834
3035227835
3035227837
3035227838
3035227839
3041653425
3052005416
3052005417
3052005422
3052005423
3064629834
3068782976
3068782977
3068782980
3068782981
3068782984
3068782985
3079952321
3093936350
3096730040
3096730047
3098985909
3101557716
310160657
3102338286
3102338287
312185844
312364137
312364142
312364143
3159658898
3159658899
3159658908
3159658909
319990150
3232955524
3232955525
3232955527
3232955530
3232955531
3249733237
3249733238
3249733239
3251641067
3255233653
3270633184
3270633185
3270633186
3270633190
3285196347
3285715760
3285715761
328736241
328736242
328736243
328736244
328736245
328736246
328736247
328736248
328736249
3291263680
3291263682
3291263687
329141716
3293821396
3301312746
3304188354
3304188360
3304188361
3304188364
3304188365
3304188366
3304188367
3308041392
3308041396
3308041397
3308041403
3318090308
3318090311
3318363584
3318363586
3318363587
3318363589
3318489331
3319719863
3320966068
3320966072
3320966075
3320966079
3324818976
3324818977
3324818978
3324818980
3324818990
3324818991
3333879940
3333879946
3333879947
3341596560
3341596561
3341596568
3341596569
3341596571
3341596572
3341596574
3341596575
3349221558
3354641089
3367915373
3374964251
3396555541
3414948319
343715958
343715959
343715962
343715963
343715964
343715965
343715967
343866638
345513824
345513825
345513826
345513827
345513831
3455804281
3463783294
3492595168
3492595172
3492595173
3492595174
3492595175
3509372752
3509372753
3509372756
3509372757
3509372758
3509372759
3509372766
3509372767
3512667461
3526428781
3526428782
3527745398
3537380008
3537380009
3537380010
3537380011
3543206359
3543206362
3543206365
35501788
35501789
3559984051
3559984053
3559984054
3559984059
3571291870
3573401412
3573401413
3573401416
3573401417
3573401418
3573401419
3573401422
3573401423
3576761634
3576761635
3576761637
3576761638
3576761639
3576761645
3591824702
3598192629
3601025872
3601025875
3602731259
360493521
360493524
360493527
3612359368
3612359369
3612359374
3623734277
3629137076
3629137077
3640599667
3641830199
366211640
3673889168
3678084808
3682011266
3693972514
3715566568
3715566571
3715566573
3715713606
3715713607
3720009078
3732344151
3732344155
3732344156
3732344159
3746050241
3746050244
3746050247
3749121844
3749121845
3762827952
3762827955
3762827958
3762827963
3765899424
3765899429
377271105
377271106
377271107
377271109
377271110
377271116
3773721739
3779605537
3779605539
3779605541
3779605543
3796383121
3796383129
3796383132
3796530290
3796530291
3796530294
3796530295
379969737
3804807510
3808652288
3811915076
3811915079
3813160708
3813160714
3813160717
3813160719
3813307872
3813307873
3821585088
3823816607
3826215157
3826415714
3826415715
3826415717
3826415718
3829938422
3829938424
3829938426
3842207592
3842207595
3843193296
3843193301
3843193302
3846715985
3846715987
3846715988
3846715994
3848490625
3859970880
3859970881
3859970882
3859970886
3863493571
3863493572
3863493574
3863493581
3865268346
3865268347
3876748593
3876748600
3876748601
3893526184
3893526185
3893526188
3897134102
3897836883
3910303767
3910303768
3910303772
3910303773
3910303775
3926319841
3926319842
3926319843
3927081458
3927081459
3927081460
3927081463
3927081466
3927081467
3930751201
3930751210
3930751211
3930751214
3933822687
394048817
394048818
394048819
394048820
394048823
394048830
3943859042
3943859044
3943859046
3943859053
3947528786
3947528794
3947528799
3964306378
3964306383
3971653921
3980936899
3980936906
3980936908
3981084067
3981084068
3981084073
3997714613
3997714616
3997714618
3997714623
3997861648
3997861660
4000160357
4010207883
4014445325
4014639233
4014639236
4014639237
4014639239
4014639247
4018478837
4027747074
4027747075
4027747076
4027747085
403058469
403058474
403058475
4031416947
4031416954
4031416955
4031416956
4031416958
4034289424
4039875743
4044524784
4044524788
4044524790
4044524798
4048194536
4048194539
4048194540
4072329624
4072329625
4072329628
4072329631
4089107208
4089107209
4089107212
4089107213
4094442337
4094442338
4094442348
4094442349
4100607050
410826402
410826409
410826410
410826414
410826415
4109528394
4122662480
4122662481
4122662483
4126994834
4133144114
4144036556
4144775220
4144775221
4144775224
4144775225
4144775227
4144775228
4144775229
4144775230
4144775231
4146165288
4162158996
4172995362
4172995363
4172995368
4172995369
4172995372
4172995373
4188769892
4189772948
4189772949
4216196962
4216196963
4232974556
4232974557
4235412320
4246433884
4249752139
4249752140
4251628906
4255148506
4255148507
4261310416
4261310417
4261310420
4261310421
4266529843
4266529848
4266529849
4266529850
4266529851
4266529852
4266529853
4272073273
4272073276
4272073277
4272073278
427603988
427603995
427603996
4278088004
4278088005
4283307438
4283307439
4288703793
4288703807
436613633
436613642
436613645
436613646
439311634
440280175
440567158
440567159
440567160
447903371
457344721
457344726
457344727
462351104
47060793
483696727
512135125
512135129
512135130
512135133
512135134
526103765
528912711
528912712
528912713
528912716
528912719
533759120
533926970
544003925
550954362
55758606
56540873
591849141
596023288
596023289
596023290
600249260
61432464
617139471
6204831
629578436
629578437
629725625
629725626
629725627
646503203
646503208
646503209
646503212
646503215
648882210
648882211
657995433
663280790
663280791
663280794
663280795
663280798
663280799
680058483
680058484
680058486
680058487
696836070
696836071
696836076
696836077
702187784
702187785
711719255
712968572
712968573
712968574
712968575
713613652
713613653
713613654
718965488
718965489
718965490
718965491
718965492
718965493
718965494
718965495
718965498
718965499
723198760
723198762
723198763
729370465
729746152
729746153
729746154
729746155
730391234
730391242
730391243
730391245
730391246
735743078
735743079
736082470
737009681
738807844
738807845
738807850
738807851
739530555
747168954
747168955
747168956
747168958
747168959
762925635
762925639
762925647
763938937
771063870
779703354
779703358
784089281
784089282
78559757
787208706
796480932
796480938
796480939
802747887
813258521
813258522
829295804
830036208
830036209
830036211
83786448
83786452
83786455
83933516
83933519
846813794
846813796
846813799
846813805
846912051
848142583
857863153
863881191
871096886
871096887
871096891
878292416
887874448
887874449
887874452
887874454
887874455
897146680
897146686
897146687
898719019
901448192
901448197
901448198
901448199
901448204
901448205
903982935
904505006
913924240
913924243
915790532
918225904
918225905
918225910
921282564
921282566
921282567
921282569
928691280
928691295
929273361
931138698
931977373
933558185
940582002
94262659
94262660
94262664
94262665
951781080
951781081
951781085
956646526
957061048
959330988
971338902
995025665
