105163872573972
120085594002014
129567549724250
133267679145105
142018307684900
142207903262960
145573309417572
152868950939066
158676280347751
160773256362030
17760672068622
181000854983085
202450818478157
2038103430556
204820972423979
209421710570676
210392461861876
217892387444771
218042834301320
219278645256855
223416314886298
223464008299844
255392187073604
255392660657355
260493076246366
271389964095165
271490393507670
272315117862719
279036687192073
29699206188111
37797982874905
44405928261997
52241323901317
67420359323791
79005031283117
82336895685559
87764481354112
88760227589967
89921981046149
92207731237428
96995434250428
98910489345660
