102121294
103445047
1035564269
1164918683
1265585757
1287567874
1337390510
1816517560
2188046531
2275209396
2382047336
2488903089
2533861537
2543896951
2600051425
2658297891
2664802832
2679393671
2707043676
3020578770
3066689671
3198563308
3303956139
3332446247
3335503306
3353795507
3464517161
3509204533
3558333078
3598904613
3615663537
3653757869
3705245878
3849221080
3903219000
3934779811
3975196817
3986041862
4035871505
4038374466
4040576414
4083929160
4104077724
4127149549
4128929073
4187585219
4227179995
4268744618
558168055
587486155
740238999
849464586
969162794
989806827
