1024052860
1046993935
1185708360
1225495966
1289750851
1294450937
1367247222
1382122091
1635855695
1769491242
1810065779
1816880813
1854028777
186185023
2003660754
2008851549
2084156935
2094351242
22489176
2295966637
2456386843
263613544
2639906589
2643802802
2684433911
2713797595
277338533
2823360784
300409554
3012764499
3033262628
305586710
3126997730
3213295099
3367849793
3375286023
346346207
3485398894
3508891308
3629796633
3702264272
3705646911
373276162
3780347746
4101826335
4106964311
4112944399
4117687172
4242988677
4260502823
4262252455
636173164
723504321
75789637
806724981
847586672
906051037
92842744
