11685702160698
117250809113425
128452468495240
132441895387457
140839331369102
146369808559810
146915215408153
151209266863757
153837886887590
160773256362030
166858115220171
168386587758044
172697108890868
177657403236139
179066235954789
180080510499714
181975655761964
199913106430616
20670261714887
206906357954874
209228566613181
214653548705706
233651040300107
237045261108147
238226325293015
244781460093210
247307343226476
250611581102525
251109157850429
251113043152028
258513039973154
264862837814780
273280814150871
278235724623874
279144760916257
28383818015449
32621754767564
33904282917986
34628819142504
36067237901730
44977848556318
45594909201719
60762241450221
6128173806505
82550326408501
95319508208338
97528821911698
99247825139481
