120526470
120526471
120526472
120526473
120526474
120526475
120526476
120526477
120526479
137304160
137304161
137304162
137304163
137304165
1624649888
1624649889
1624649890
1624649891
1641427472
1641427473
1641427474
1641427475
1641427476
1641427478
1641427479
1641427484
1641427485
1747701443
1797887269
1881922491
1915477633
1924352640
1924352642
1924352643
1924352645
1979913696
1979913697
1979913699
1979913700
1979913701
1979913702
1979913703
1979913706
2409707632
2409707634
2409707635
2409707636
2409707637
2409707638
2409707639
2409707640
2409707641
2570796244
2570796245
2587573824
2587573825
2587573826
2587573827
2587573828
2587573829
2587573830
2587573838
2587573839
2947376050
3033677504
3033677505
3033677506
3033677507
3033677509
3033677510
3033677511
3230301242
3230301243
3230301244
3230301245
3230301246
3285862145
3285862146
3285862147
3285862148
3285862149
3285862150
3285862151
3442940112
3442940113
3442940114
3442940115
3442940116
3442940117
3442940119
3442940126
3980363473
600545006
