114596801651387
129236247026363
139022610359986
140093165839190
149638903590202
152196128412022
156400053158730
160746651710237
160773256362030
163563277481189
166516959877350
168061751910002
168681617193873
169787648558827
172248576027995
173596431902315
176130546090116
176789108960200
179060880326653
179821376588067
185932541236939
191929367975923
196547540558255
200474441362416
203769199104096
21149796206887
215070994435705
215220267078758
216088860418319
217539362283576
222574377399551
232351040519789
232857840136290
242272072625077
246741205930687
252469655697080
255152711997740
259007471667881
262205349359096
266600902263925
272976528955438
276452484647807
29745256304322
33949415413761
34601500390332
353474872493
39941327692146
43740371350869
44811772907725
45563455628067
57822596199105
61149358123333
6819103300022
72396028159454
85745740744390
95172174816899
98953920706371
