1107959939
1221772710
1321563237
1373979065
1382032831
1392000865
1462198200
1536428554
1647146587
1687123532
1742552569
2390386012
2391666480
2441515553
2452981727
2456805887
2458646785
2563081703
2614794439
2730735581
2837149384
2903906186
3060787252
3096124332
3175603284
3203524159
3301696897
3312007331
3379247473
3600478762
3623567182
3641225313
3671237690
3735851317
3781528141
3805198156
3818398054
3840763477
3906680156
3918710508
3963199431
4008405237
4116827502
4145152288
575591617
628666689
894127823
911055138
945724440
951864625
