103822573
1059365364
1198243818
1327479035
1348664759
1408974817
1432443600
1522239612
1530109466
1589564573
1648235181
1925901891
1982049507
2006737694
2145238398
2345034551
2381973586
23849541
2389170024
2393979176
2444506103
2458621982
2492959791
2607151945
261041874
2824620693
2848494536
2931698655
299990305
3084529350
3150848555
3158537254
3237594520
3341427054
3352490273
3492012403
34996599
3509843185
3554619008
3557320512
3606306849
3716928257
3729754049
3793162448
383703190
3864321685
3868452712
3925659388
3937380977
3949868217
3994475350
400316757
4055518960
4189157430
4238045091
4257478052
442275317
463416944
556358005
694527133
760293875
786741773
806454449
923483941
