112446870858404
117467438966750
122447838220502
124553049338515
132374278394680
132651381572914
136867913633814
13715935716463
138082158660090
138876425371814
143729656020672
145444571629079
14928251797072
158704978267940
171257469330332
171923508237929
172691219451944
176217988013968
180545495361437
185540721532860
20721861852105
208136740287561
211901156273948
213095796011263
213387748395074
222865389049328
226033558591238
22636549382589
228671425212896
24281796254178
253185589953743
266917377492597
267907906697923
267969411581139
277408967196457
35778477162986
46337373129365
53750771668312
5664105187519
58473889253452
61995855086847
62039854193176
64808596295901
67568531409771
7874435274138
82568664239875
