1020772125
1054446858
1076533287
1265686003
1285656213
1432806623
1474868102
1501707202
1509241321
1664119937
1696083524
1751089065
1783903617
1816916067
1836464240
1843264107
1921933706
1944678366
2132356536
217502153
2211049281
2218123397
2308633629
2509607420
2567524927
2579389372
267506837
2702667919
2715762472
2835228448
2920270007
2971098804
2979412652
2999588233
3007835856
3023322155
3033766670
3152786244
3172697036
3319360999
3390244272
3490806176
3657714221
376026312
3800857665
3938270327
3979789305
4012628293
4014583815
4069561867
4236676780
4286960431
565504019
566124904
672880367
770618162
923269547
