106499293927676
108703418689751
109512149591652
112806291577578
113905394386005
114596801651387
115609150772910
117005088660396
127246817960358
12823855308138
1306161911079
131666523228755
139022610359986
140109553385419
142371172159027
143135612133093
144342011187679
144528252851947
146736740842720
147183573475869
149586281672502
149638903590202
150356564526024
151902844348775
152196128412022
155405286394448
1573175349934
161286600812047
166516959877350
167063378976248
172257080866295
173391807209954
17389981584113
174897848066369
175291518789358
182734849544099
18311642744502
187849014907952
192941362504980
192975640451464
193698890676108
194861749931988
196736107898632
199307451412392
200431523510567
200474441362416
203769199104096
207514320353061
214807954982760
215220267078758
217389749451460
217539362283576
218940244866294
220688419281322
22252707297140
223200214907202
223897896259357
227749431018325
229830529662181
231887457377333
232351040519789
232857840136290
241313062948289
242272072625077
247333750751110
256202279489256
257509307512036
2611194817961
263828710797738
266994747572868
269689436682970
29424083662608
30687539133478
33758204989171
33949415413761
36475303811009
39941327692146
40388711453596
42431490283844
44811772907725
45753397877063
60137427714601
62141476273038
63571787605125
64175531370329
65833851789764
6819103300022
68518099831026
69548946767624
75518375935482
78434758399617
84076296398879
88649176377304
94814631282145
95155786978498
98150316350872
98953920706371
