1023339682
10636576
1090348397
1093014194
1137968496
1183780839
124186056
1263862914
127633402
1369813979
1533937222
1657427804
1665091105
1724035807
1742663025
1970900876
1997078857
2293895121
2315409492
2329842779
2479301815
2556537271
2594025982
2628747062
2639280784
2696656466
2712281736
2787326273
2813022468
3018866873
3253701611
3322497694
3353854983
3557625977
3614852335
3638932205
379109061
3798976002
383987890
3927338842
3993404835
4041630005
4104286149
4107050109
4174170943
4180686600
4226472196
4240432993
432117142
491141210
51533143
520205767
532835487
542376270
56555517
679653763
689156084
700976677
774669101
78452075
811406829
915303878
975522827
986014871
