1013736532
1025718817
1041433645
1044438847
1064371051
1091974177
1094175135
1096019461
1097845419
1118355048
1126522533
1155709202
1162471186
1177602268
1196414681
1204158840
1211676127
1229858984
1244049570
1258629380
1281725791
1284353347
1299053540
1300532903
1305947762
1400483553
143433599
1458005506
1461374927
1480941192
1492753739
1493689678
1556299562
1566245886
15754190
1586011254
1587876189
160656210
1614470217
1620146856
1656998788
167076419
168010186
1693179258
1707935879
172312296
1724120648
1724175675
1737825870
1744367401
1746619148
1749518892
1758568749
1766242047
1795372794
180187684
1811322296
184533383
1874593929
1910477686
1912651356
1960052167
1965946651
1986028320
1990108168
1997530240
2006990555
2008908338
2009048011
2025946984
2029699464
2036075619
2103777540
2107976258
2116029664
2121342810
2134865634
2141167414
2158436754
2189146699
220386654
2203871040
2204043463
220455584
2214531149
2269619298
2281813240
2303755546
2343002703
2347545030
2347955325
2357550195
2400770832
2404118287
2407920807
2409219938
2411399341
2422766671
2476384065
2477386176
2496144139
2502194377
2504632527
2517062773
2522484489
2532562682
254698068
2626574295
2627396110
2637918872
2658525163
2694696229
2696382285
2708519417
2728049057
2732740465
2742964475
2746534703
2824862876
2826666198
2832069291
2832538697
2841421737
2845537191
2849180580
2872125012
288148324
2894739567
2899326615
2914605964
2915275536
2922567751
2946925620
2947877980
2948495497
2969171606
2975829438
2979963805
2983388303
2990031050
299222811
2997920838
3006935323
301888272
3040964295
306297267
3063097785
3067098250
3079472534
3104753706
3121777551
3126900752
3159750240
3162392704
3171463540
317211202
3180492375
3215676192
3226131266
3227903999
3247217756
3253308798
3264190067
3264610146
3267990407
3280156320
3307796562
3335399112
334849888
3357243749
3375052115
3375643768
3386890306
3393576050
3399082201
3412260292
3442179893
3446256724
3492851213
349695201
3503129453
3514137736
3521583861
3523371308
3526595479
3530820544
3539741161
3554451925
3577171267
3582597963
3601282336
3610721286
362893198
3639034801
3646621451
3650703179
368981525
3735653894
3736933214
3737944837
3747626876
3752707368
3759002905
3764641753
3770916123
3775761619
3807854876
38383892
3851281772
3862886698
3868270455
3884730268
38973616
3936946506
393797722
3938935150
394800620
3976870833
3992676478
399335707
4006175479
4006322511
401313557
4021575995
402873110
4036066434
403859699
4039036669
406251465
4074908042
408337773
4103363583
4121192454
4123277767
4139512071
4142685491
4167090074
4180541362
4219896897
424022760
4263619250
429131950
434110635
449489992
470631389
472195734
480092912
50244067
505164977
524764559
533152606
537173006
543331808
545716152
567057260
594772236
600876641
602417979
617951414
621877789
62882625
658493064
672894052
699019226
705544863
711000206
722478960
744350487
746388787
758134636
763191922
773596500
774119470
781717565
782178825
798596149
817320685
837693007
84226994
8688453
871715798
908702693
939721785
949877649
95348770
987726795
