1542491340422012546
1542504236149284206
1542511325542201561
1542523267016188896
1542542072201138148
1542559450356641490
1542563923323165883
1542568414763218824
1542571597830473989
1542576062235008228
1542589182541405861
1542590389722966385
1542604992507892791
1542614428235295893
1542616071525096481
1542632969943487299
1542647684871626343
1542653342350519167
1542654220183622170
1542654502722300603
1542660432707218907
1542662114280055880
1542664172477956536
1542674540011812252
1542704494986064619
1542711550479975215
1542718309362318277
1542746478410713214
1542752934245595304
1542782479478247107
1542790950106017814
1542791199341146898
1542808312850647816
1542820597664096416
1542831373168192326
1542831706587213359
1542841074390630775
1542841921414208785
1542847232827418190
1542852808228325774
1542857859387700037
1542860168141376228
1542861287168431677
1542863821799787804
1542866210878049862
1542870066877801363
1542903206674844797
1542916369723509057
1542920137399361916
1542923203800388276
1542933397767185131
1542943646041615122
1542944579790841482
1542946185911928711
1542946815529535081
1542974903553131352
1542990133139723356
1543007379224288314
1543011104989338780
1543017807505800332
1543038886610561087
1543048729832889539
1543049441078166448
1543051143489371693
1543051217277014974
1543064884817527295
1543064956697346816
1543082623033717383
1543086442818029247
1543092165449719711
1543104328532906439
1543110368790575602
1543116185637178728
1543118256741347762
1543148991929831915
1543154275582949132
1543166481567210054
1543175666653852944
1543179771953596532
1543185844980150992
1543206780304944568
1543247704270227929
1543251315062984870
1543254376048951230
1543260086751891009
1543328648750332052
1543331957967307236
1543343005903289827
1543347615423782563
1543365198016617401
1543379919743075934
1543396220518745172
1543403324960756771
1543415904340534810
1543440484079372066
1543449154555739056
1543464648058162428
1543466343025752912
1543470086061547267
1543494579169224995
1543519803495481152
1543529217347319103
1543533415387116770
1543533903159907701
1543575024061756702
1543580058982866082
1543580485735779958
1543584446291678996
1543586321108927771
1543591513531738421
1543593053825251943
1543601797444953894
1543607093688600309
1543607826311850688
