1542503116476418261
1542517759111696918
1542527999494956510
1542532775140407385
1542538480669101016
1542540354166768185
1542545111655024061
1542561000810155642
1542594596798490052
1542606444044337108
1542619118106784606
1542630520676786083
1542633816144503564
1542644057067959530
1542645437376970192
1542648903702341128
1542657215205086177
1542658859201290440
1542672742407680684
1542677490267129844
1542677805378621965
1542696402649316301
1542707754184790060
1542723468005339204
1542746602747056067
1542775916445436579
1542791429078469790
1542802723782714727
1542817173395433438
1542817968641705576
1542818854152519175
1542824934274766420
1542838705836031211
1542851923239438340
1542864812300792494
1542876875673432274
1542904400662482998
1542915584178981885
1542933121034227020
1542936258991857063
1542939083715467182
1542951200770019629
1542978274132180484
1542994803797481771
1543009091221494393
1543030452746631078
1543032849681948120
1543034285448880732
1543051933882632416
1543059000420018551
1543071499280803980
1543080753906121243
1543083694428368905
1543086733387219728
1543092837744024338
1543096577270145780
1543104760758584669
1543106283300842850
1543106617844753636
1543125992186895533
1543144094300416944
1543144875752288735
1543150003595466689
1543153446087927184
1543169630427361765
1543182910122952936
1543185475385130293
1543194781886219326
1543194784397648351
1543207838429075856
1543218213946071617
1543230797960192847
1543249237778900393
1543251860433154464
1543253066432485711
1543254834322752802
1543255145304000307
1543255382603547388
1543258641046108346
1543270744496254286
1543270895459462071
1543276387996143334
1543279892358694550
1543288239870873558
1543295825946158215
1543314386969880033
1543338682107680120
1543342940062145001
1543360253406853051
1543370482869540259
1543378117184939898
1543399850929285971
1543400036595437858
1543414238389316376
1543416242258783866
1543416618457266764
1543440535129667955
1543442525545806519
1543468541411512324
1543469607978877331
1543480988282565058
1543484716590739069
1543485315064623043
1543506116080228140
1543535748555285546
1543536813675961731
1543545547373141595
1543547614999618088
1543548832247067993
1543567106422248598
1543581078545186339
1543582467675604367
1543593379034816054
1543598118319055906
