1542483731703473378
1542486955669552510
1542504541553698312
1542513103712415280
1542515129044826249
1542516605095565319
1542522835056445369
1542526593499684400
1542530755768529215
1542544042336926545
1542553522534239935
1542561647111643688
1542562140421394135
1542565972805864192
1542582876551214079
1542586832312686825
1542589465317950185
1542601201312005274
1542609981895579544
1542620186412235436
1542623342478528234
1542627885702422313
1542639534542929801
1542647737598435509
1542656003017901211
1542667417917701345
1542686450008722697
1542696226677075564
1542708359776739008
1542709515808654986
1542731520463821572
1542737286648528634
1542744114481013811
1542745414440547839
1542764389905171066
1542771359683544845
1542782280800699273
1542788254798519654
1542790878400027208
1542812505008501348
1542817166077687780
1542828449800518819
1542846824409436348
1542851942137366619
1542863965396426989
1542915067747801740
1542930030400936926
1542931720631644673
1542936957078925944
1542942106642761522
1542946933853479930
1542959838181956197
1542962380088990705
1542970833441881371
1542976837495592205
1542978601592507823
1542991445782869502
1542995672479779270
1543013687007749798
1543017760992766192
1543027923996246972
1543031635503273245
1543032361140512177
1543065472282840134
1543088065771260485
1543099671996851534
1543100988183518074
1543107629931957944
1543149144451685044
1543159483650728408
1543160228552645631
1543183720802395331
1543187256228749682
1543190222087388246
1543217829788638153
1543229139987187665
1543235900990284695
1543236453466694129
1543246768021126984
1543258328801911608
1543272796213280188
1543277221602316363
1543277298522273718
1543280011461082480
1543282221787133631
1543295662055997592
1543299527389485854
1543302680446526589
1543316344270254291
1543329890146445068
1543363158624653516
1543396374353789934
1543398248042105869
1543407584380025194
1543408093520646621
1543409029180799138
1543425521580553637
1543429967026537623
1543430403185449193
1543442741515299575
1543454676435909521
1543456436715546192
1543459645401459248
1543462578618796929
1543471788096737662
1543514648771222845
1543527658487334999
1543545075836076848
1543550027701773230
1543551758518388982
1543554080778386830
1543576321787694624
1543578484799436297
1543580200858166638
