1542487243404413088
1542529499222761692
1542541128526756593
1542556322091657777
1542556487066202206
1542583353247024761
1542583603866740223
1542589297651431578
1542600223829392518
1542600849017187760
1542606615692140160
1542627576658104793
1542635243062135183
1542659124414976680
1542665741711154472
1542666180750221731
1542671845781118798
1542672549526975499
1542674093830639675
1542681817073236895
1542685203184592311
1542689940033858548
1542692626856554481
1542697982038877727
1542704134128788292
1542722863367372390
1542724078902339680
1542734163222319828
1542736668501153021
1542739784123844196
1542775299914949209
1542786434213252890
1542787554340805891
1542799303344481182
1542811587778393701
1542817891162164245
1542827891369240159
1542837136495720289
1542839628775430066
1542842869579493940
1542854033583511007
1542865188747223478
1542871419141618825
1542882353661713140
1542892334172865587
1542914425441415757
1542925927560564314
1542934396457306652
1542947571188690606
1542950306253174496
1542955838403486440
1542957058176487333
1542960962516574173
1542965043859183683
1542968333786796436
1542975175987055943
1542977672551307903
1542979737483354102
1542993063730137612
1543009821207530046
1543017961257573489
1543020030146003293
1543021193044955650
1543046304845309448
1543051154207102267
1543053584273630168
1543056269712872785
1543063419313250499
1543064642530518465
1543066842187589495
1543072391424113331
1543075788073376155
1543104499956959759
1543115890551527333
1543117527442771571
1543121814170402894
1543125242760021528
1543131378970133978
1543152555426122921
1543156687435782051
1543158068191335277
1543202269491328208
1543242267039664756
1543244630903424311
1543262476469087494
1543262693422054216
1543288133842128437
1543304165228173166
1543314355262379510
1543315166957190394
1543323785921788295
1543336723554634610
1543343328215464453
1543349600233255498
1543361932161033516
1543374010078947188
1543405435562597513
1543430806499149948
1543438924900228095
1543467219356078321
1543467266629366195
1543482754413089140
1543492955889989586
1543493762528790514
1543506677764408814
1543511149482837549
1543528967670774481
1543530670884117807
1543533003570174824
1543536268041068886
1543546531969034832
1543599980324910567
1543600293946956245
1543605900019160547
