31812563445102
72010501849245
144092824577421
87125205018194
253840124047959
267147589252643
28678189896379
12607858374059
248321574167483
24422607134746
170433418243717
225243695018327
192855315153632
70881753257467
16397828376113
182220976625964
221664943261150
25789544013089
26511062512644
267225850343878
281002475223198
219883640607129
137230779209284
156938808637589
20844285309691
177402350706125
94037967468875
177834897973202
108221350817106
134456271856859
2698686011639
25669244745941
266367552584852
281413595306061
