260610944512619
196800087258727
185766774930972
149856983986314
63501070718593
163843127615091
40956508003033
99105293615167
91926021987862
172577124087781
268779080899750
264933543810647
210054881892999
198583059039036
102980705489780
149463034143830
6284919522236
248676323253817
158695145906443
116967254640338
27951261050343
253636205088177
188903810207789
191222827566100
148300232186019
168340663343889
161370542960035
15660728209996
274186815956279
28486853710333
25157446809521
109114911489172
9865677370950
23539184035933
275492420582359
172552741418926
217147612833288
179798749719873
100236795219562
80761725834366
178411992223490
