31812563445102
255092967272044
129795434941107
188573547327222
185252747609148
171346734032067
14704656295775
153032577366367
128844428889789
256495040216252
71031384750909
106582030499815
51831712700878
267060019092448
184731717730917
161983855585630
248614813674295
24458081023477
196063227603061
26989173249169
44242205764487
140125398957341
11790086397841
45997706520358
117441568835835
55982605813186
65462482234138
93261883027087
180155402505740
79018558934459
235620022427046
196683745853574
242621866080383
227405824950286
189982909037732
16901654910277
150235717163858
172752698510554
154411390433671
77731409387090
56953382163207
75024000591799
39908494077621
14431194539778
73078061161524
186175030142016
163444856467841
60928832830829
13603392640158
246006679471043
182582548008388
107789126885792
1718107627357
236901208122951
43091780460881
229690496957145
115628811186269
86358508055575
171023117877106
259800347597863
138658325593947
5065430086423
20573209789585
74720618991182
202573203687114
527059801596
