260610944512619
18447631644444
107277001615405
94771269749749
103100464706935
72953037681707
132759593340053
8362599127931
161993353071328
145532850520640
40866182221560
225996882436180
233694500894659
157240606689920
38873438489209
190259594624162
161552703125528
94365917540452
132049418316584
94325724850641
63733821149366
145732377640302
185694679951825
1422308364318
91041678592280
197862500338135
277697135027700
172816832621534
49648432964275
52080845414536
78831922006642
206923303299190
142208606034697
9445576955169
163337463226896
205418286330469
189146490585990
18789848302929
200031559072235
231754819988784
16666157458701
160472170636123
181198923382713
62396877389626
66907086435634
183718091195141
198075171742632
138459863481690
180101911165052
141656961780043
99266262342429
30755165922274
222935325263540
111828335706150
53588010475255
6037037644009
7191705379705
98264397604762
132636207724604
48920750803818
110981153443843
170441732223600
132736132369338
212822204871318
197525863116510
94283519031934
150494972403402
135556702781794
46170077623218
160452415697462
19893516348728
110486587353166
231892207903195
399833941593
214414665070275
107476554479469
228904388311407
