260610944512619
196800087258727
185766774930972
184849692557090
23531113450011
40956508003033
99105293615167
91926021987862
172577124087781
268779080899750
264933543810647
210054881892999
198583059039036
102980705489780
149463034143830
6284919522236
248676323253817
158695145906443
116967254640338
27951261050343
253636205088177
151508070943428
234520716305333
274290097774951
60220108213051
96345662459179
186095902690375
256199147049634
24072122252884
131979655825354
108170957416094
275421524867070
8407921198549
107860653556069
134632255767227
110910461708803
222831778784984
107971382030130
18182289702738
134831024351070
190900599810185
181698488001281
248518743889428
30245646697796
144165622202971
215931795752459
147778574245031
238860956046310
96060184499687
191879097109850
215500919135276
104628363092931
275347129693372
188903810207789
132992347781283
260427619730371
169444238102848
215503402902965
255629052919189
63905674355967
65076531416372
274447553423952
191181185813812
113887269618745
48946007243213
211802802058289
190993267158794
12103676745934
173378701919638
176208864101603
185670760452528
83668211394157
123176609308964
22882524097674
234086551199886
249281704971288
239532082603830
124488182661419
72280365469855
12791640951718
207709691930399
40582540457722
204155011425751
105905759274105
216403855480351
95680921335890
25223309939852
228643552364874
270366115295149
99096971354856
57855304305752
59633686556665
274186815956279
86661275570167
164256606491139
28486853710333
81508944158916
25157446809521
172372112972610
109114911489172
279534070033182
93158458168827
9865677370950
195999153617904
23539184035933
69849414435748
135432623945630
56300862397284
97364544454005
190275204724039
31232410136414
124091272523430
130274029752512
216643826739026
64992627071823
271363801879609
94132220284660
211499524407594
152420425556825
273279279737023
94409387479608
266981363954047
278082603507385
271075214194508
197627740961676
67734272534689
194074092995723
201838163632449
266609506673723
272885014680918
207626611793382
38673812092584
151221002138273
248210539700484
201948710699328
84910160876079
246325036482660
219677466431378
111332414057704
965024491786
268421715789251
194226660960751
204681512013157
177970944832439
195463784564750
112846869967146
39451933733570
196655360340449
141841626368058
137971744926019
165499376380517
163875834372241
147613649563669
20339857808349
238160595349179
63192797336637
131878257721552
139315149871765
226238828803176
243538564848175
218346746059202
212715069919177
267782794426817
187095531263674
32324341129951
