31812563445102
756866544894
161041198681646
62994665317724
69947282650049
62589598201805
8446232940714
186738990420472
8961531735731
233223986791833
26130865991832
229640837467553
277790131210308
275526434928099
170736640104441
208734877042501
136849348706984
56843565646802
94727948346006
247067751118718
259512996466860
152344796588220
179266593080301
108796808852086
22705573111456
171829175670554
147514910271753
170706916459204
216185353668342
223255609190310
161327868200319
125743162489509
49693097524259
263856847153694
198132547756665
94743213942369
194631442028726
119317505637951
232774286776844
90943642229307
229985497649508
69627654440217
146000212206942
12068253391491
157556188468474
37211149216228
232980454584162
