48408722820352
278034097314909
263951435777255
15871692988320
59835904660067
123832730377979
172696284064494
82758102131936
170268851356020
258457806873866
176182766489481
142491862131644
231293811574664
105535223583584
151441870576715
109286098740589
118606739989157
2441471574585
113180075666031
128213914169045
17831259627260
211169459299655
162110928046740
52422961439542
155325559411483
53831377146082
63299398063445
278124396730504
155618452211377
1817383184292
243673240896239
66088062802521
229787195352646
208044311986405
75573910229613
35636393406201
235986833359246
209685887505135
125426096140425
237904639663592
