260610944512619
196800087258727
185766774930972
184849692557090
23531113450011
40956508003033
99105293615167
91926021987862
172577124087781
268779080899750
264933543810647
210054881892999
198583059039036
102980705489780
149463034143830
6284919522236
248676323253817
158695145906443
116967254640338
27951261050343
253636205088177
151508070943428
234520716305333
274290097774951
60220108213051
96345662459179
186095902690375
256199147049634
24072122252884
131979655825354
108170957416094
275421524867070
8407921198549
107860653556069
134632255767227
110910461708803
222831778784984
107971382030130
18182289702738
134831024351070
190900599810185
181698488001281
248518743889428
30245646697796
144165622202971
215931795752459
147778574245031
238860956046310
96060184499687
191879097109850
215500919135276
104628363092931
275347129693372
188903810207789
215503402902965
255629052919189
63905674355967
65076531416372
274447553423952
234086551199886
249281704971288
12791640951718
207709691930399
105905759274105
216403855480351
95680921335890
25223309939852
86661275570167
164256606491139
28486853710333
81508944158916
279534070033182
93158458168827
9865677370950
195999153617904
135432623945630
190275204724039
253193084462813
154269207841629
135945213904908
164866293210676
192081336745702
4424850248295
281001333207226
126558355994374
272140506733628
