31812563445102
232719634532493
115186320199424
39456769480594
271563635562160
252290341190437
25469037623208
219423814864644
128172527249920
259033963911995
189221732145221
30570720715787
64418101907888
244292948717587
187118800752212
157794748385846
67390656224622
192149001377730
246922345747064
238484103881564
75389067897179
116470678416005
129630330954212
215759204254214
231772609856819
83740220903349
145035652738770
59165296608874
210275388026313
141621494523377
82505913877065
100472866742495
70905052428981
230869528735355
210678930114011
70812147629718
110128104961369
148855878139813
168024335804933
212748450865853
39020210366330
16357868698294
111940202752165
276650645970383
39561433837946
213561217062291
64308241911965
96753255129178
83374207097853
239035119301695
32463887647016
125313870320788
134613655692271
179550092414134
53655643434066
136611035157882
92698974009422
117786362399683
208319639578678
65368826679284
160897584619502
209961719573004
265857722753337
253552156460569
60015686791832
82635604600018
121227665074739
241632291209287
191253496071944
276054677089760
61179228627790
131955646492746
166325409310197
186024837239370
227436514923749
124873853856454
1686568493969
