1052567023
1129609636
1185852913
1222645795
1245500257
1431885241
1452312996
1461112848
1485886750
1546958264
1553832601
1563152340
1573847726
1598598578
164320400
169011036
1733506906
1745384303
1759697842
1820200732
1852448287
188644597
1913075564
1949363850
1962905838
2050811282
2126558733
2131084046
22900133
2315451210
2414230627
246904005
252437769
2526454546
2570392758
259640794
2769384260
2843878699
2848410223
2913421380
2967788746
2978936455
3013114206
3047994338
3130594958
3193213982
3193944189
324821381
3282849423
3407545409
3441207140
3492654662
3493943020
3556521807
3573636090
3583705715
368997534
3700785467
3872206771
3919615223
3981047321
4057577463
4069015906
4102090558
4160508298
4166810306
4233702619
441427274
442907652
490136126
51576565
52771438
546604084
641137913
836622782
840306683
932706442
960101688
962259053
