10240625507716
103107273111102
104321664443263
107121640662545
10758280226750
107996740184886
110905974003572
114318014887805
116676237681570
119257500247597
123227060738548
128452468495240
130175780930155
130954434781854
133304489112224
133418062179399
13601451416815
146742970915200
149081199050559
151906444355282
153286935844592
153837886887590
154185501003079
16219875445556
166432061068237
166776873800434
166858115220171
168597242065059
170939632586391
180431870173320
181799940233534
183055890770793
184874967521585
186769056015332
1884606738338
189167865327817
19090677242516
192388982967634
194883018224317
197387782836084
198642826883240
199099557412376
200260710570262
210054609551108
214653548705706
222881805776470
236087540813175
236994707706755
244391166083373
254330423011144
263454107667079
275863034143030
278235724623874
33070494141452
35061357780501
36067237901730
39782355818960
44960227893380
45594909201719
5754203200083
58910922658734
60762241450221
61841449704144
65160703470507
67732751195056
70089805663559
72497209466478
7375363503774
7418757873271
78496550008444
86150037567592
95005026829354
99390682856687
