1043321422
1076297966
1077493705
108543574
1099059493
1251339802
1300819816
138326196
1435371830
1529977097
1569559887
1695024490
1695412598
1714684029
1727173717
1945910945
1989134217
1989706401
2039741168
2259452813
2263755819
2418782896
258382669
2646498936
2690500927
277255170
2791502212
2914642580
2967234120
3154451975
3190761475
3262814946
3407211336
3451715491
3468828950
3518149386
3576626355
3609416269
3739685631
3842182717
384629918
3980443234
3999409458
4020351192
4047851425
4094929532
4112523113
4120159280
4131925111
429887171
433901611
465686202
488807523
533379207
547799176
701489541
741031460
892924157
89630763
919672762
991831335
