101536388
1073987553
1132680461
1208434751
1217153362
1259921140
1583748043
1674212726
1750254922
1813505704
1828527380
1878799543
1949943442
2026510205
2041895339
2218548456
2310978774
2325708881
2495156531
2534083515
2737787122
2754143038
2858497762
2890449803
2890856035
2901323393
296186116
3068256322
3087764671
3105605681
3121026893
3182569755
3267536770
3296969361
3338553334
342501192
3441401570
3513837252
3525368613
3603718704
3688252046
3712666726
374320433
3794240098
3977972987
3994976121
4005118907
4055269650
4085539650
4125209579
4174110369
4207012986
471882349
524187669
636046038
675479547
783117983
786122194
837075345
850303420
923000331
979311955
986499927
