1003452360
1109620339
1172296052
1401522995
142469547
1465021349
1483862622
1582192246
1598382123
1614171637
1685286742
1712416872
1776828597
1807786487
1881405630
1902241947
1905508468
1937691745
1980462488
2032273455
2065800599
223813193
2378118938
2518624108
2559049819
2660863127
2708457004
2720393447
2731022536
2731442271
2923441782
2934864162
297529482
3110502440
3482914868
3561679270
3603653568
3621940294
3644351493
3644519387
3649776621
3651689600
3767687324
3809439268
3895180489
395368143
3964646196
3985734408
4020647623
4121447712
4122611302
4123362715
4162692176
4178381106
4192724114
4267830118
61999932
633676849
659710681
756783029
879594093
99204069
