111943309
1240463811
143494397
1457418650
1844671334
1847609943
2074356958
2102767017
2142747229
2212404752
2286360785
2290953804
2362890900
2493315620
2769710069
2944321245
3080289282
3111985936
3287937814
3329355164
3413357853
3448627576
3468283849
3473762157
3561735086
3603159355
3655912321
3721583671
3729371051
3811007706
3902068140
3940674471
4110683140
4116312501
4117334403
442806402
485812292
488957888
510401526
614365370
628293935
661494114
679744062
700206464
803340493
804671724
873431587
931079697
987221560
989798391
