100972834
1041503487
106733120
1068754330
1095165205
1117646341
1139850653
1143164536
1160599766
1162453364
1194785909
1202991667
1213996329
1219011134
1240472702
1245204719
1249035461
1270021779
1273876543
1309320235
1328578342
1344716797
1383898992
1411479169
1416484649
144666234
1457563830
1470401741
1470437902
1474637014
1481151215
1509035604
1554046287
155635421
1572169801
158839066
1590799716
1614693562
1633214462
1667612751
1671277266
1697531462
1710450002
1726779214
1727358183
1731029975
1737947666
1742021358
1752686872
1753992637
1758618192
1770454416
1776118832
1795061481
1812169318
1812247531
1833582067
184432793
1867807208
1873328348
1883978815
1888240099
1897678087
1898251378
1906897205
1907180143
1912681673
1922133300
1925205399
1926657707
1933933029
1944295170
194891343
1963450892
1974581395
1978279986
1995808017
2033590934
2035280999
204916875
2073622116
207811827
2109342069
2109711150
2118520162
2118878462
2128950619
2135232986
2160638990
2172683857
218183410
2195160573
2206376300
2213046086
2243068300
2263188693
2282083579
2285661009
2298628943
2304852216
2318277099
2319250295
233766359
233826728
2341965329
2344761279
2355555615
2371848795
2380558326
2389626280
2392283798
242086295
2425243953
2426763831
2435396581
244452541
2447283568
244801960
2476235219
2479075744
2487118850
2487486360
248975230
2497926490
2500475234
2520417022
2521226651
2530809772
2548908154
2557212384
2584098937
2618412668
2631267440
2644569899
2676563011
2704058240
2711901086
2723786926
273114235
2732251159
2733254644
2734689825
2757031100
2768398435
2769439091
278289617
2785789088
278738380
2803231149
2804216245
2816218634
2817805246
2828008199
2829043972
2831364214
2835142200
2835265902
2866264959
289120431
2893983546
2933625070
2934166358
2937788654
2940504427
2951339203
2952414598
2963433200
2963699581
2965239915
29819126
3000120020
3009414289
3016256495
3017752015
3018921496
304834711
3051251367
3061542181
3064543434
3097441985
3106785784
3115336845
3118143925
3120808863
3138528453
3148597233
3163305833
31633876
319054670
3191988714
3200819648
3219640755
3242436383
3260356522
3268421770
3269378999
328500425
3316715448
3329148447
3354196863
3376157752
338644516
3393363127
3406387911
3417306211
3426584471
342774336
3436677704
3443789517
345043139
3458167605
3466333585
3478857384
3478970282
3484664125
348786002
3489714825
3499090624
3520496051
3537489148
3540771002
354669326
3594328651
3601861482
3641617309
364419904
3665663472
3668405793
3737701604
3751704784
3771041277
3789488011
3791258811
3791627325
3799277788
3799811008
3828386713
3860522038
3880831341
3891328832
3893366042
390886410
3918217585
3918401381
3920613235
394319706
3955962765
3962039135
3964246100
3965701660
3993687341
3999304710
4002320208
4005264643
4027998683
4054043257
4057201680
4060705653
4062946703
4078111462
4081160864
4097806211
4101230389
413589714
4154734689
4155471133
4161170515
4185467743
4195319032
4198405357
4201463748
420273948
4210057272
4226922376
4230075221
4238216177
4249625755
4288134094
4289134290
437161633
452307162
462715774
464415532
465699999
497212157
508503787
516773798
517445374
538245267
541039704
54357991
546473335
55184877
55582786
562129247
568475150
569856602
573939768
583083298
5853718
60656
613631195
634129828
6345864
653677010
671852831
681073454
685959968
687656647
735704584
739470909
746408844
776576103
784497326
792646808
79849499
826070931
88272443
88951199
890486898
894659674
904525190
906083103
926584258
935998109
951418837
963618604
983029788
987378765
