111532739229771
115410184171027
123805504514662
128731192628260
129952128607892
130557013315189
131063550990088
140709182232632
143985124646104
162587651381351
175009949693219
203749501420597
226621050677063
238965260332215
251021708215781
264798683300791
268108021968554
28845850195763
37433774098202
44361819504857
45984929115389
59545742779468
63108018416623
63147407603396
70680129150165
71715054998913
74693800547737
7592593013973
85492846871232
87509305024685
87592401275061
92227004725337
9357790722543
