107512081957553
109287451395680
109914860787759
115231201648554
121326342301065
121483839790547
125092532269088
125996026115980
129446021300095
133388691337782
133397691124599
137478209137738
143364734588258
14819419478842
149580407458058
150462817475809
151218898446128
152868950939066
153015114954032
157145244283313
157331035778991
159075796971793
163517337289955
167555660800715
171261363105574
178260271529836
178312801177072
178812805837733
181000854983085
183265422769401
18350275249513
184856122502253
18583652203862
186927265265340
188162722231847
192611956767667
196028178474406
1990728373531
200204191661107
202190729128777
202912043517385
220818590399952
224691022910923
224778718647006
230200953101720
232945424004605
237340768074034
239033655227814
245536767246282
251966059569080
256957657227389
257511723233577
260921770713634
266883216789565
269548358742799
272754127860216
274221839083408
274359852216552
274882342126394
275928044758562
28616200563387
30102330766777
31288370074640
32851118073411
33844810061061
36697780544822
39081516165307
40738715643466
40794844153110
41861907423342
42691600861618
42966604832612
46350497816578
47888976791558
50781934601487
51648504275204
54208301299568
59072684972913
59336363793920
60731147605627
61950836456857
62042378652411
63203788935622
65849221367071
72589314721843
75875900991571
759709477782
7950995098600
80602360639966
8301202524374
86888034065608
88460364379792
88477976803587
94530917967479
