1000080336
1135530123
1181803872
1226345799
1309835356
1349950120
1422555645
1451129311
145600237
151112239
1589260458
1645151685
17202130
1844800111
1853533060
1892644065
1950649851
204615175
2139632698
2211653909
2225420067
2370929336
2422226692
2597617978
2696437207
2742013761
274510880
2845932414
2915705625
3063040299
3180935264
3206704455
3231727164
3234648377
3301420715
3378537991
3380953481
3580410198
3616142598
3720828971
372805671
373126284
3824543070
3869369060
3979599957
3984361411
3986442933
4061093178
4110786590
4167837947
4264379231
464047759
467170509
483435217
913085572
913986893
958972704
