103010113110627
108600778628565
108703418689751
11768359053708
123873527214385
126349076039891
126996654487494
127069784524846
128352393697706
131208965969210
137157618488851
149638903590202
152196128412022
156400053158730
158904067847008
160746651710237
160773256362030
163563277481189
168681617193873
169787648558827
171967866100341
172248576027995
173596431902315
173845494022602
17389981584113
176130546090116
176753002098272
176987444108571
179249879080425
179821376588067
182734849544099
183604330838423
191929367975923
196547540558255
200474441362416
20148131243463
203769199104096
21149796206887
214315508567309
215070994435705
215220267078758
215824742321047
216088860418319
217539362283576
219553704049186
22252707297140
223897896259357
231887457377333
232351040519789
234057510666399
237464838533947
249322928287692
255152711997740
259899220703497
260431321385492
262205349359096
266600902263925
27260641080085
276452484647807
31539296451678
33949415413761
353474872493
42039878305046
45563455628067
5224401370231
52434875322668
54577438786279
66427472538628
78194324445482
78434758399617
83291244289177
88620197352667
88649176377304
91971076013836
95172174816899
96551951182880
97538133787101
