203000540209048
25447776247956
94946644138267
265553059281892
247691054698053
21335772375935
72475356961633
51748444186209
224588224076512
95273452437952
17924703695118
255416622540622
276452417657830
23688936518623
235050559507314
222895439906815
252084484874537
254846082389938
135838508652267
62511473639566
180739811997146
117210907502290
149816571845360
118448043554635
14945595999206
183252845506684
162307465282287
186689137901499
63280236209374
265562275810018
13384660631621
229098338911520
39798743929760
156608164092037
136053984206967
254077487230734
221970782493094
229535589627076
115055982515799
184456398822718
31288370074640
269548358742799
224778718647006
200474441362416
76262800543470
8669947118673
221539812525443
152182297080558
90773684580763
172957225422598
91487385803769
19517178597813
145605265269200
241103903812255
164826608387967
196484059071363
219278645256855
152868950939066
181000854983085
41510198242905
133557489561028
48452878449889
173208713881783
260183130485090
77681103249074
17616237897808
40805176364302
133216865428991
141414928512538
27404770859983
161272105419143
53327579224729
46715432399941
