203000540209048
181932243836194
1163664161554
201861748446442
67429599729337
1816944575940
112430428289143
64392225856164
146359686958449
117210907502290
149816571845360
98086359774288
72475356961633
151398103684408
224588224076512
20598744086660
17924703695118
222895439906815
19587381106044
115055982515799
184456398822718
154221169245653
74969411115014
226780647548305
165141501491770
76262800543470
103551587650793
221539812525443
252084484874537
254846082389938
152182297080558
197768563749726
270781744831170
640641357077
211977427993502
56547813548361
211470104983062
120197013927532
90807679210038
88545594080114
116328258541892
90676783970729
52689393515593
79919438343853
