203000540209048
31812563445102
40174189243339
227255696292296
240205682935785
97259421750837
85668403301957
13077697080703
173640589550587
72259848125948
216936163548542
256449507559414
275401506830731
156074819886993
103551587650793
72475356961633
145268622675512
224588224076512
195021680951877
17924703695118
45971625443022
156608164092037
276452417657830
235050559507314
222895439906815
136053984206967
254077487230734
221970782493094
252084484874537
254846082389938
135838508652267
62511473639566
263999751006732
271071975934724
235220158973982
103360465259828
149816571845360
267701174204218
68241440026727
158972792681281
76253372905464
76252805738914
89302789887980
201459990347106
