203000540209048
31812563445102
52171764819359
274867279300636
97259421750837
173640589550587
216936163548542
72259848125948
13077697080703
85668403301957
256449507559414
275401506830731
195157788916660
103551587650793
72475356961633
125727674743074
224588224076512
195021680951877
17924703695118
45971625443022
156608164092037
276452417657830
235050559507314
222895439906815
136053984206967
254077487230734
221970782493094
252084484874537
254846082389938
135838508652267
62511473639566
263999751006732
271071975934724
200517812542137
169906180931203
70653062694564
40776400204695
106673113010583
64132729011489
172991729643297
