203000540209048
31812563445102
40174189243339
227255696292296
240205682935785
97259421750837
68999961974026
72259848125948
173640589550587
216936163548542
85668403301957
13077697080703
14340467007359
228218431651313
235228804678074
103551587650793
72475356961633
168720495714952
224588224076512
195021680951877
17924703695118
276452417657830
235050559507314
222895439906815
252084484874537
254846082389938
135838508652267
62511473639566
256449507559414
275401506830731
218938485452249
15501384358606
45971625443022
156608164092037
136053984206967
254077487230734
221970782493094
263999751006732
271071975934724
74182654914335
109562943869801
59780577394493
121522499672850
115204438636214
127863916678372
17383409829056
235220158973982
103360465259828
149816571845360
267701174204218
68241440026727
158972792681281
269654556086146
191900742798685
185703160724638
163911798158877
