203000540209048
185766774930972
184849692557090
23531113450011
40956508003033
268779080899750
124091272523430
97259421750837
135101193709866
113067052512590
125308908546101
121911799660413
15578642925418
218647569381459
154541531443452
39382283402171
101619878812150
103551587650793
72475356961633
269013115290452
17924703695118
173928172375251
179881237608202
175264531048347
51470349012698
222895439906815
170537584159636
63751258523754
156914211556396
227963197332978
33731776147429
252084484874537
254846082389938
