203000540209048
188903810207789
105905759274105
216403855480351
265916202366154
191174010058333
97259421750837
6707294536961
242413155560440
45140332610174
107447670720239
275401506830731
156074819886993
199042147494651
72475356961633
216004750292493
224588224076512
168267870781693
17924703695118
144285293571508
156608164092037
192817994645671
276452417657830
103551587650793
235050559507314
222895439906815
136053984206967
254077487230734
221970782493094
252084484874537
254846082389938
135838508652267
62511473639566
263999751006732
271071975934724
176717369213512
171770015972530
60657857964846
239275484645220
113911987152095
158904067847008
43547241148072
13082948773917
225945849775769
