203000540209048
31812563445102
272100473490561
80846599994253
3924836206067
22388706388785
132510981910459
30978312305116
236926381047682
117210907502290
149816571845360
147562934692414
72475356961633
253852693172808
224588224076512
138156051454766
17924703695118
222895439906815
207951638455113
196599477999341
50337637463274
7714375696027
93989221193502
250732576315599
32059579097378
1716381377917
158904067847008
221673568447852
195768336610416
171770015972530
103601546663443
187891831246357
113911987152095
43547241148072
13082948773917
225945849775769
267494428489691
60657857964846
90188122199226
