203000540209048
280799714315060
198832855125123
115055982515799
110231379056361
98446976897445
72475356961633
62141476273038
224588224076512
241313062948289
17924703695118
117005088660396
76262800543470
269689436682970
221539812525443
222895439906815
252084484874537
254846082389938
152182297080558
30372207496080
117210907502290
149816571845360
120469492358609
353474872493
168681617193873
250418771117954
184456398822718
64175531370329
227749431018325
150356564526024
232351040519789
65833851789764
