203000540209048
172020897183318
140311604837988
115055982515799
184456398822718
278001750784135
72475356961633
136379255379867
224588224076512
164344707502367
17924703695118
268673490638755
76262800543470
103551587650793
221539812525443
222895439906815
252084484874537
254846082389938
152182297080558
231311687859326
56349318945284
263138365966952
37662434904699
229703461989823
18298424290943
74324759643192
276452417657830
149417652771762
235050559507314
210094005841106
121769125398103
135838508652267
62511473639566
263999751006732
271071975934724
193687385437362
74396247584940
19417056265757
70115836598616
141414928512538
27404770859983
153048583649144
146451954159132
261141575181399
