203000540209048
77975310486047
77485090948173
103360465259828
149816571845360
98756904524
72475356961633
70384235941144
224588224076512
249254582910370
17924703695118
222895439906815
122130521568696
80533778470238
7970954608256
11248160061724
100285720515673
115055982515799
184456398822718
108229560399243
163974034241318
253763602715793
232351040519789
76262800543470
182912659803614
221539812525443
252084484874537
254846082389938
152182297080558
232318877613621
117210907502290
187408060769426
10259783707006
139240350866804
31771509292270
69046848308407
143109880484089
94953295076267
208599289538993
193484674600198
27647267526844
166611383788602
275713582182562
163460643497933
207516098251708
156608164092037
84470788651699
136053984206967
254077487230734
221970782493094
57746106821748
14119055666725
135605262883453
138310731949627
232733371651018
259899220703497
78194324445482
176753002098272
59113961068070
186689137901499
249810379188152
109728597220948
138612496292600
197552693040381
257290374339928
277435190897369
275266858586164
39343624698828
141414928512538
27404770859983
39188743134999
158904067847008
141274107708576
50281220414089
218315517245113
75886853924740
162906817573024
6381114632285
169280738935556
233722210577437
205689953356160
245028560365622
227571111963382
84250248226345
225482302633538
259709849344218
80144331636029
