203000540209048
16300918825419
229376681712359
108228991558494
122089627436088
63714969100849
72475356961633
191860839496120
224588224076512
254538815829533
17924703695118
160773256362030
76262800543470
157859088343531
221539812525443
222895439906815
252084484874537
254846082389938
152182297080558
243047487271415
117210907502290
149816571845360
72978486366037
187629679098601
123029669757796
137849141187493
45598515207319
146318973280755
33221552684351
14185226444976
108166401224961
86775517831577
156608164092037
200474441362416
93656696418308
136053984206967
254077487230734
221970782493094
126335211997259
228599030893174
218317140894200
93389880089273
59123986880346
115055982515799
184456398822718
195718275892771
215548586359819
171326500281602
213980132185258
104294837118322
66236141005229
131765576839888
207324407720848
6074830290412
141414928512538
27404770859983
253895513497326
168420703350018
130959742191798
255170010203765
14993589248719
207702309653304
103551587650793
69104805139584
