203000540209048
180757813052483
270526098213202
193641782749148
23620243017659
142002376126190
247888336657303
12971442192384
189860886529115
119558224887387
87471956896376
180037623230490
161817832677175
193484674600198
70653062694564
64241248196696
72475356961633
105505175584400
224588224076512
203511464570132
17924703695118
140395980677411
156608164092037
232351040519789
76262800543470
30117033247526
221539812525443
222895439906815
136053984206967
254077487230734
221970782493094
252084484874537
254846082389938
152182297080558
235841876728459
10809204878753
106898674626972
115441570686297
179881237608202
