203000540209048
273456029301014
187649224033933
117210907502290
149816571845360
278589834893319
72475356961633
198370703350499
224588224076512
201015629530946
17924703695118
222895439906815
213417247452578
49283223432489
273513667170844
130270923420674
8065199064265
246552504857344
162725133385048
147659304216589
136193225106012
131329260547825
214670829761004
99399435595222
240270993434573
141414928512538
27404770859983
221964042579429
20425406444656
178844416063350
126197957873393
276210236200426
128812670311159
236183484911686
