203000540209048
277023244632687
31771509292270
103360465259828
149816571845360
69046848308407
72475356961633
143109880484089
224588224076512
94953295076267
17924703695118
222895439906815
57746106821748
217355956137801
131627256981608
14119055666725
3390682190593
138310731949627
163992366294202
276452417657830
124645363040656
235050559507314
104202879477314
76262800543470
252084484874537
254846082389938
135838508652267
62511473639566
263999751006732
271071975934724
152182297080558
257234997616808
172449319075538
213417247452578
117210907502290
49283223432489
273513667170844
130270923420674
221103378049995
224401050598924
154406063348990
62044026675596
185831047015774
14993589248719
207702309653304
103551587650793
69104805139584
234024382564460
141414928512538
27404770859983
48074547206223
142496659851368
163994121661444
136673706001650
32977494966826
133187746098237
30214308153558
