203000540209048
260610944512619
196800087258727
185766774930972
184849692557090
23531113450011
40956508003033
99105293615167
268779080899750
264933543810647
59633686556665
86661275570167
172372112972610
279534070033182
124091272523430
97259421750837
280457507138356
107447670720239
228218431651313
235228804678074
78362159055522
72475356961633
139184627735601
224588224076512
13909982819131
17924703695118
83400591026030
276452417657830
188872400483889
235050559507314
222895439906815
252084484874537
254846082389938
135838508652267
62511473639566
