203000540209048
260610944512619
196800087258727
185766774930972
184849692557090
23531113450011
40956508003033
99105293615167
268779080899750
264933543810647
102980705489780
158695145906443
188903810207789
132992347781283
215503402902965
59633686556665
274186815956279
86661275570167
172372112972610
109114911489172
279534070033182
69849414435748
97364544454005
124091272523430
97259421750837
280457507138356
107447670720239
275401506830731
218938485452249
147423746276312
72475356961633
26152036751228
224588224076512
78009937308740
17924703695118
156154913243900
156608164092037
192817994645671
276452417657830
197401833056759
235050559507314
222895439906815
136053984206967
254077487230734
221970782493094
252084484874537
254846082389938
135838508652267
62511473639566
263999751006732
271071975934724
