203000540209048
185766774930972
184849692557090
23531113450011
188903810207789
132992347781283
215503402902965
124091272523430
97259421750837
107447670720239
275401506830731
156074819886993
206818483554847
72475356961633
145281096433759
224588224076512
9994531928556
17924703695118
100263203648933
156608164092037
192817994645671
276452417657830
42774392941315
235050559507314
222895439906815
136053984206967
254077487230734
221970782493094
252084484874537
254846082389938
135838508652267
62511473639566
263999751006732
271071975934724
