203000540209048
195563495692523
84059067600053
115055982515799
184456398822718
242398678083630
72475356961633
180169319928195
224588224076512
207610888707952
17924703695118
160773256362030
76262800543470
14954768559852
221539812525443
222895439906815
252084484874537
254846082389938
152182297080558
139658217787470
117210907502290
149816571845360
145262998225404
6079278568377
171744639421616
89039003487530
120670033750107
232579291307137
104883434597363
237446495997132
275266858586164
165937038012577
132866582035235
56946273563143
