203000540209048
209561948610534
33150580652549
103360465259828
149816571845360
47011565171037
72475356961633
165066777090700
224588224076512
210199419998732
17924703695118
222895439906815
21797979518754
117210907502290
245100519252009
181109194548319
87376388485801
154967177772082
58195367023862
251227013036591
101556291390076
108487001874840
258908688427198
236223302646113
34647770043030
60388499238402
123576075015368
92426661649004
20495400910302
95340585960556
14993589248719
207702309653304
69104805139584
147747487191956
141414928512538
27404770859983
141338553788463
158904067847008
161706743802744
