203000540209048
179157420616465
51235008802909
117210907502290
149816571845360
96668167515319
72475356961633
158876290555985
224588224076512
110556357622420
17924703695118
222895439906815
208525605080523
138833398553154
63587597090552
167653250472322
165859377913468
141196484675885
49743350938949
136206680410824
108487001874840
258908688427198
236223302646113
34647770043030
234095964912346
103360465259828
95608259319130
46712090947616
193599411728604
196068874707353
57757168460393
92426661649004
20495400910302
