203000540209048
31812563445102
41121203830041
6549726768165
240205682935785
228611351928897
105804061857407
97259421750837
72259848125948
216936163548542
85668403301957
14340467007359
275401506830731
195157788916660
103551587650793
72475356961633
5844709077567
224588224076512
195021680951877
17924703695118
45971625443022
156608164092037
276452417657830
235050559507314
222895439906815
136053984206967
254077487230734
221970782493094
252084484874537
254846082389938
135838508652267
62511473639566
263999751006732
271071975934724
256449507559414
156074819886993
47145520976696
