203000540209048
31812563445102
233708281781365
47005418250019
151318066293454
278901633005011
97259421750837
150392799578103
72259848125948
85668403301957
216936163548542
14340467007359
275401506830731
156074819886993
103551587650793
72475356961633
198529844098352
224588224076512
195021680951877
17924703695118
45971625443022
156608164092037
276452417657830
235050559507314
222895439906815
136053984206967
254077487230734
221970782493094
252084484874537
254846082389938
135838508652267
62511473639566
263999751006732
271071975934724
256449507559414
222878436790695
118082445515410
103360465259828
149816571845360
113166136141666
132737486913838
57372621778719
