203000540209048
268817759130407
101145163023325
117210907502290
116328258541892
253865779437253
72475356961633
146894703159950
224588224076512
9403750386547
17924703695118
222895439906815
81870433610589
103360465259828
77196947121204
1949126235896
20757672493806
210552228168636
33807246593646
68798228127871
173664810337580
232030147720109
26539717110333
115055982515799
184456398822718
166715170516369
32519877750876
189175264655431
200474441362416
76262800543470
143586944843115
221539812525443
252084484874537
254846082389938
152182297080558
208599289538993
149816571845360
166611383788602
275713582182562
163460643497933
130543856196042
151558701900706
113051345320533
139945807358007
160746651710237
134564698430693
174548941402332
41226525386424
46132414794896
200138053213156
232351040519789
500810130780
35608965063075
126349076039891
22252707297140
88649176377304
14770686707785
173596431902315
276452484647807
191929367975923
160773256362030
216088860418319
247989453809053
68680345070558
78693150661985
149322994820217
218673314097701
13431713193724
158340825805072
255623755687094
141653867451285
68408945025809
221103378049995
224401050598924
154406063348990
62044026675596
31771509292270
69046848308407
143109880484089
94953295076267
159950531849845
279319944968153
246219141977743
113996927392083
57746106821748
14119055666725
135605262883453
138310731949627
229830529662181
166300023777931
139294743595456
110231379056361
19204130628950
200378099431263
124313305515674
216265682532834
30866954209503
208707102773564
95525161490393
220485631647096
230953573901552
144101977248892
222282771901475
163992366294202
276452417657830
216389490906254
235050559507314
135838508652267
62511473639566
263999751006732
271071975934724
4402275396865
123402363666761
159355216797419
91697328766672
232318877613621
187408060769426
10259783707006
139240350866804
195803842817065
169906180931203
70653062694564
175694322036607
136309451268899
34044440988627
91579623392476
156608164092037
136053984206967
254077487230734
221970782493094
135340593615312
155405286394448
98150316350872
127246817960358
6381114632285
141414928512538
27404770859983
233722210577437
241531734575781
205689953356160
63407354747334
32176239804813
235994401234713
46834873730835
244411233377079
273513667170844
270309293595663
152407547710
68398549449247
32367041512395
259709849344218
80144331636029
158904067847008
141274107708576
39343624698828
39188743134999
245028560365622
227571111963382
84250248226345
225482302633538
240270993434573
221964042579429
20425406444656
178844416063350
69448885462538
58923159812858
132566938580496
162648078035514
136673706001650
32977494966826
133187746098237
30214308153558
266633059376355
14993589248719
207702309653304
103551587650793
69104805139584
