203000540209048
78311785960133
265845261951204
117210907502290
149816571845360
163992366294202
72475356961633
80065821674135
224588224076512
78941489745866
17924703695118
222895439906815
133832176597389
22492790898616
197232159135800
92141530477845
189740704668970
166428276870392
188719241565835
149403366812864
208599289538993
166611383788602
275713582182562
163460643497933
247989453809053
68680345070558
78693150661985
149322994820217
4402275396865
123402363666761
159355216797419
91697328766672
101145163023325
116328258541892
253865779437253
146894703159950
9403750386547
130543856196042
115055982515799
184456398822718
151558701900706
113051345320533
139945807358007
160746651710237
76262800543470
134564698430693
221539812525443
252084484874537
254846082389938
152182297080558
6381114632285
141414928512538
27404770859983
233722210577437
241531734575781
205689953356160
63407354747334
32176239804813
235994401234713
46834873730835
244411233377079
273513667170844
270309293595663
89871622234449
194974864355241
149775240324245
137320995654362
152407547710
68398549449247
32367041512395
240270993434573
221964042579429
20425406444656
178844416063350
69448885462538
58923159812858
132566938580496
162648078035514
