203000540209048
184111094937018
4402275396865
117210907502290
149816571845360
123402363666761
72475356961633
159355216797419
224588224076512
91697328766672
17924703695118
222895439906815
228128493152897
240457373833679
80573950230288
247888019992196
216941415797538
182294462835327
204441664852020
7190404477371
246171164482708
183759401529753
151998229000355
178335431260148
31771509292270
69046848308407
143109880484089
94953295076267
162460884501639
75115726253260
86714137588014
58083177238503
132674723960634
266903182010397
241531734575781
105641333248463
14120817778916
151977626234618
138931934244871
217234373618190
221103378049995
103360465259828
224401050598924
154406063348990
62044026675596
189740704668970
166428276870392
188719241565835
149403366812864
188423526752866
131329260547825
214670829761004
99399435595222
232575036352475
11636582622763
129256132982235
248303051624319
169398895374347
266883216789565
178260271529836
245536767246282
208599289538993
166611383788602
275713582182562
163460643497933
247989453809053
68680345070558
78693150661985
149322994820217
178156210944657
141414928512538
27404770859983
146175962510374
155442221896353
136316043791846
89871622234449
194974864355241
149775240324245
137320995654362
278773061269875
270075915579351
224449706740611
191614708518213
182979584966761
205203179186008
28933698854873
269125922875447
213055156039868
207949626289803
194245919095487
256086442401655
