203000540209048
150750146879355
110710661510011
117210907502290
149816571845360
132160914738578
72475356961633
127142458908075
224588224076512
225108095149492
17924703695118
222895439906815
77284861543296
60251326014727
193817727218506
229595335505461
219818045427303
116328258541892
142756536641361
265553059281892
70079271336758
122567551240095
69999795600908
76851895105608
150841208266542
276452417657830
50904163940479
235050559507314
252084484874537
254846082389938
135838508652267
62511473639566
162460884501639
75115726253260
86714137588014
58083177238503
246171164482708
183759401529753
151998229000355
178335431260148
14120817778916
151977626234618
138931934244871
217234373618190
162339260648973
209582679140572
13463405835161
167592805046713
5919722164764
141414928512538
27404770859983
207949626289803
194245919095487
256086442401655
146359686958449
98086359774288
151398103684408
20598744086660
182979584966761
205203179186008
28933698854873
269125922875447
