203000540209048
198489849697616
27491243755072
108228991558494
122089627436088
266600902263925
72475356961633
217539362283576
224588224076512
149638903590202
17924703695118
200474441362416
76262800543470
215220267078758
221539812525443
222895439906815
252084484874537
254846082389938
152182297080558
186882229247028
103360465259828
149816571845360
191987173765695
54577438786279
127069784524846
21974435328154
117210907502290
126349076039891
22252707297140
88649176377304
48048316144578
115055982515799
184456398822718
95172174816899
169787648558827
196547540558255
160746651710237
215070994435705
263064108749970
45563455628067
203769199104096
152196128412022
33949415413761
259888073008602
166715170516369
32519877750876
189175264655431
143586944843115
150105381913390
231529853258337
255460823395165
184519942457373
229830529662181
192941362504980
63874991500972
179821376588067
255152711997740
262205349359096
232733371651018
259899220703497
78194324445482
176753002098272
119008254335106
233702521854926
78434758399617
234057510666399
108703418689751
40994103069307
155405286394448
98150316350872
127246817960358
218798573017865
14993589248719
207702309653304
69104805139584
