203000540209048
86472316935746
87805525974594
265553059281892
70079271336758
41059346163049
72475356961633
204839759930868
224588224076512
238895370010460
17924703695118
248811416008128
276452417657830
34478552606856
235050559507314
222895439906815
252084484874537
254846082389938
135838508652267
62511473639566
188957931756211
117210907502290
149816571845360
31492470253975
7369210853934
17846617758558
232575036352475
11636582622763
129256132982235
248303051624319
66155652249197
141414928512538
27404770859983
12257833910516
66430641600842
98000544411547
