203000540209048
97511586631806
22388706388785
132510981910459
121768818258661
115055982515799
184456398822718
240279497917714
72475356961633
4184148640174
224588224076512
255279723453344
17924703695118
160773256362030
76262800543470
218827359066130
221539812525443
222895439906815
252084484874537
254846082389938
152182297080558
188966270347390
45598515207319
27647267526844
47044301886386
176552509239385
97665328086768
165570019284994
156608164092037
139786861044387
136053984206967
254077487230734
221970782493094
251046001201519
110689369403626
211408748270371
93989221193502
250732576315599
115079717339151
103360465259828
149816571845360
175767465545930
158904067847008
155582688413176
