203000540209048
134662614162045
244549240990964
117210907502290
33807246593646
151906444355282
72475356961633
95005026829354
224588224076512
189167865327817
17924703695118
222895439906815
45361774027031
19090677242516
10758280226750
244391166083373
280763679100322
68408945025809
200260710570262
236087540813175
10240625507716
237589819883823
103360465259828
170939632586391
222881805776470
154185501003079
224934073565979
67732751195056
210054609551108
65160703470507
110970911896736
1884606738338
133418062179399
180431870173320
84862284173734
70089805663559
181799940233534
103107273111102
154538742359762
33070494141452
110905974003572
35061357780501
234156464207428
119257500247597
149081199050559
166432061068237
191675114326081
36067237901730
45594909201719
60762241450221
241732854775808
123227060738548
153286935844592
7375363503774
134912283879714
16219875445556
186769056015332
72497209466478
186979050421127
168597242065059
183055890770793
78496550008444
27693041005904
7418757873271
86150037567592
39782355818960
276438749068578
44960227893380
114318014887805
133304489112224
78277707917980
254330423011144
58910922658734
107996740184886
131431624496745
194883018224317
99390682856687
130175780930155
224257379891827
146742970915200
184874967521585
199099557412376
133322051786261
184567368785778
148819184281888
236994707706755
223116790972012
141414928512538
169280738935556
128452468495240
278235724623874
153837886887590
180211623147505
5754203200083
214653548705706
166858115220171
161911102919633
116676237681570
13601451416815
104321664443263
188581022788502
149816571845360
107121640662545
263454107667079
197387782836084
158784397780498
275863034143030
166776873800434
198642826883240
87674304222367
130954434781854
61841449704144
192388982967634
