203000540209048
102484146439622
115896156231552
141414928512538
169280738935556
90776799769242
72475356961633
30993766133568
224588224076512
143881367791918
17924703695118
222895439906815
71707471904206
103360465259828
68408945025809
216035114027607
2263125347718
196345173115515
7147224794590
257826476996866
262771408689788
38720805853492
159447734878064
117210907502290
63911258398319
250527213484166
63819600440049
139294743595456
115055982515799
110231379056361
19204130628950
200378099431263
124313305515674
216265682532834
76262800543470
30866954209503
221539812525443
252084484874537
254846082389938
152182297080558
54023898286815
20670261714887
6128173806505
117250809113425
119488417747983
280297470032817
195488404957547
254382017525106
32174706019346
124257179732915
102301328004065
146050190601900
270970870933798
269801421047185
276438749068578
44960227893380
114318014887805
133304489112224
