203000540209048
49447908204164
245853498920682
172230927147976
70079271336758
33459086389723
72475356961633
243224989624524
224588224076512
264409428203623
17924703695118
253919251790262
276452417657830
243737468047025
235050559507314
222895439906815
252084484874537
254846082389938
135838508652267
62511473639566
232733371651018
117210907502290
149816571845360
259899220703497
78194324445482
176753002098272
78955044384478
141414928512538
27404770859983
38943406853093
158904067847008
199255009998097
230557269741795
6664114829124
