203000540209048
263403464561470
151364334690322
275401506830731
223539931721869
46584711386507
72475356961633
234749909979246
224588224076512
48074694677167
17924703695118
32149608853219
156608164092037
129999828362131
276452417657830
250601655522584
235050559507314
222895439906815
136053984206967
254077487230734
221970782493094
252084484874537
254846082389938
135838508652267
62511473639566
263999751006732
271071975934724
267143578859884
117210907502290
33807246593646
72697195185101
153060373248873
34851090027358
206971814970284
149816571845360
49072931146573
244530132858721
245634914655623
90390132679899
186689137901499
63280236209374
181816988958339
150164857726543
274669883649889
192716551383098
101516343318819
141784220445692
176229690348565
158904067847008
92390091452115
187018603843780
116328258541892
54911768734389
