203000540209048
220028907264130
257093810347694
103360465259828
149816571845360
132199725802316
72475356961633
173845494022602
224588224076512
214315508567309
17924703695118
222895439906815
63874991500972
179821376588067
255152711997740
262205349359096
239551720385688
117210907502290
130340339603872
137157618488851
97538133787101
231122540185312
156400053158730
21149796206887
176130546090116
232733371651018
259899220703497
78194324445482
176753002098272
26043521953076
45598515207319
27647267526844
183604330838423
237464838533947
219553704049186
96551951182880
156608164092037
232351040519789
76262800543470
108600778628565
221539812525443
136053984206967
254077487230734
221970782493094
252084484874537
254846082389938
152182297080558
175279519225103
268370894269614
198375119637150
103036859290034
261353087144553
119159040283710
115055982515799
184456398822718
45563455628067
203769199104096
152196128412022
200474441362416
33949415413761
14770686707785
173596431902315
276452484647807
191929367975923
160773256362030
216088860418319
236232014958039
95172174816899
169787648558827
196547540558255
160746651710237
215070994435705
24970241681347
163563277481189
353474872493
168681617193873
172248576027995
31693347866016
171967866100341
215824742321047
103010113110627
26539717110333
166715170516369
32519877750876
189175264655431
143586944843115
135340593615312
155405286394448
98150316350872
127246817960358
275512412699899
141414928512538
27404770859983
234200747456883
209804555231232
229608584895902
