203000540209048
125534051530293
274485130204312
115055982515799
184456398822718
245850372075693
72475356961633
146543102666954
224588224076512
151497947122636
17924703695118
232351040519789
76262800543470
161104988949442
221539812525443
222895439906815
252084484874537
254846082389938
152182297080558
242991045240377
117210907502290
33807246593646
75967535152085
255001533478716
269176967660525
132162629947415
116328258541892
145262998225404
6079278568377
171744639421616
76200267098639
120670033750107
232579291307137
104883434597363
242015718766694
52120263503362
218798573017865
14993589248719
207702309653304
103551587650793
69104805139584
