203000540209048
26186365458991
50408758967490
115055982515799
184456398822718
163563277481189
72475356961633
353474872493
224588224076512
168681617193873
17924703695118
232351040519789
76262800543470
172248576027995
221539812525443
222895439906815
252084484874537
254846082389938
152182297080558
202441365876939
45563455628067
203769199104096
152196128412022
200474441362416
33949415413761
11271584331569
103360465259828
149816571845360
179821376588067
255152711997740
262205349359096
21974435328154
117210907502290
126349076039891
22252707297140
88649176377304
262585358631478
191987173765695
54577438786279
127069784524846
223897896259357
109282536589792
233702521854926
78434758399617
234057510666399
108703418689751
77106129897957
196184322666056
28489219556863
133157726176758
229830529662181
192941362504980
27491243755072
108228991558494
122089627436088
266600902263925
217539362283576
149638903590202
215220267078758
263064108749970
48048316144578
95172174816899
169787648558827
196547540558255
160746651710237
215070994435705
118192798695206
259899220703497
78194324445482
176753002098272
259888073008602
166715170516369
32519877750876
189175264655431
143586944843115
249573166140160
193514406264775
40994103069307
155405286394448
98150316350872
127246817960358
