203000540209048
113765125453134
162919902198346
171770015972530
103601546663443
208564978348056
113911987152095
158904067847008
224588224076512
222895439906815
43547241148072
13082948773917
225945849775769
148616696303360
204794891629470
233225151751556
35350078433834
72475356961633
23057751189653
81231097407661
17924703695118
57815880143651
276452417657830
244242554461782
235050559507314
90523145151659
105099926681291
252084484874537
254846082389938
135838508652267
62511473639566
154494570423418
117210907502290
149816571845360
188849218035818
174180021341708
65631243546441
