203000540209048
95129780698254
63874991500972
103360465259828
149816571845360
179821376588067
72475356961633
255152711997740
224588224076512
262205349359096
17924703695118
222895439906815
14770686707785
115055982515799
184456398822718
173596431902315
276452484647807
191929367975923
160773256362030
76262800543470
216088860418319
221539812525443
252084484874537
254846082389938
152182297080558
35608965063075
117210907502290
126349076039891
22252707297140
88649176377304
232733371651018
259899220703497
78194324445482
176753002098272
257093810347694
132199725802316
173845494022602
214315508567309
229830529662181
103551587650793
119159040283710
45563455628067
203769199104096
152196128412022
200474441362416
33949415413761
26539717110333
166715170516369
32519877750876
189175264655431
143586944843115
236232014958039
95172174816899
169787648558827
196547540558255
160746651710237
215070994435705
135340593615312
155405286394448
98150316350872
127246817960358
30372207496080
163563277481189
353474872493
168681617193873
232351040519789
172248576027995
239551720385688
130340339603872
137157618488851
97538133787101
231122540185312
156400053158730
21149796206887
176130546090116
24970241681347
171967866100341
215824742321047
103010113110627
261353087144553
45598515207319
27647267526844
183604330838423
237464838533947
219553704049186
96551951182880
156608164092037
108600778628565
136053984206967
254077487230734
221970782493094
