203000540209048
204275691966963
22388706388785
132510981910459
117929671543168
45598515207319
146318973280755
261421041505117
72475356961633
122490928949172
224588224076512
196466579530219
17924703695118
241604887648571
156608164092037
207514320353061
76262800543470
127979062956505
221539812525443
222895439906815
136053984206967
254077487230734
221970782493094
252084484874537
254846082389938
152182297080558
256320367183707
196599477999341
50337637463274
128297655983785
93989221193502
250732576315599
101352045400085
117210907502290
149816571845360
175767465545930
158904067847008
155582688413176
