203000540209048
40975962285793
247477411248643
115055982515799
184456398822718
166715170516369
72475356961633
32519877750876
224588224076512
189175264655431
17924703695118
200474441362416
76262800543470
143586944843115
221539812525443
222895439906815
252084484874537
254846082389938
152182297080558
280092130144963
95172174816899
169787648558827
196547540558255
160746651710237
215070994435705
150330961165084
117210907502290
149816571845360
126349076039891
22252707297140
88649176377304
24970241681347
163563277481189
353474872493
168681617193873
232351040519789
172248576027995
119159040283710
45563455628067
203769199104096
152196128412022
33949415413761
63874991500972
103360465259828
179821376588067
255152711997740
262205349359096
35428325283240
155405286394448
98150316350872
127246817960358
232733371651018
259899220703497
78194324445482
176753002098272
14770686707785
173596431902315
276452484647807
191929367975923
160773256362030
216088860418319
257093810347694
132199725802316
173845494022602
214315508567309
239551720385688
130340339603872
137157618488851
97538133787101
144874451905588
156400053158730
21149796206887
176130546090116
261353087144553
45598515207319
27647267526844
183604330838423
237464838533947
219553704049186
96551951182880
156608164092037
108600778628565
136053984206967
254077487230734
221970782493094
218798573017865
14993589248719
207702309653304
278589834893319
69104805139584
275512412699899
141414928512538
27404770859983
234200747456883
209804555231232
229608584895902
