203000540209048
28244831742292
41839411151617
265553059281892
247691054698053
205347085259366
72475356961633
106782067668640
224588224076512
50892551959826
17924703695118
199012674159504
276452417657830
78729974523115
235050559507314
222895439906815
252084484874537
254846082389938
135838508652267
62511473639566
128397965825539
117210907502290
149816571845360
145880792396218
195118675345771
259729079166739
52805819909898
115055982515799
184456398822718
228628369574531
55933847633445
231451934931546
232351040519789
76262800543470
185265073983110
221539812525443
152182297080558
238143860310804
52120263503362
108229560399243
163974034241318
253763602715793
182912659803614
