203000540209048
257483124629636
210300760892757
115055982515799
184456398822718
267066893901733
72475356961633
126476135450692
224588224076512
29371001903618
17924703695118
279444437867406
76262800543470
25903042937753
221539812525443
222895439906815
252084484874537
254846082389938
152182297080558
184815902846223
39923529351887
240292930501306
15530616978217
232351040519789
244125203137235
62916337666270
112346879510083
23246034249439
188447327354820
106323356845615
31434017880564
260921770713634
2218451972556
