203000540209048
27240130740993
163987743148954
115055982515799
184456398822718
101509740217362
72475356961633
240292930501306
224588224076512
15530616978217
17924703695118
232351040519789
76262800543470
244125203137235
221539812525443
222895439906815
252084484874537
254846082389938
152182297080558
115858828893598
117210907502290
149816571845360
114915470959817
197512811507299
223769275758310
23246034249439
188447327354820
106323356845615
31434017880564
260921770713634
2218451972556
42599737666868
30125828747374
183254543391285
65517520166876
21149796206887
24614695235163
194293850795488
141414928512538
27404770859983
232648203770625
154299509886511
267876607136220
