203000540209048
10799193653974
184815902846223
115055982515799
184456398822718
39923529351887
72475356961633
240292930501306
224588224076512
15530616978217
17924703695118
232351040519789
76262800543470
244125203137235
221539812525443
222895439906815
252084484874537
254846082389938
152182297080558
210300760892757
267066893901733
126476135450692
29371001903618
279444437867406
25903042937753
62916337666270
112346879510083
23246034249439
188447327354820
106323356845615
31434017880564
260921770713634
2218451972556
