203000540209048
195469833816390
22388706388785
132510981910459
269347561047357
45598515207319
27647267526844
267166758851401
72475356961633
176552509239385
224588224076512
1389880317652
17924703695118
165570019284994
156608164092037
160773256362030
76262800543470
104086909126404
221539812525443
222895439906815
136053984206967
254077487230734
221970782493094
252084484874537
254846082389938
152182297080558
117807656341169
115055982515799
184456398822718
111002346959731
4184148640174
142889364172156
88323027716545
222176280654607
110689369403626
211408748270371
93989221193502
250732576315599
153014456986529
117210907502290
149816571845360
175767465545930
158904067847008
155582688413176
