203000540209048
236018942110398
245864963425050
103360465259828
116328258541892
196489407333889
72475356961633
4309894836232
224588224076512
10046080441882
17924703695118
251996854102407
281028701910820
222895439906815
70645204515821
108228991558494
52120263503362
260072753737666
41924604252775
208637318791852
232351040519789
76262800543470
184747096044874
221539812525443
252084484874537
254846082389938
152182297080558
53447703036017
117210907502290
266574950053285
92426661649004
13146174610058
