203000540209048
121470972287940
111284423320651
45598515207319
27647267526844
68705802075441
72475356961633
179679934698998
224588224076512
92366890176949
17924703695118
261243544861622
156608164092037
160773256362030
76262800543470
202087431149957
221539812525443
222895439906815
136053984206967
254077487230734
221970782493094
252084484874537
254846082389938
152182297080558
84059067600053
115055982515799
184456398822718
242398678083630
180169319928195
207610888707952
14954768559852
139658217787470
117210907502290
116328258541892
145262998225404
6079278568377
171744639421616
76200267098639
120670033750107
232579291307137
104883434597363
