203000540209048
258493805683603
66652578690513
115055982515799
184456398822718
187849014907952
72475356961633
149586281672502
224588224076512
95155786978498
17924703695118
229830529662181
76262800543470
109512149591652
221539812525443
222895439906815
252084484874537
254846082389938
152182297080558
231568292696000
86190785529404
23064560705686
86112553912347
200474441362416
223897896259357
46272912313716
233702521854926
78434758399617
234057510666399
108703418689751
128454333180577
114596801651387
166516959877350
98953920706371
192941362504980
84095375583648
14993589248719
207702309653304
103551587650793
69104805139584
