203000540209048
145821457166101
246029889026435
172230927147976
70079271336758
37277066203884
72475356961633
29365471135297
224588224076512
167514376341821
17924703695118
81999087855202
276452417657830
41034364366185
235050559507314
222895439906815
252084484874537
254846082389938
135838508652267
62511473639566
192998136261755
117210907502290
149816571845360
96812800294505
276587786389101
158159910497809
213359494433579
155940017641104
25250860694979
220780232942893
58895698780218
217480403482766
111382321010260
42169496787303
