203000540209048
156044644474594
5866923765637
117210907502290
149816571845360
40379572809887
72475356961633
148627045581763
224588224076512
154272234419686
17924703695118
222895439906815
244638603597358
123808895226841
56759952705323
189196519756517
225920019692508
187550097406358
15324904902513
202953832753016
62578942854552
176779309699539
158577253512527
156953511897245
119498756023380
103360465259828
165041115093728
49231448525692
259287750888480
196068874707353
57757168460393
92426661649004
20495400910302
108487001874840
258908688427198
236223302646113
34647770043030
7203540144236
141414928512538
27404770859983
59874341621918
83118953065437
104674524695539
278935454637144
51977430299214
259888073008602
14993589248719
207702309653304
69104805139584
70538911739249
103551587650793
