203000540209048
221054732659270
30978312305116
57618201855328
4328359874333
115055982515799
184456398822718
154075845933924
72475356961633
134759940343891
224588224076512
37408776377432
17924703695118
274359852216552
76262800543470
103551587650793
221539812525443
222895439906815
252084484874537
254846082389938
152182297080558
155315035540062
31949671161927
155118645613834
5994204636977
1829902224132
117210907502290
10680366024325
85208399610845
10459827185926
19982076497138
275266858586164
219383852296998
44215126524952
168852808917463
175281202607538
