203000540209048
250190686915163
72836015823454
95051408920332
134518698321558
135383771259200
39551403016024
211305780241920
43503436235719
220735815265956
257966584290979
62619789951196
81660225419547
210599706599290
138002836077567
54991831142913
51336095751674
207198040562529
49836730111374
195272661018817
186679991714769
180846931685819
23666135642705
9724597834359
125168365699978
137669832300635
247097931337361
72475356961633
54522652731032
224588224076512
83325454412765
17924703695118
222895439906815
156914211556396
227963197332978
62638772445072
14993589248719
207702309653304
103551587650793
69104805139584
