203000540209048
59654657970644
180211623147505
117210907502290
68408945025809
5754203200083
72475356961633
214653548705706
224588224076512
166858115220171
17924703695118
222895439906815
45361774027031
33807246593646
19090677242516
10758280226750
244391166083373
150088465313793
103360465259828
128202684119843
226054129585289
195060538418739
244549240990964
151906444355282
95005026829354
189167865327817
106369860542361
87791888275664
4842270494858
266155059293074
1960226503588
27609464705500
264358728664532
128962863544359
58090987923905
241732854775808
123227060738548
153286935844592
7375363503774
150172820110230
271080936167415
125596019625127
103328505234046
276438749068578
44960227893380
114318014887805
133304489112224
173517397307331
62354816972465
200159702878056
127999013897780
78277707917980
254330423011144
58910922658734
107996740184886
234156464207428
119257500247597
149081199050559
166432061068237
191675114326081
36067237901730
45594909201719
60762241450221
7539014151405
22585259570199
144676753142730
210942553705122
254303588521444
186772438429091
198936995691677
195904904900661
69363872977005
202452634097981
150079976630111
215049271944465
248235450190164
68101966655148
29732814868181
246065256679606
236870690275293
88255061405884
271353023112371
132772579612468
259341498614561
40856661052919
41764688948240
39164913508578
195467028855784
166147877859843
84862284173734
70089805663559
181799940233534
103107273111102
247777712048829
54842519097871
159747903062127
132817032285719
50627891058604
235694071609519
215190081447069
142224950617622
35481539979042
10594324630963
111057321521339
195071217968367
237589819883823
170939632586391
222881805776470
154185501003079
280763679100322
200260710570262
236087540813175
10240625507716
69279048608787
164108068262114
7020025969844
27133225752143
202124421297550
261086624341812
47589105931643
187614750168334
204897275216872
89500272118244
87419934593721
146940323005517
139927046275841
241748810645920
244740390990156
43944290547955
6187063185234
187773444745253
145600184408201
61754872639325
44475200058100
186233234920925
97528821911698
44977848556318
279144760916257
186979050421127
168597242065059
183055890770793
78496550008444
117123199463576
29742790838834
32651061522680
129950478097841
80490158288333
133619918089544
129528508431303
43625657024654
223116790972012
141414928512538
169280738935556
128452468495240
278235724623874
153837886887590
92122939563327
101579583781670
261150968003838
244751649301764
36316753413726
259114224967393
251782756842222
73604156012556
45332086760776
96093686948060
270575818663743
42310607233166
37304765062517
10905213269679
131935651655483
232012663760340
186592762771995
195320254862717
106859432394582
181568528637518
46723407015208
31652651698136
93989221193502
257437619579273
43935066526100
25132202420616
127958680705279
11498065929603
116676237681570
13601451416815
104321664443263
241375582812544
30125828747374
36172691102064
91674678277755
102071270571152
119250205430817
183254543391285
38939641084948
158904067847008
136648882733499
