203000540209048
90946483753793
267143578859884
117210907502290
68408945025809
72697195185101
72475356961633
153060373248873
224588224076512
34851090027358
17924703695118
222895439906815
256030335688357
33807246593646
266917377492597
58473889253452
62039854193176
26785387349907
202878634495259
190517700496478
229266013817397
112064324028809
116024728303965
197982087106535
158704978267940
253185589953743
249167879043672
206627131198879
132651381572914
172691219451944
21479052946379
157229975162410
277408967196457
117467438966750
119488417747983
280297470032817
195488404957547
254382017525106
150716664650357
124553049338515
5664105187519
185540721532860
18762634772334
18980901806547
170583185322666
51871549008238
156072042592793
234730581312424
58223551807641
111306242516469
239466903511271
30125828747374
36172691102064
191148412435164
112934150141977
74662882905453
