203000540209048
171983997488177
244549240990964
103360465259828
33807246593646
151906444355282
72475356961633
95005026829354
224588224076512
189167865327817
17924703695118
222895439906815
148347765930575
68408945025809
102420771270443
268704233948147
20911060023682
280819662804542
66776002658539
84545568979026
195164082744349
71707471904206
216035114027607
2263125347718
196345173115515
7147224794590
257826476996866
262771408689788
38720805853492
54023898286815
20670261714887
6128173806505
117250809113425
158856575298011
279609157303350
187931845876541
211119871559845
204897275216872
89500272118244
87419934593721
146940323005517
191675114326081
36067237901730
45594909201719
60762241450221
234156464207428
119257500247597
149081199050559
166432061068237
236932775034175
264862837814780
95319508208338
33904282917986
150172820110230
271080936167415
125596019625127
103328505234046
202145384708472
56349318945284
226359117566435
97528821911698
117338492024355
279144760916257
168386587758044
276452417657830
29783938120650
235050559507314
44977848556318
76262800543470
251109157850429
121769125398103
252084484874537
254846082389938
135838508652267
62511473639566
263999751006732
271071975934724
152182297080558
193687385437362
74396247584940
19417056265757
207596914700844
117210907502290
198070340245183
83706526442700
234272192286154
192587422134142
39566550425
99390682856687
219576789481241
244740390990156
43944290547955
128962863544359
6187063185234
74894821546047
149816571845360
177657403236139
206906357954874
199913106430616
155204060127433
181975655761964
273280814150871
99247825139481
77070913408074
102308307098349
47263650963868
33705437124422
146112744374198
141414928512538
27404770859983
151209266863757
28383818015449
179066235954789
37304765062517
10905213269679
131935651655483
232012663760340
223116790972012
169280738935556
128452468495240
278235724623874
153837886887590
204699797896279
237045261108147
244781460093210
180080510499714
46834873730835
244411233377079
270309293595663
152407547710
68398549449247
32367041512395
66758344239012
146078037371344
158904067847008
280600217247105
