203000540209048
45611580787091
280763679100322
103360465259828
68408945025809
200260710570262
72475356961633
236087540813175
224588224076512
10240625507716
17924703695118
222895439906815
237589819883823
170939632586391
222881805776470
154185501003079
27693041005904
117210907502290
7418757873271
86150037567592
39782355818960
84862284173734
70089805663559
181799940233534
103107273111102
134912283879714
16219875445556
186769056015332
72497209466478
224934073565979
67732751195056
210054609551108
65160703470507
110970911896736
1884606738338
133418062179399
180431870173320
197022870005656
43158216144983
133503308088748
231643609267355
262235728461002
95525161490393
86318293100829
97528821911698
44977848556318
279144760916257
78034550226021
276452417657830
208015025481540
235050559507314
41551258583606
76262800543470
252084484874537
254846082389938
135838508652267
62511473639566
263999751006732
271071975934724
152182297080558
99846723943045
33807246593646
227864168806038
31344247383897
55326170492061
45361774027031
19090677242516
10758280226750
244391166083373
155204060127433
181975655761964
273280814150871
99247825139481
86314656248925
140553040852286
215998611973572
19337750746642
74894821546047
177657403236139
204382305466942
199913106430616
47086658048559
82550326408501
247307343226476
146915215408153
34717240825069
141414928512538
169280738935556
128452468495240
278235724623874
153837886887590
146112744374198
151209266863757
52458724667838
179066235954789
180211623147505
5754203200083
214653548705706
166858115220171
161911102919633
116676237681570
13601451416815
104321664443263
