203000540209048
260610944512619
196800087258727
185766774930972
184849692557090
40956508003033
99105293615167
268779080899750
264933543810647
59633686556665
274186815956279
86661275570167
172372112972610
109114911489172
279534070033182
124091272523430
61854079978986
127427491589461
97259421750837
280457507138356
107447670720239
228218431651313
235228804678074
223390437094073
72475356961633
205936019594095
224588224076512
243310602709536
17924703695118
65551884188437
276452417657830
180305946438693
235050559507314
222895439906815
252084484874537
254846082389938
135838508652267
62511473639566
