203000540209048
185766774930972
184849692557090
23531113450011
40956508003033
268779080899750
59633686556665
172372112972610
124091272523430
97259421750837
6707294536961
107447670720239
228218431651313
235228804678074
124639654281808
72475356961633
22778924987305
224588224076512
35324757228589
17924703695118
79962735290023
276452417657830
166595638032562
235050559507314
222895439906815
252084484874537
254846082389938
135838508652267
62511473639566
244349481705490
275401506830731
195157788916660
235132869299317
81599462246700
104029312143721
111645013595545
156608164092037
257200001864849
136053984206967
254077487230734
221970782493094
263999751006732
271071975934724
176717369213512
117210907502290
149816571845360
36778189304312
225172752824653
71843760266897
