203000540209048
31812563445102
52171764819359
274867279300636
189080703212440
97259421750837
72259848125948
127210395382041
85668403301957
14340467007359
275401506830731
218938485452249
103551587650793
72475356961633
52327824618035
224588224076512
195021680951877
17924703695118
45971625443022
156608164092037
276452417657830
235050559507314
222895439906815
136053984206967
254077487230734
221970782493094
252084484874537
254846082389938
135838508652267
62511473639566
263999751006732
271071975934724
256449507559414
195157788916660
31888083159898
256194312235791
103360465259828
149816571845360
130255134039472
85068809779689
248907254698065
259852608371119
228218431651313
235228804678074
84696404888265
