203000540209048
31812563445102
53410182374686
227255696292296
240205682935785
97259421750837
72259848125948
216936163548542
14340467007359
228218431651313
235228804678074
103551587650793
72475356961633
67076743112064
224588224076512
195021680951877
17924703695118
276452417657830
235050559507314
222895439906815
252084484874537
254846082389938
135838508652267
62511473639566
198136455658902
103360465259828
149816571845360
88401538799117
69355947729314
123700398522001
256449507559414
275401506830731
156074819886993
167855569780283
45971625443022
156608164092037
136053984206967
254077487230734
221970782493094
263999751006732
271071975934724
259888073008602
54591081441171
161766231520656
171623189909359
59449450286708
194740874437234
21516314138947
98388282302730
