203000540209048
260610944512619
196800087258727
185766774930972
184849692557090
23531113450011
40956508003033
99105293615167
91926021987862
172577124087781
268779080899750
264933543810647
210054881892999
198583059039036
102980705489780
149463034143830
6284919522236
248676323253817
158695145906443
116967254640338
27951261050343
253636205088177
151508070943428
234520716305333
274290097774951
60220108213051
96345662459179
186095902690375
256199147049634
24072122252884
131979655825354
108170957416094
275421524867070
8407921198549
107860653556069
134632255767227
110910461708803
222831778784984
107971382030130
18182289702738
134831024351070
190900599810185
181698488001281
248518743889428
30245646697796
144165622202971
215931795752459
147778574245031
238860956046310
96060184499687
191879097109850
215500919135276
104628363092931
275347129693372
59633686556665
274186815956279
86661275570167
164256606491139
28486853710333
81508944158916
25157446809521
172372112972610
109114911489172
279534070033182
93158458168827
9865677370950
195999153617904
23539184035933
69849414435748
135432623945630
56300862397284
97364544454005
190275204724039
31232410136414
124091272523430
97259421750837
160903676099980
280457507138356
139521128928463
82425581608470
227759601358574
226350251785908
72475356961633
90363355851998
224588224076512
277787597071880
17924703695118
136130842112688
179881237608202
222895439906815
156914211556396
227963197332978
107447670720239
228218431651313
235228804678074
103551587650793
276452417657830
68941546669551
235050559507314
252084484874537
254846082389938
135838508652267
62511473639566
244349481705490
169906180931203
70653062694564
57976291266901
191106508415622
44664948237253
196130430350906
156608164092037
136053984206967
254077487230734
221970782493094
