101145163023325
119159040283710
122197657201929
135340593615312
139294743595456
141653867451285
14770686707785
149544922556250
152407547710
174548941402332
187918029540061
195803842817065
208599289538993
210552228168636
211066953617622
218673314097701
226666496913929
232733371651018
234050034131447
236232014958039
239551720385688
240270993434573
242540821882092
259709849344218
26539717110333
266633059376355
30372207496080
35608965063075
46834873730835
50212988096581
57746106821748
6381114632285
66343526065236
69074245632776
69448885462538
81870433610589
