1018980953
105278571
1072232695
1099256306
1106469134
1148962322
1210586945
131940356
1465622983
1485670266
1545261313
1587551816
1694079331
1732623925
1807094088
1811826438
1908290522
2040827848
2153089805
216166159
2263114631
2390513530
2418089905
2458179096
2459678706
2645813592
2661874461
2678288662
269742470
2851143268
2888596607
2946069631
2993541753
302821858
3064766697
3122041658
3188750686
3226914657
3323823663
3428025936
3493960682
352000654
354451888
3559229350
3602099007
3610241745
3672397577
3751232416
3812596660
3848914958
4040956283
4207887045
4212234556
489330247
495131908
533265994
642551842
739556125
884237585
897726578
908520454
997296407
