1011769351
1038678416
1040058142
1055200472
1080061785
1156681309
1157016075
1165296089
1221542445
1232432392
1345663620
1358823585
1427308010
1506136579
1510300700
1557878399
1572552537
1576302147
1674697973
1708516386
171323565
1737041366
1748283899
2017459535
208724568
2102476932
2111209676
2119294509
2251047669
2311444220
232848024
2361202808
2443094120
2500187420
2561062790
2692308036
2703520234
2772168468
2785625234
2838384484
2856360618
2872609867
298014149
3006192533
302541567
3136991187
3192570426
3239444768
3251139554
3267811714
3282100066
3320934794
3396146130
3397324684
3400976881
3404860941
3523636223
3547834972
3681630883
3744552948
3787549218
3842955078
3948799035
4050845448
4110809476
4139354613
4149582198
4153731290
4204770250
4214550240
4276219966
531833521
551958900
585191891
596607324
635904509
673643964
837751944
86756908
886570071
