1163539482
1234263331
1239008505
1292021722
1300063064
1339584152
1385542818
1571731391
157822662
1669703921
1710192436
1716816472
1777468997
189831698
1932253468
2052931598
2151042748
2336610537
2470688177
258945992
2592957863
2723136206
2749146045
2816122458
3063337500
3091152388
3099593021
3124316479
3141029620
3228657225
3242299713
3290134563
3374039154
3384605343
3466998074
3602612143
3798868774
3859468973
407586869
4118433702
4140556439
535773413
665687493
729605483
797243731
869408633
871039080
889826312
