100794842504106
101643226644553
12425784388168
124977176286690
131920213119434
132425358688854
133528289181682
144573801642922
147184200187182
15291132383740
156851180242661
157187139326464
158904067847008
168992652097891
172265213500344
17383409829056
182383102556547
188076518209921
195749202787922
19845605543882
205228958380579
217931594700790
230995447418446
231476045011381
233684425613238
233949115684514
239709449209978
245260224586465
251986254879111
257720114510597
258717663911258
265620928519938
266707179113811
273186750411744
276371883754939
46750513495180
49038772610466
60420986900994
65199022815795
69835344142216
71736083357189
75191733088889
94267669482776
98919259163012
