111532739229771
115410184171027
120043432412903
123805504514662
129952128607892
130557013315189
140709182232632
143985124646104
146229576346044
162587651381351
165355461826729
171654145345098
175009949693219
203749501420597
218377284070908
226621050677063
229010398096479
238965260332215
243969685827529
251021708215781
258106206157137
264798683300791
268108021968554
277604935216851
37433774098202
40871097501245
44361819504857
45090596685802
45984929115389
58106672026268
59545742779468
63147407603396
68298350110933
69506420925115
70680129150165
71715054998913
74693800547737
7592593013973
87509305024685
87592401275061
92109742296202
9357790722543
