1036223680
1036223681
1036223682
1036223683
1053001392
1053001393
1053001394
1053001395
1053001396
1053001398
1053001399
1053001404
1053001405
106327392
106327393
106327394
106327395
106327397
106327398
106327399
106327404
106327405
123104980
123104981
123104982
123104983
2129995104
2129995105
2129995106
2146772688
2146772689
2146772690
2146772692
2146772693
2146772694
2146772695
2146772698
2146772699
2610236310
2610236311
2610236312
2610236313
2610236314
2610236315
2610236316
2610236317
2610236319
