1022645477
105442884
1082654246
1149129414
1151087599
1196644942
1406492767
1490774759
1498487186
1598668489
1643054374
1825210465
1825413236
1932054534
1952650724
2188319132
2258326328
2330771357
2356410336
2360136417
2383046285
241333867
2436687718
2440216243
2498025636
263220943
2875034809
2954131060
2965022103
3022841530
3054962483
31000019
3109712028
3114251660
3256877530
3263512754
3461794726
3486878222
3501889847
3603522318
3629823462
3703869694
378395979
3833970646
4026206001
4200597933
4247338863
4284749948
485004006
541705160
597257138
612345581
650408985
690398160
7502531
753506664
755572221
78475159
867884005
885875398
