108703418689751
126349076039891
127069784524846
127246817960358
143586944843115
149638903590202
152196128412022
155405286394448
160746651710237
166715170516369
169787648558827
176753002098272
179821376588067
184519942457373
189175264655431
191987173765695
192941362504980
196547540558255
200474441362416
203769199104096
215070994435705
215220267078758
217539362283576
22252707297140
229830529662181
231529853258337
233702521854926
234057510666399
255152711997740
255460823395165
259899220703497
262205349359096
266600902263925
32519877750876
33949415413761
45563455628067
54577438786279
78194324445482
78434758399617
88649176377304
95172174816899
98150316350872
