113682641585308
119805646898291
126850217714325
126977799133215
130881861002571
130954434781854
140088367248385
151035828741590
153850458283446
158904067847008
174108468642577
175150505712150
176633550103269
18899980605118
192388982967634
19970879357725
209846582122203
21339126269827
231550619505218
232351040519789
233169478798518
235614114185139
239356047645346
247021849080054
247768892248031
254914858799502
261608985979366
26536894777036
267198777826969
268631681968519
271651717125488
28009836820962
32373432375737
34293087677526
34454398807148
36838179877853
44612494274732
69317590791609
88992966401559
96394284408006
97446775617698
