0
1019290684
1077720627
1166684034
1172536971
124782522
1384744786
1407124334
165105808
1697122470
1698428642
1742050639
1779621924
1838395629
1907213264
2019797133
2194468542
2449148014
2475596687
254992101
2595646577
2833792301
2840507209
2850080075
2961859845
3017187146
3107344576
3155161280
317308328
3176802993
3232980100
3268041918
3283308380
3394248060
33985373
3400257759
3452994326
3486321326
3498443648
3509908785
3543697733
3578912926
3627619385
3995283038
4002393639
4176419828
4203566125
4248114421
465013329
528772726
627602276
763750025
915649412
937011365
975318087
997548039
