1004462876
1007893302
1012043057
1021057766
1027439522
1029630988
1035315922
103822573
1045311672
1048742589
1054294738
1059365364
1063688031
1066792608
1070513613
1074921652
1076349549
1077720627
1079326411
1082944775
1083767416
1097923221
1099201285
1104674789
1118428916
1135479133
1138808731
114187042
1145298108
1155140164
1159744188
11609755
1164438268
1165575371
1172536971
1174021645
1175726127
1178938000
1188798256
1198243818
1204231749
1209548385
1219707619
1220835095
1226124307
1229114683
1229683831
1241058547
1252132110
1260030795
1278970378
1280696094
1284318387
1291369391
1305282550
1313501952
1316289932
1320665809
1327479035
1328093908
1330271849
1346546925
1348664759
135040700
1354091306
1369832242
1370827655
1380133660
1390386886
1390764094
1396486341
1397251591
1408974817
1414926812
1421895477
1425312932
1426520655
1432443600
1433944732
1437657069
1454099814
1460529113
1465658123
1475818848
1490595235
1493690519
1512758019
1516186623
1522239612
1522374837
1524082386
1530109466
1543461106
1562646682
1569758050
1574720427
1577024369
1579131731
1589564573
1589843505
1590463250
1593769340
1597902720
1598568884
1609746729
1616160382
1619212933
1622759684
1625418731
1626328807
1626520496
1627346734
1629687924
1640668782
1645872879
1648235181
165105808
1652085
1652730084
1654909129
1662329677
166640723
1670702959
1671391814
1673512710
1681547583
1685106020
1695039273
1701498064
1711641192
1711831990
1711997258
1716095086
1716394603
1718692278
1721416612
1726093650
1728878833
172955667
1734304905
1735807738
1742050639
1745766232
1752178304
176245234
1764117548
1789064812
1795526304
1797943576
1805168910
1805781292
1808976449
1815793689
1819035537
1819845515
18198780
1826930511
1835231278
1841869984
1846672440
1856383211
1858670738
1861442353
1863848605
1881345321
189249555
19029429
1904422136
1905804702
1911443761
191256864
1919282714
1925901891
1927228303
1928948380
1931192038
1937206749
1942446401
1947864892
1956513913
1959750836
1962296585
1968536280
1971707856
1971951125
1981640861
1982049507
2006737694
2019701661
2019797133
2022524364
2028164819
2037216280
204258058
204838635
2054105461
2054446907
2065852269
2072376179
2076948171
20787562
2078808929
2079278901
2084122078
2088580618
2104273297
2112067396
2133264417
2133298550
2133945314
2145238398
2155534022
2159303249
2159341938
2171567931
2171602209
217549621
2176645267
2181422363
2186038893
2186329642
2188937431
2189792842
2194647406
2195902454
2197804444
2199503888
2206494588
2207674177
222078586
2225555900
2233412104
223526582
2235332942
2242357604
2253234164
2253955145
2255349004
2256379139
2282378220
2298442067
2310862204
2314979498
2316958877
2320339366
2321527831
2334323993
2337497091
2341307163
2345034551
236933981
2373222707
2375199330
2381973586
23849541
2389170024
2389789920
2393979176
23951497
2398039784
2398559764
2409307374
2419724367
2426697030
2444506103
2446594670
2448648334
2449939441
2451373454
2452289146
2458621982
2468285345
2471161293
2482695310
2492959791
2495138403
2498758629
2499911196
2500439104
2502107703
250583631
2511994107
2513487485
2528231857
2541729543
2549872965
2552277336
2552683494
2558609563
2566573588
2571324435
2576206617
2581827268
2582430045
2594712166
2607151945
2608548080
261041874
2616443000
2624413975
2629035409
2650412654
2654189377
2655436716
2680387666
2721842204
274199479
2750300644
2755854119
2756586832
2771247434
2774671
2776610338
2776946454
2779112778
2788893728
2791995823
2794291952
28081517
2814175743
2824620693
2832123083
2835960059
2842677505
2848494536
2850587905
2860664749
2870021985
2876513661
2879592350
287966842
2886223045
289797313
2912950313
2930644265
2931698655
2935196283
2940436106
2949939919
2958278228
2970207349
2975123358
2991684436
2994342779
2997414186
2998168206
2998472933
299990305
3006458867
3017187146
3022088825
3023408949
3030611850
3031113420
3036698988
3039188821
3040174623
3040773963
3041894536
3047359188
3051245269
3057396661
3060990747
3063273922
3066145058
3072697067
3081347545
3084529350
3090886331
3098336006
3111540652
3128953425
3150848555
3153699145
3156565692
3158537254
316179176
3161987245
317308328
3178623792
3188619311
3201445906
3204209032
3216185792
3216237531
3237594520
3242548321
3246134248
3246897250
3257749190
3281208352
3288146606
3299830654
3303439603
3326274944
3336628771
3339474424
3340357692
3341427054
3352490273
3364684339
3368288380
3381596397
3381612753
3385341937
3386373889
3386848592
338718753
3389553644
3391227333
3394099280
3400257759
3404510988
3413532881
3416067632
3427534915
3438091997
3446443395
3447930749
3451240466
3453618127
3466546576
3485493793
3486805255
3489552984
3492012403
34996599
3509843185
3537510537
353950226
3543697733
3545634912
3550948047
3554619008
3554994090
3557320512
3568394130
3573649226
3576354758
3593041272
359422030
3594348166
3603246089
3606306849
3609368759
3627619385
3649617875
3653513825
3660926541
3663472294
3667429497
3670378178
3670878460
368853848
3693111589
3693343964
3696086701
3698125194
3706238410
3712284426
3716928257
3728242254
3729754049
3751814674
3753547336
3754531819
3755952488
3760984792
3766919770
3773386065
3782093781
3785250721
3786271808
378669770
3788142422
3790386401
3790755131
3793162448
3817070887
3822513839
3829645109
3830332092
3835011294
383703190
3842226337
3845997032
3849680999
386022288
3861398159
3863552943
3864321685
3866173311
3868452712
3877121555
3885025794
3890076482
3893923082
3894078029
3896894938
3921181145
3925659388
393368875
3937380977
3944726847
3949868217
3953691439
3970957697
3983434998
3991324633
3994475350
3995283038
400316757
401798948
4018255229
4019186572
4019557003
4022716212
4022772149
4028408407
4031742934
4037315887
4047552295
4050838898
4055518960
4064505553
407232439
4075192484
4077553716
4088270022
4099062576
4111298887
4130203544
4136391513
4140581587
4151266983
4155105711
4156043871
4176419828
4179266418
418402739
4186308513
4189157430
4194235678
4203566125
4203679783
4205451936
4207321181
4214959618
4219101338
4222046791
4230431259
4230495190
4238045091
4238634167
4240836560
4241274850
4248512667
4252465779
4252566395
4253813271
4257307698
4257478052
4260916104
4267412546
426895972
426961936
442275317
444683799
44991048
463416944
465013329
474311871
480479100
489881228
491330180
494306110
495509568
496527987
499676184
502505153
504874892
520498266
52151844
528406827
528772726
552282955
553769913
556358005
557491870
563640055
563869319
566186175
568711034
570053401
582750109
587833781
596160033
599595910
60053694
606966563
612541994
613479851
626786763
631919702
636416834
643446697
644779709
6489332
653253420
654470447
664463657
685964069
694527133
695477980
709335443
711024536
718548931
727495824
748925198
760293875
760666429
761146302
763750025
771577989
775044937
775336606
781473185
783134075
786741773
790756729
794956758
802791584
806454449
819003695
824366285
833155073
837232274
842528036
854436172
860017937
864527583
866083431
890100143
89201376
892021789
896740376
923483941
928202501
941894408
945254806
956890717
969102573
969401772
975318087
988254880
989404802
