1542483731703473378
1542485004122139207
1542486955669552510
1542490895180639204
1542491340422012546
1542491912792173030
1542495544416644987
1542496201923599212
1542496494820893881
1542496949874788081
1542497170173934302
1542499354221612355
1542500823741167656
1542500887995163367
1542503116476418261
1542504236149284206
1542504541553698312
1542504916125837163
1542505942213819487
1542508068477539201
1542508609719249630
1542508824844959837
1542509454033609534
1542510456154522370
1542510532115139776
1542510749952650905
1542511325542201561
1542513939239275170
1542514790671742470
1542516605095565319
1542516730372997910
1542517759111696918
1542518137168105537
1542518270270434458
1542518557094767461
1542518891380379931
1542522835056445369
1542522844994672625
1542524737085301077
1542524835823841836
1542525384865015884
1542525975884760144
1542526593499684400
1542527388709016150
1542527539658643304
1542527999494956510
1542529420679256285
1542529499222761692
1542531832236652738
1542532775140407385
1542533050532936437
1542533503469735446
1542538246559969341
1542538436939447304
1542538480669101016
1542538511894831632
1542539783432013194
1542540076850897425
1542540354166768185
1542541094415194885
1542542381631745817
1542542496884456554
1542543253553140768
1542544042336926545
1542544590962507549
1542545111655024061
1542549512511859762
1542549811359441776
1542551784118904199
1542551856672464513
1542553522534239935
1542553844342276918
1542554343318713975
1542556063903895665
1542556374563521983
1542556487066202206
1542557668911320208
1542560966316643219
1542561000810155642
1542561647111643688
1542562018130460108
1542562723938784489
1542563652272451619
1542563966540968182
1542565541440158455
1542565849751790850
1542565972805864192
1542566510716008043
1542566681760003079
1542567207259593178
1542567480569213955
1542569099044481308
1542569541581582012
1542569712842535840
1542573145032281695
1542573200934324037
1542575719464559488
1542576062235008228
1542576210920024127
1542579577996554629
1542580725854501822
1542582876551214079
1542584786829527074
1542586832312686825
1542587926768628097
1542588465572821018
1542589182541405861
1542590389722966385
1542593515383281524
1542593530597855045
1542593855532206176
1542594596798490052
1542597668690552175
1542598102054579639
1542599113819355705
1542600849017187760
1542601201312005274
1542602360929210329
1542603453193463731
1542604992507892791
1542605741058204359
1542606444044337108
1542606615692140160
1542613288908172638
1542614428235295893
1542616241208922293
1542617172232873337
1542619118106784606
1542620257720901174
1542623147664606449
1542624926953154918
1542626292484605032
1542626582906705450
1542627576658104793
1542627885702422313
1542628765768913906
1542631573982796012
1542631584939232855
1542632969943487299
1542633337026259616
1542633695337051004
1542634264321388035
1542634828646540636
1542638291193714462
1542638741474286362
1542639247559283111
1542639491038201054
1542639534542929801
1542639944485370432
1542640476909444519
1542644957086270651
1542645413615451520
1542645437376970192
1542646344940000870
1542647684871626343
1542648436581990665
1542649735706696906
1542653500013774996
1542654502722300603
1542654851838883442
1542654907523482805
1542656003017901211
1542657215205086177
1542657495649604030
1542660552139513523
1542662114280055880
1542664172477956536
1542665741711154472
1542667417917701345
1542667588310376775
1542667760568385973
1542669816932812307
1542671311513476845
1542671803172569091
1542672577984190356
1542672656338218961
1542674093830639675
1542677320515215200
1542677805378621965
1542678736750140763
1542679366476357291
1542679901244866051
1542681501422861183
1542681579438635649
1542682761626730694
1542683253970560839
1542683808570418643
1542684590212486425
1542685203184592311
1542686450008722697
1542688238386221132
1542688675211482804
1542689940033858548
1542690987053272264
1542691117455942712
1542691944179785999
1542692271991962841
1542692626856554481
1542693322251611367
1542693919864284262
1542694023704711697
1542696226677075564
1542696402649316301
1542697982038877727
1542700093512747948
1542701111489055888
1542702354652805818
1542703523060413622
1542703968411887582
1542704839495538086
1542706057641528247
1542706815919361453
1542707754184790060
1542709847882966735
1542711550479975215
1542711894455634321
1542712370468143440
1542714447018997408
1542714672002368308
1542717921084873540
1542718309362318277
1542719222630563323
1542719540041319320
1542719922835629909
1542722863367372390
1542723468005339204
1542723837664273662
1542723984688337337
1542727884759434609
1542729261493024445
1542731520463821572
1542731707242361755
1542731787079079969
1542732767168195903
1542734352964727532
1542735237810356802
1542736053061357317
1542736668501153021
1542736701470862922
1542736909449279133
1542737189925723266
1542739208141831324
1542739621881863655
1542739784123844196
1542742133988185297
1542743159149697882
1542745414440547839
1542745941423292203
1542746080761629661
1542748681852702838
1542749567552179679
1542750277744287198
1542751289043582936
1542758337916586719
1542759411723778355
1542762083137502196
1542762224756450751
1542762251554979886
1542766004283990363
1542766721255263869
1542766775648235163
1542769312647178083
1542769601288858486
1542771359683544845
1542774144516480336
1542774270674016773
1542774411304358441
1542775299914949209
1542775705491179508
1542775916445436579
1542777646510822725
1542778939938058808
1542781616439161008
1542782479478247107
1542783389808115721
1542784043213941756
1542786434213252890
1542788254798519654
1542790232210574564
1542790878400027208
1542791199341146898
1542791429078469790
1542792307814286349
1542794209977910688
1542794419160230988
1542795075435237465
1542798430740833660
1542799303344481182
1542800704590380813
1542801187617387758
1542801688098554142
1542804553914270374
1542806546846449420
1542808312850647816
1542809316646185140
1542813320154113698
1542814315164443957
1542814423254954041
1542815007895213921
1542815177078369055
1542815214109117362
1542815899727739248
1542817166077687780
1542817173395433438
1542817570966995805
1542817581714085220
1542817968641705576
1542818126757944361
1542820670368906372
1542821789859279346
1542823252225215331
1542824332058008137
1542825013392637633
1542826730913119663
1542826843630622863
1542828250559958173
1542828449800518819
1542831373168192326
1542831706587213359
1542836520280398893
1542836860861384389
1542837136495720289
1542838497561710864
1542838705836031211
1542839361634768992
1542839628775430066
1542839791121321423
1542841869158658997
1542842177638144236
1542842869579493940
1542843521901667305
1542846220958586966
1542846380944711171
1542848958158940959
1542849959034084901
1542850667749108645
1542851322998706971
1542851923239438340
1542851942137366619
1542852200314012903
1542852833196722729
1542854033583511007
1542854413338388975
1542857859387700037
1542858054134841182
1542858254816526292
1542858817443244736
1542858956588138763
1542859739578571822
1542862958894387227
1542864812300792494
1542865696499848561
1542866210878049862
1542870066877801363
1542871419141618825
1542871473975349484
1542872283255536771
1542872995439868705
1542874950381135567
1542874964688689127
1542876412324180128
1542876875673432274
1542877217701562652
1542877495828296447
1542877986702855931
1542878554222150928
1542881350915564624
1542882072213700307
1542882353661713140
1542884706899735370
1542886554131263036
1542891711449107028
1542892034905217953
1542892334172865587
1542893940310630171
1542894016201469224
1542896048322296874
1542897766906182893
1542897804421173033
1542901807192870710
1542902538246550403
1542903206674844797
1542903985525671386
1542904400662482998
1542905370335777046
1542905533465393353
1542906054660804834
1542912177729841799
1542913022844298614
1542913721142035739
1542914425441415757
1542915067747801740
1542916091794492039
1542918969442113839
1542919340908999502
1542920523432976913
1542920944052934389
1542921763421501909
1542922039223422323
1542922983713865920
1542923113109968087
1542923584104382529
1542924921838577528
1542926956213283348
1542927047263534992
1542927564994567902
1542928034023691650
1542929244602611300
1542929322647363988
1542930030400936926
1542931720631644673
1542932112461971158
1542933397767185131
1542934396457306652
1542935700128457919
1542936258991857063
1542936957078925944
1542937663757329509
1542939083715467182
1542939956400212030
1542940931107605096
1542942106642761522
1542942643689938386
1542943646041615122
1542944220022366101
1542944579790841482
1542946185911928711
1542946815529535081
1542946933853479930
1542947440762630534
1542949209001323923
1542953013901090366
1542954701339811419
1542955211479486658
1542957058176487333
1542960732530197802
1542960741131445002
1542962380088990705
1542962845765395869
1542963006857022107
1542964224235913497
1542967531403641707
1542968333786796436
1542970499871432800
1542970670606741043
1542970833441881371
1542971434086019781
1542971835003340357
1542972671808761498
1542974903553131352
1542975047467920985
1542977108788381473
1542977295452657305
1542977672551307903
1542978274132180484
1542979737483354102
1542982886086002067
1542983659684108234
1542988826709451734
1542989811887622494
1542991445782869502
1542991734511056317
1542993063730137612
1542993456716021916
1542993590797707455
1542994803797481771
1542995198093549090
1542995672479779270
1542996271498432862
1542996949152080435
1542997671904773986
1542997978687073871
1542999620083011962
1542999683371850474
1543001015189890377
1543001443355577923
1543003250629012881
1543003647713495163
1543003919280838639
1543005161002683266
1543006150706418639
1543007379224288314
1543008958111571111
1543009091221494393
1543009821207530046
1543011104989338780
1543011478930136359
1543017499760143342
1543017760992766192
1543017807505800332
1543017904369052519
1543018916205162144
1543020030146003293
1543020724618350930
1543022450716918925
1543022503685062058
1543024561648173462
1543026441730020380
1543030452746631078
1543031635503273245
1543032361140512177
1543032754867203783
1543034127956232948
1543034929111158828
1543037702798757958
1543038886610561087
1543040319603516731
1543041227146012135
1543042651389390985
1543043052471424100
1543046304845309448
1543046375415173270
1543050697564763438
1543051143489371693
1543051217277014974
1543051933882632416
1543053113353379411
1543053811368895563
1543056269712872785
1543057539874511704
1543058922134219463
1543061964704523168
1543064956697346816
1543065065022155816
1543067062546517194
1543069378893980903
1543069512050936824
1543069945252022684
1543071447128656218
1543071499280803980
1543072391424113331
1543072978799510995
1543073183897064790
1543075685193491365
1543076862040567810
1543078481423049569
1543081304599190070
1543081760021824798
1543081967770268576
1543082623033717383
1543083004492680529
1543084311020870384
1543085124903158797
1543086115115905905
1543086442818029247
1543088872618131366
1543089458601497599
1543092011883669720
1543092369955362337
1543092837744024338
1543093160675676114
1543096627365778877
1543097414236624736
1543099489000389195
1543099671996851534
1543100362558543326
1543100511547899922
1543100610030091780
1543100908358884669
1543100988183518074
1543102591290975114
1543102994625983044
1543103672960106146
1543103931452802051
1543104328532906439
1543105352513433954
1543105488937727261
1543106617844753636
1543107215326597238
1543108346680479184
1543109028582990262
1543113584506248406
1543115784791471595
1543115890551527333
1543116185637178728
1543116736262655871
1543118256741347762
1543118474019732958
1543120635705879199
1543121814170402894
1543125242760021528
1543125313029992550
1543125473311615708
1543125992186895533
1543131378970133978
1543131578486278789
1543131973547384899
1543133309801551606
1543133619904904608
1543134359330559310
1543134452800758400
1543135484463439967
1543138173329963165
1543138434033030809
1543139482734942860
1543141143570914865
1543141544672787028
1543144094300416944
1543145925964658916
1543146007230596177
1543146435642595599
1543146867803368572
1543149547915496866
1543150003595466689
1543150237560813870
1543152468022430881
1543152555426122921
1543153446087927184
1543154275582949132
1543155313713162467
1543155682319947568
1543156687435782051
1543158886925137855
1543159483650728408
1543161987128956844
1543162074362400534
1543164142631549836
1543164493818201454
1543164855233557680
1543164931470895553
1543165814621922212
1543166481567210054
1543168731430001280
1543169630427361765
1543170839699536125
1543171115495105008
1543175130274334849
1543178547390546003
1543178824714940905
1543179771953596532
1543182547666733168
1543185475385130293
1543185605966369757
1543185844980150992
1543186565873066224
1543187610408421895
1543189322089587128
1543190222087388246
1543191917929756357
1543193881840090322
1543194133711188271
1543194784397648351
1543198838019417505
1543202269491328208
1543202292498073675
1543202767718293170
1543203505193673961
1543203723327944448
1543205011534555395
1543207361177714305
1543208823718042287
1543209970819896113
1543211626165803595
1543212887325537247
1543214287050548996
1543214710016093337
1543216881658349846
1543217462411968856
1543217829788638153
1543219826678188107
1543221213242414157
1543222033254023448
1543223060016821744
1543224670246227308
1543224723405205203
1543225864543218180
1543226727075060664
1543228156067159317
1543228221597893427
1543229139987187665
1543229158079939213
1543229315182645881
1543230120065460664
1543232689169575726
1543236761819257946
1543237923630357602
1543239434612143836
1543240212196313750
1543240249093336176
1543240563193989924
1543241972865242880
1543242161611234436
1543243582322327854
1543243986393369322
1543244630903424311
1543244840502304967
1543246178427767208
1543246768021126984
1543247550556562214
1543247704270227929
1543247775217941962
1543248076844772069
1543249237778900393
1543251315062984870
1543251860433154464
1543251963599126180
1543252367045734320
1543253066432485711
1543254214902359936
1543254376048951230
1543255145304000307
1543257858887051158
1543261890385569460
1543262476469087494
1543262693422054216
1543262914493200827
1543263158709118429
1543264192085883409
1543265108652721738
1543265698995760764
1543265866507192575
1543265892758956366
1543267925811347821
1543268811096045033
1543270744496254286
1543271649381131587
1543273939320300152
1543274689787053002
1543276387996143334
1543277004723638686
1543277067771658648
1543277298522273718
1543277827872881589
1543278638346841175
1543280011461082480
1543281818157802260
1543282221787133631
1543283085068868386
1543284754594740843
1543284963523629760
1543287802287171521
1543288239870873558
1543289079403910668
1543289230530133859
1543290140716070477
1543290398304444808
1543290599752668375
1543291079697811797
1543291422374557520
1543292631096169438
1543294459168640874
1543296511500917734
1543297356505497036
1543297971520566344
1543301465215557814
1543302559547347112
1543302680446526589
1543304165228173166
1543308242230520386
1543314386969880033
1543315166957190394
1543316094915999236
1543321662299129629
1543322522333554000
1543323785921788295
1543324966027352545
1543328305361211996
1543328535540384527
1543328648750332052
1543330429216201126
1543331957967307236
1543332077882384958
1543332502835057714
1543335063602417852
1543335318415336663
1543338115266484890
1543338682107680120
1543341098177715476
1543341392247334615
1543342174372965603
1543342940062145001
1543349600233255498
1543349632212076792
1543350313822854854
1543351187230466036
1543352310693910330
1543353648428320602
1543353831608175011
1543357945238336615
1543358607819346729
1543360253406853051
1543361386670166841
1543361932161033516
1543363008873265403
1543365198016617401
1543370330994202185
1543370482869540259
1543372511242707317
1543374010078947188
1543375071222576645
1543376027957379659
1543376211331674129
1543377924142734941
1543378700660594317
1543379687280883145
1543383531243085625
1543384539025400712
1543384553363662526
1543385090357614474
1543385096580332809
1543386701467932112
1543387131129051711
1543388735861445266
1543388910243943779
1543388950827539053
1543393125113516838
1543393416827332247
1543395151249507305
1543396220518745172
1543396374353789934
1543398248042105869
1543398659395772302
1543399850929285971
1543399970466051045
1543400391217793266
1543402789793092124
1543403050967534838
1543403145694454419
1543403873355391521
1543405519300409928
1543406418584442214
1543407584380025194
1543409680048622927
1543412204182278913
1543414309277113150
1543415534881944027
1543415904340534810
1543416242258783866
1543416355009614607
1543418450581590117
1543420578646959765
1543421098211345013
1543422450351921109
1543423200721244582
1543423284340928747
1543423371577165580
1543424173952583830
1543425521580553637
1543426008930391275
1543428489518081100
1543429967026537623
1543437070021933666
1543437615732129419
1543438924900228095
1543440484079372066
1543440701593263553
1543441277642837918
1543441536830505808
1543442741515299575
1543443194920346618
1543443698856802862
1543446739939676628
1543448943285110178
1543448951607537781
1543449154555739056
1543449188299427227
1543450167446046858
1543450731132546734
1543453872388750181
1543454676435909521
1543455497048057758
1543456436715546192
1543457353310921485
1543458883016816115
1543459645401459248
1543461408395816612
1543461732226861957
1543461759798615254
1543462578618796929
1543464648058162428
1543464656652207796
1543466343025752912
1543467219356078321
1543467732891672726
1543470086061547267
1543472558391303253
1543473609275159884
1543475164268825513
1543476163640885304
1543476973124345705
1543478477301185541
1543479378575012124
1543482754413089140
1543484716590739069
1543485315064623043
1543485885828456022
1543486130529563371
1543489589683957828
1543490086121976196
1543492955889989586
1543493194174504508
1543493762528790514
1543494445909983759
1543494896860353921
1543497598561868026
1543498196653045165
1543500521742404830
1543502193738137475
1543505112200763758
1543505636051665154
1543505975257722284
1543506677764408814
1543506764220067818
1543507628239734517
1543508437774600190
1543514774400761123
1543517156375646850
1543519803495481152
1543520649448979256
1543523417970444742
1543523555944201746
1543523775492318261
1543523935308120407
1543526095805266926
1543526741971091636
1543527658487334999
1543528967670774481
1543529217347319103
1543530517513603017
1543530519783872004
1543530670884117807
1543531106134736110
1543531433280428369
1543531478947480266
1543532820796572030
1543532851840251699
1543533003570174824
1543533415387116770
1543533903159907701
1543537888728194983
1543538800710996458
1543539695573247176
1543540360611918073
1543540412326780292
1543541401922090209
1543541714249433097
1543542527803318547
1543543626120802705
1543544468109667839
1543545384884826621
1543545490443691042
1543546492923260836
1543547614999618088
1543556596514418565
1543559812733912747
1543560340741862880
1543562228201217530
1543562458994807957
1543562623184934251
1543563426829894366
1543566482089502799
1543567656295102140
1543568520668861928
1543568993253696311
1543569275782288949
1543569330764987488
1543570079035339599
1543570356330245229
1543576321787694624
1543577460528625912
1543578042457719743
1543578673512131362
1543579749178831023
1543580058982866082
1543580485735779958
1543581078545186339
1543582467675604367
1543583588445806087
1543584349181444879
1543584433601999692
1543584446291678996
1543584784358756514
1543585317375211855
1543585332077150087
1543586321108927771
1543587763687439301
1543588025421447692
1543591513531738421
1543591689698111519
1543592437462599139
1543594007626545107
1543594438149143271
1543595433449242510
1543596211966958958
1543596930991074954
1543598118319055906
1543598195378513851
1543599980324910567
1543600293946956245
1543601797444953894
1543603060949824731
1543603380591561942
1543603604603670594
1543603751476634441
1543604289729242899
1543604813776270374
1543604822244601018
1543605171521037761
1543607055866183515
1543607093688600309
1543607647314370000
1543607891994308472
