1071462347
1194527678
1268112555
1284900626
1290903091
131433186
1321589779
1345720251
135703789
1455388646
1490078193
1506569371
1635138563
1651530101
1684086207
1848767692
2053759720
2083816629
2128038856
2150043786
220520228
2209858416
2227805768
2524550110
2607316811
266875655
2695519727
2837880781
2896833227
2980102657
3057603660
3082844178
3118940551
3195615664
342027065
3433455269
3436300591
354345003
3570383101
3585540800
3601655527
3640844092
3656257357
3747849417
3757148834
3788970929
401972381
4065902954
4106324531
4221472517
46893662
553901407
631954477
632436686
714825175
734837295
75972438
796652732
831066715
845998503
847740364
