1024935314
1114054896
1114588460
1179744974
1269317611
1279684137
1362582797
1388899171
1425272642
1435331844
1447232424
1513419177
1660248391
1849938146
1893094518
1919382833
1941784409
1968797058
2049363757
2109818233
2118936984
2120135873
2282991211
2288125436
2335879146
2407124632
2483765469
2494241370
2525317403
2672547051
2698925629
2717962791
2720945157
2735283281
2747932160
2755668705
2771991829
2851957632
289824556
2905944514
2933870949
3027386358
3138950838
3251953455
3286879914
3304808032
3328433803
3362229859
3421539517
3483224558
3579640223
3590809508
3594367256
3615041148
3617055637
3634964341
3714333814
386749970
3907045147
4001661315
4080503815
4101136709
4120798740
4215689635
4217247589
4228629838
4255812800
431833581
498016209
576545538
644415765
666622197
699194295
720247258
726734650
739404769
77058084
776572383
857419748
916808525
