0
1
1081528266
1082130438
1082181555
1082454936
1082454944
1082515096
1085430567
1090806799
1091508602
1091508603
1091508605
1093891077
1093891078
1095995498
1096521537
1097933558
1097933559
1098927971
1098927972
1099555407
1099555408
1101332285
1101332287
1101336397
1101336398
1102000733
1102696506
1103196614
1103196616
1103196618
1103996722
1103996724
1105414085
1105414086
1105512608
1105512610
1105512611
1105774177
1106382014
1106931468
1106965248
1107012946
1107278470
1107278471
1107279643
1107485164
1107519851
1107519852
1107557014
1107835487
1107907459
1108152789
1108375352
1108458275
1109093726
1109093727
1109955453
1111710186
1111976682
1114272025
1114272027
1296368095
1296368335
1306657247
1414465286
1431634159
1431634639
1664549343
167444959
1698825390
1833239247
1892420233
1968505311
2010973958
2012152047
2022506975
2123237725
2187788767
2187789007
2190740105
2201485791
221382406
221382526
2266826502
2277088634
2319647199
2319647439
232915423
2380464607
2445805318
2488272646
2493907183
2493907423
2493907663
2506231308
257
2598374025
2685210124
2738356703
274465247
28418
2966227293
2966227593
3045064704
3084781318
3171573248
3205930904
3229679647
3230398303
3231009300
3237998481
3238002687
3238035447
3238035460
3238844545
3238844546
3238844548
3240181173
3240181174
3240227312
3244838431
3245313931
3245313934
3245313940
3247100468
3247100469
3247100470
3249213428
3249213429
3249300540
3249300541
3249582872
3250207566
3250455831
3250455832
3250455833
3252065823
3253159456
3253867800
3253867801
3253867802
3254327810
3254434356
3254434357
3254472220
3254472222
3254520182
3254553024
3254553029
3254964708
3255165688
3255165689
3255499908
3256097811
3256097812
3256240759
3256586917
3257273069
3257273070
3257903480
3257903491
3261660404
3261660406
3261767407
3261767408
326829830
3354395103
3361604063
339739103
339739583
3400204527
3400204767
3454206431
346357999
346358479
3519548340
3579183343
3579183823
3633185247
3638298494
3672115849
3694529161
3737552174
3818979807
3818980047
3851159302
3877440436
391053791
391054271
3937075679
3947561439
3978560207
3991077343
4034922246
4104519919
4104520159
4115792351
4115792831
411894239
4120707551
4120708031
4157538543
4157538783
4157539023
4158523142
4170056159
4171761414
4213835526
4264101758
486408671
496717012
509018591
53936607
590807519
629868294
699336574
699337353
715851526
905969664
914358272
916455424
917504000
919601152
923271168
923795456
925892608
926941184
930856960
931659776
932708352
935329792
990040064
990056448
990109696
990249439
