0
1
1025245303
1025704115
1046544503
1049493623
1055850615
1064960119
1065222263
1068171443
1070465143
1075445879
1095368823
1108123831
11141239
1130496179
1140260983
1150943351
1165033591
1171980407
1227030647
1257177207
1306591411
1320812723
1431699575
1435435127
1468989619
1470627959
1482490004
1533542519
1538982067
1539965047
1540358263
1543241847
1718157491
174522487
1786052727
1876704820
187695223
1884487799
1902313651
1946550391
1956774007
1964310707
1973289079
2049704055
2104227514
2109341815
2147549303
2164129971
2175402103
2322071731
2346123383
2484207735
250871987
2514112777
2526056734
2542207155
2558328951
2559443063
2573860983
2577793143
2582839475
259457143
2610430071
2619277431
2637168819
2682388599
27066487
2737766519
2836201651
2847910484
2962686071
3055288499
3134718071
3154051551
3166306423
3166306483
3205930904
3206217847
3206283383
3253928055
3280207991
3299541171
3395289207
3440050295
3458269303
3501195383
3502768307
3516137591
3526951031
3556377055
3559391411
3563091063
3586523255
3661430963
3661824119
3661889655
3687776375
3717857459
3739287671
3763667123
382074999
382075059
3873046707
3887988855
3889496183
3895656567
3923574903
3931046007
4039835767
4039835827
4060282999
4141154423
4153671799
4153737335
4157538483
4195811447
4222769266
4224516215
4263444959
4264755319
4266328183
4266655923
435355767
453443703
455540855
469041631
515506355
564985975
585760887
589693047
607912055
618070195
622461047
623509623
625541239
63176823
63176883
63767007
653852791
681377911
682229879
683999351
687210615
689766579
697172087
697172147
762118263
769
792854647
818806963
822542455
826015863
828113375
833093811
836436087
860225655
874447027
908198007
923795575
969670835
97452211
