123826525439095
132546272076327
147184200187182
150493109781907
160422244977745
168992652097891
17383409829056
175264531048347
176296819478238
18495372024384
188442986308616
194218779857780
194861482003569
200078220452600
206942404671230
209341637188771
232419472912835
233949115684514
245260224586465
251232925677778
33044926919958
33893859579067
33963865118962
39175311191065
49454737737297
4973686945959
60177055309216
60915941227706
61338738896802
61983692135499
64598154227752
82952939694905
94587682762452
