103984506
1056092679
1112385131
1120819129
1202044336
1231519076
1259465838
1274539085
1296003947
1493258500
1496190412
1550236697
160141217
1724288111
209091506
2233199211
2307746490
2319935945
2330553967
2393779046
2415760196
2473916227
2542247655
2545797195
261477226
2678833428
273566913
2785975691
303997295
3042349720
3059398712
3072116179
3225064370
3286716699
3315986386
3428993417
3434642029
345427867
355935486
3575459877
3623537668
365452055
3670638839
3679338840
3717240075
375428771
3757495111
3866274620
387458360
3878914062
4044502565
4127458582
4256232285
618394258
620614707
647251870
690790868
699721602
731887470
7332152
742279831
742489186
78674912
831462892
