1000080336
1003765720
1004226131
1004374411
1009796827
1010053999
1012313113
1017110569
1018886674
1020584202
1021022055
1022377228
1023156415
1024304110
1026189908
1031516358
1031562228
1032988324
1033971016
1036261644
1038104004
1038646220
1038810786
1038838525
1040605606
1040930632
1043833365
1044031162
1044106265
1044230244
1046750302
1047827772
1048089575
1048254320
1048773969
1050647035
1051301755
1052989135
105416845
1055158518
1057009888
1059821143
1062286067
1062508261
1065004980
1065666266
1066909761
1068841792
1070877421
1075813493
1077522495
1084022393
1087520280
1088707858
1089665776
1091192358
1094435985
1094659944
109529796
1097983789
1107267544
1110408331
1115040559
1117949045
1119765638
1120091585
112311673
112318499
112420743
1126164561
1128462761
1128816259
1131223937
1132086723
1137509944
113868480
1139067339
113940333
1145444825
1147023504
1147074588
1147109891
1147110081
1147290211
1148051356
1150649361
1153575
1153933367
115398330
1154937448
1154941909
1155724324
1156925406
1157379929
1157770171
1158600655
1166208107
1166543639
1166654913
1167068906
1169575474
1170661172
1171586864
1178789685
1178873615
1184450732
1186655089
1190763992
1191934091
1192122647
1196385936
1197507243
1201453713
1202796598
1203383976
1205274829
1206293469
1206774727
1208155660
121081721
1212288787
1213619348
1214455665
121497429
1215720701
1215921255
1218844338
1220058399
1221474259
122364509
122485608
1227851026
122867903
1229894497
1231727841
1235556108
1239759110
1241254326
1241391556
1244131945
1244519539
1245258394
1247072378
124768101
1251935791
1255807338
1256384567
1257050960
1262333436
1266223324
1267633799
1268426992
1269754777
1271505774
1271896750
1272432029
1272662437
1274436205
1278916590
1280748765
1281033218
1287159895
1287687536
1287783068
1292511307
1292627369
1297462098
1298706858
1299851554
130080688
1302316166
1305999025
1310252195
1310510133
1315712111
1315995799
1316948899
1318040764
1320108626
1321415437
1321896130
1325781779
1326138292
1329546373
1330301032
1331162169
133272446
1333338748
1333583600
1336166772
1336757051
1340063376
1341778470
1342542778
1342970269
134404099
1344158121
1349245800
1349699552
1350940547
1356919043
1360456067
1360855876
1363219916
1363631393
1368233781
136935669
1370477960
1370651849
1371784153
1373846822
1374185047
1374660890
1374995511
1378584197
1380917000
1382913205
1383119251
1384049960
1385624267
139259448
1394885842
1397076727
1400999677
1403919856
140598320
1406118240
1408828278
1408916261
1409489766
1410772200
1413783243
1417193852
1420160027
1420804661
1421298342
1424026035
1428066287
14286500
1428826064
1428990236
1430591500
1432465468
1434773815
1435053370
1435641227
143676508
1441485292
1444586487
1450683144
145605143
1456751592
1457315110
1459807713
146109531
1461178187
1461251033
1461319841
1462638775
1468978926
1471424673
1471522842
147564541
1478137042
1484822611
1485949424
1486204821
1487503840
1488726947
1490627853
1491805037
1492045943
1492141180
1492634338
1492943874
1495265194
1501424682
1504340694
1504902798
1506349386
1508003281
1508236369
1509269890
1510738704
151079413
1512894606
1514432483
1517010234
1518207487
1519492627
1520680093
1522054719
1522390827
1523809826
1524664694
1535856619
1540040021
1540932725
1543020733
1543119027
1543525915
1543685745
1545260194
1545984199
1549400804
1549508689
1551895039
1553082031
1554388101
1556795449
1557107022
1557236091
1558313825
1565675589
1567855374
1571226366
1572282894
1581551779
1583277616
1585474999
1589260458
1589994307
1591232547
1595152210
1596757542
159700001
1597727824
1598255100
1600982249
1603264795
1603395832
1605443096
1607743608
1608297359
1610542194
1611483421
1615824551
1616984990
1619000243
161995338
1621650187
1622369906
1622519783
1624978674
1626519098
1626929159
1632742677
1632905438
1634081529
1634211540
1637088104
1642608357
1643549354
1645151685
1645742299
1647187425
1649128902
1651229643
1652031316
1652443796
165249089
1653139282
1653793554
1653820192
165452273
1654859962
1658920744
1659572401
1660355026
1660445409
1660736778
1663824956
1666195239
1669364157
1670286250
1670623984
1673128456
1674032007
1674655292
1676906579
1680734919
1681406135
1681735409
1682494762
1683282088
1683783029
1688533460
1692569823
1695006286
1696217280
170290355
1706117202
1709806274
1710986484
1716286473
1716287173
1716382474
1717600013
1719229234
1720438003
1723641352
1732244391
1732507629
1732532892
1735091750
1737234238
1737525251
1737968126
1739320628
1740551333
1741158537
1743043432
1743679860
1748976088
1754701542
1755134503
1757038873
1759830898
1761223065
1763905092
1765948693
1767231941
1772620588
1772842208
1776045829
1778460111
1780795321
1780909612
1783102223
1790712861
1796748767
1798071183
1798751325
1801274232
1804554979
1806401743
1806763942
1806822641
1807610890
1809648123
1813654003
1814487244
181567217
18161375
1819763001
1820595021
1820916280
1821209296
1821407012
1821550608
1829038685
1829938174
1830337034
1832418461
1835487649
183735804
1839464907
1844800111
1853570771
1856573010
1858078318
1858700384
1859418393
1876877855
1877489436
1879032188
1879976795
1881551872
1883002569
1887521765
1888288893
1888989669
1889631951
1891447052
1896176872
1896500561
1897137358
1898860814
1899476554
1900323597
1901903201
190404429
1904495907
1907718225
1909093896
1911014140
1914377569
191638367
1917164490
1920075531
1926216833
19300700
1934545803
1937777280
1938893963
1939156321
1940151163
1942451964
1942881749
1944456735
1944630762
1946195799
1948122002
1960801456
1961201735
1961498543
1964210471
1966369152
1967226585
1968613675
1969922818
1973633168
1976339458
197838888
1981788922
1981871705
1982738997
1985906646
198639345
1988222037
198868256
1990580336
199194391
1993996837
19947654
1996003909
199749862
1997665767
1999009140
1999223535
1999499664
2000625666
2000764262
2001405952
2001602164
2002672985
2005124161
2005451250
2006142706
2006713772
2007975001
2009661421
2011214514
2014293539
2015512460
2017011207
2018143152
2021371690
2023348317
2023776051
2024520801
2026363300
2028473458
2028943896
2030300305
2030714360
2030739132
2030791642
2033452916
2034019422
2034085038
2038652894
2044039580
2044225312
2045949056
2052509192
205454850
2056350069
2056486189
2057025202
2061212410
2072368079
2074108136
20818159
2083416966
2083855085
2084361019
208437660
2090295567
2093569633
2094145541
2099045005
2100984861
2102258634
2104073473
2106229895
2108461530
2109560938
2110472764
2114021982
2114234116
2115521589
2121772372
2122117486
2125571600
2126135388
2127271310
213000192
2131750680
2133153345
2136555639
2138055576
2139004383
2139183883
214075539
2141907518
2143496124
2144773003
2147393657
2148742793
2154807248
2156702707
2157107801
2157775955
2158736332
2159368988
2159458263
2159964082
2161144523
2162383968
2164395947
2165395217
2168301100
2173231653
2176526460
2178557521
2178727866
2180254030
218093309
2186418572
2188387495
2192819590
2194356370
2197445421
220227572
2202371896
2204808662
2218411781
2219449849
2227622396
2228017482
2229929412
2230562413
2232090506
2235108065
2235466152
2236114281
2236156404
2237992263
2240992905
2241058618
224306868
2244883684
224756992
2248587876
2248906354
2249673862
2252110353
2255263720
2257636494
2260822252
2263020842
2263542583
2264357353
2266635922
2270252351
2270501927
2270639014
2271584567
2273970466
2280164094
2283938156
2283957272
228669526
2297201079
2297744061
2305136046
2312733803
2316769324
2316793153
2318470300
2318632527
2327235675
2333025736
2334165597
2336027217
2336975948
2342926223
2343211966
2343299356
2345257832
2345832683
2347569943
2347744988
2348953254
2349054543
2349343317
2351788595
2351980199
2352886672
2360603599
2360992683
2363372065
2364409047
23644296
2364439082
23646530
2368577265
2370929336
2371212711
2371481089
2374799364
2375730347
2376680193
2376989630
2377256959
2377422860
2378415320
237906797
2379140177
2379987570
2380190501
2385433595
2385684309
23894557
2390170260
2390404213
2391887832
2391925105
2393455269
2395975034
2397315857
2399113522
2399199278
2400129684
2400742162
2400802048
2400830250
2401783989
2403599533
2403765270
2404484821
2405447656
2406465810
240660009
2408020496
2408396097
2408631097
2409677030
2411457564
2412319807
2413298905
2413558997
2414594016
2415046819
2416769381
2421173118
2421448051
2422010900
2425211352
2425876153
2431697891
243290212
2433147432
2433545306
2440797679
2441807700
2442857068
2444853485
2444855359
2445219195
2445925388
244782540
2449979206
245133451
2453943095
2465868501
2467603679
2470051712
2473020880
2474589424
2478234876
2481764566
2482588736
248287674
2484697621
2488408809
2494417932
2494441627
2495663049
2498485251
2502135587
2502744416
2504266709
2507696701
2513957916
2517039046
2517459395
2517884643
2521141994
2523728641
2524305200
2530138144
2532015631
2534034559
2537728256
2539488048
2541404304
2543558169
2544503209
2544875329
2544881176
2549262333
2552086088
2557872296
2558968558
2560519616
2562789372
2563724089
2566273545
2567590260
2567612909
2568874741
2569523819
2571661983
2572544411
2573749994
2578511646
2579756498
2582900702
2583863702
2583971057
2586585700
2587380867
2589710002
2600237008
2600898993
260245622
2603160069
2604705577
2604984502
260516586
2605748725
2606186747
2606570221
2609050432
2617416601
2618943816
261947693
2620384192
2622896184
2623305872
2623317545
2623478297
262492627
2627176960
2628926504
263083206
2634804829
2639872439
2640017752
2640418527
2642050110
2642630460
2645957256
2647250498
265776615
2659425478
2663592800
2667854804
2669189709
2669664373
2670060213
2670350251
2670596963
2671524394
2671653928
2673580815
2676478261
2676894123
2679077593
2679815850
2680603585
2680706472
2681568630
2682483602
2685046710
268546797
2685729631
2686917142
268769101
2688149942
2688356103
2691884909
2692566215
2695449030
2701093582
2706406085
2708531512
2709845196
2709845719
2710494026
2710850900
2711810051
2712740483
2715005047
2720217452
272315455
2728452389
2729044495
2732532339
2733227602
2736329862
2739377770
274510880
2745766477
2745904751
2747844393
274923039
2751601167
2752122265
2752974359
2756959983
276159894
2762762601
2767119162
2770522775
2772415434
277896055
2779222914
2780393982
2781346800
2783684232
2784351200
2788172381
2790989803
2791628471
279703305
279803261
280164831
2803233351
2807385330
2809129057
2810449936
2814410453
2818724741
2818854120
282064934
2821391745
2823466586
2825102671
282615259
282866584
2833028211
2838415096
2840652147
2841080760
2841444600
2844813442
2846374229
2847981681
2854197071
2857441611
2859204701
2859774197
2860531699
2860931376
2864023148
2865442127
2867080535
2868757749
287237916
2872802398
287345238
2874200248
2874695382
2874907150
2877919903
2881083198
288389485
2884875679
2885876671
2887676973
2888392575
2888762391
2896684993
2897048261
2899005324
2900032382
2900180952
2905216779
2907830114
2911637308
2915705625
2917379144
2917421495
2922706017
2922949247
2925668096
2925783472
2930465206
2931234798
2931840242
2933466836
2934023759
2934411498
2936712014
2940636647
2945184
2945214137
29504522
2952296640
2955274915
2958235982
2966398979
2969577591
2971771604
2975994595
2979268641
2980013899
2980544897
298274230
2983579339
2985481961
2987163007
2990656679
2991097669
2991974145
2993045954
2994048277
2996257457
2996822910
29984811
2999645893
2999653874
2999779479
3001616802
3002141022
3002861349
3002973581
3003367424
3004817560
3004970869
3006028487
3009265729
3011765184
3012376996
3014362259
3015599256
3015778056
301710854
3018134297
3019170323
3021005504
3023985871
3025805028
3033578089
3033992929
3034001240
303536972
3035932181
3036786751
3037414105
3041456909
3044731279
3045030124
3045686929
3056169163
3057591685
3060457949
3060695415
3061685353
3065003352
3067820696
3072055291
3073259158
3075905501
3076494760
3077654551
3078099217
3084304788
3086437313
3090786352
3091604879
3091980173
3093162625
3096075418
3096848145
3097361237
3101520832
3101622735
3107972355
310842790
3110383607
3119180532
3120958779
3121777884
3123982444
3127504712
3129578904
3133892865
3133925145
3136482090
3137028258
3137890083
3137963993
3138050720
3139569984
3140656765
3142113600
3142751158
314284474
3143223875
3144508474
3148770725
3149470430
3151076265
3151548154
3153957874
3155773683
3157384980
3158711826
3159915820
3161381554
316173760
3162999499
31678036
3169867376
3174593598
3176392316
3178754668
3180326068
3180359984
3186309593
3186739759
3191245932
3193900196
3195696281
3196673882
3198321445
3198699004
3198857100
3199912723
3200946103
3202545833
3203546889
3204438116
3205623368
3206860369
3208888430
3210576771
3210654216
3212704103
3222117297
3222761488
3223343628
3225641848
322575461
3226081154
3227521239
3227719674
3232272281
3232780037
3235328881
3236317799
3237788084
3237954744
3239057653
3239606920
3243646404
3247118425
3247898491
3247962814
3252772811
3255125477
325615874
3259909728
3260700334
3261462162
3268403296
3274849298
3279518622
3280906434
328378968
3287580115
329089453
3291571499
32944467
3298741039
3299058519
329913382
3300331099
3302561302
330319329
3306870056
330814915
3310417199
3311121180
3311766865
3312047446
331373122
3316019564
331619567
3317384167
3317589292
3317745384
3318847346
3320360721
3322244814
3324372820
3325254357
3328584573
332890404
3329802176
3338484880
3339454609
3344045710
3347634908
3349495144
3349823618
3349881479
3354019291
3354239385
3354577148
3355833853
3356273885
3356512950
3356560079
3356979483
3358397160
3360183850
3362800783
3363072819
3366255854
3369834719
3372208127
3373461267
3373617022
3378537991
337990112
3380124567
338044431
3381052761
3381782750
3383134044
3387279440
3387383103
3391019722
3393172193
3396248400
3397115599
3405155360
3405468210
3406311521
3406902281
3407482043
341093561
3410951717
3417608738
3419266276
3423889478
3424069923
3424263224
3425286698
3426133069
3430061677
3430704007
3430720435
3435056620
3436548607
3438134328
3438582716
3442037962
344340855
3444651659
3447904189
3448192332
3450070708
3450797229
3452779437
3453550507
3455036042
3457391582
3458859365
3461737459
3469184694
3472819326
3474504373
3474788746
3478307506
3478716326
348005116
3480105117
3481550248
3483585204
348675696
3487239130
3493448240
3499551394
350165347
3501799447
3502622991
3504625836
3510635249
3510970988
3511973550
3512912157
3521946850
3522030512
352204617
3522583799
3522834292
3524596524
3525610654
3525882990
352668803
3531487276
3533238065
3533414527
3534329356
3536146876
3539312290
3539395043
3543912946
3543924599
3546892998
3552701796
3554935186
3559273805
3559957157
3566254495
3567696292
3570162220
3570684077
3571914205
3580031228
3581849774
3581991125
3584380003
3585799920
3591294825
359335628
3595138130
3596561742
3597542993
359908016
3599531012
3599714188
3600703114
3602075146
360237127
3604227546
3604782587
3606048596
3608273906
3609591177
3610251045
3610417549
3611281251
3613413583
361635834
3622844450
3624707792
3624720239
3625700424
3629731111
3630664729
3632148804
3633287324
3633372612
3638237485
363982529
3642834243
3643959399
3644051251
3645773597
3647408594
3648753364
3650579468
3652515244
3652541686
3653027573
3655433126
3656525813
3657836465
3659439902
3660285433
3664208924
3668023309
3668284448
3668673017
3669798094
3669960832
3672475415
3676035044
3678254199
3680969920
3683067939
3685476592
3691525115
3692359573
3696479538
3697900350
3699195699
3701362056
370770903
3712322452
3715102916
3717608003
3717794343
3719642744
3722628120
3725187275
3725292067
372805671
3728801305
373126284
3733669631
3734231500
37380230
3739730902
3740247743
3741647639
3743573701
3745771319
3746881083
3747912914
3749725287
3754377849
3755678065
3764790495
3765243445
3765906984
3772357260
3775988791
3777301268
3780321756
3781436122
3782658528
3783775530
3788218716
3790221979
3790729232
379359215
3794147627
3797860292
3798588869
3799598712
3802956401
3805219220
3807229004
3810152468
3815253236
381577218
3819044183
3819815299
3820900213
3821300294
382277679
3823371773
3825618508
3826527558
3827799524
3827894348
3828963693
3830294676
3830452143
3831371733
3831963531
3832380620
3836150214
3839036319
3840222979
3840316527
3842453714
3845767229
3846963959
3848580087
385140122
3851456484
3854531055
3856584931
3861858841
3862095039
3862376774
3862540433
3864529047
3865596605
3865817200
3866186993
3866365359
386658715
3867669328
3869369060
3871656505
3874021482
3877717291
3880016841
388025832
3880291703
3884684985
3885156439
3886107532
3889056226
3889103854
3890309594
3892473345
3892705962
3895111062
3895228815
3896872610
3898123810
3903390582
3906967564
3907977563
3909493521
3910889261
391325043
3913894789
3916762174
3919042496
3921168661
3922894971
3923480151
3929340187
3930287433
3931979099
3935987746
3936769315
393910741
3941377787
394230372
3943058173
3943333439
394418055
3944615207
3945667886
3949040122
3949665121
3950024295
3951021967
3952655179
3953652967
3961801800
3964221964
3964574962
3966448338
3967264634
3976872305
398254664
3983280551
3983428349
398447019
3986442933
3987434323
3987688398
3989812181
3991802575
3993049372
3996590474
3997203218
3998684539
4002075619
4002939118
4005327719
4009752444
4011112697
4012235490
4012379389
4016730337
4017164926
4019069243
4019569494
4023977849
4023983405
402474993
4024937171
4027659688
4028343949
4029089575
4029724856
4031446112
4031971259
4032638842
4034878486
4044116568
4046230298
4046357692
4048519807
4049579772
4052693944
4056658208
405719502
4057632250
4058486931
4059154782
4060237937
4061962341
4062734365
4063264134
4064465703
4066391495
4067554730
4067830960
4068596878
4069320890
4071387604
4071600011
4071649212
40777877
4081516048
4081639266
4085351806
4087388862
4088639799
4088855067
4092454115
4095737202
4102919306
4105247318
4109128206
4109832010
4110786590
4113116376
4114368801
4114487997
4116515272
4119400847
4123273738
4124039976
4124866876
4125759337
412612985
4132827145
4134250902
4135050732
4135939252
414133946
4142448200
4144751622
4146477413
4146984238
4151130721
4152653245
415317813
4153768543
4153866493
4156256379
4158661881
4159312706
4164559791
4165174789
4165983819
4166588677
4170822723
4171448505
4172102260
4172126067
4172638873
4173760945
4176517858
4176782550
4177422586
4177627894
417828792
4181665643
4182292034
4188019804
4188534959
4191725151
4193358083
4195832361
419948302
420021806
4200764919
4203252290
4204613180
4205894764
4209774496
4211430015
4211659545
4214575634
4215105199
4215625964
4216383390
4219926534
4222183418
4223233292
4226314794
4230607168
4231390639
423262518
4233092516
423520398
4235776933
4236179690
4239592714
4240762141
4241426846
4242463680
4243049147
4244592480
4244862118
4245778871
4247638456
4248024008
4248449021
4248539797
4248672839
4258484734
4259572323
4260822137
4261069602
4262735121
4271055666
4276854153
4278214274
4278938962
4278991552
4281073442
4283644350
428503576
4285810058
4287021582
4287497842
4289241329
4291935482
429209716
432661555
436073601
437835260
439809316
439949002
441366630
444397388
447704732
45082731
453387018
458417486
461311467
464236227
464263956
46487936
465842056
466010290
466595027
467170509
467256223
467299396
46778246
468877990
46949699
472961315
474636053
476202763
476541240
477255490
480860599
481126527
483435217
484446875
485079294
488555810
488704605
489200381
489621061
490350911
493673188
495150749
495373211
496506164
501060954
503556323
504264839
504790345
505707500
505779360
506530214
506966707
508819037
509350729
511462704
514137959
514288684
514696408
51775322
518351384
518352949
518667984
520275725
520918964
524476110
52480550
525152154
525996571
526352434
526414183
527542614
530752452
532058149
535143351
537280132
53882699
541242316
545180424
547081968
548429550
563067915
564230070
567737964
568358375
57240463
572785580
575285501
576017190
577536453
580367552
580553292
582888780
586632810
587326524
588121863
59192163
601093683
60569736
605745288
608247596
608376265
608769732
608949131
609422070
609699031
610647815
611704913
613318665
613766068
614422432
615071806
615307956
616363358
617146618
618892346
62045240
621275919
622990351
626442624
63011247
631779745
636634729
63791422
639436649
640122854
643002568
64341165
646048544
646155112
653013086
653044850
656631594
657056326
657605041
657897298
658358670
658747586
661559237
662901386
663968290
666528224
672714032
673986328
675893638
676042073
678132211
678180071
682529104
683391597
683759939
683831150
684212702
684613465
68475985
686502735
68693591
695891382
699250060
703073248
7072003
707637115
710846448
71192962
712984808
713871641
714512815
714731193
719704660
723005836
723720588
72411511
724707074
726320270
727570393
72772895
729426378
733629794
738462566
738635101
740155079
740302300
74087599
74121983
744741753
744773043
74634991
746844520
74704530
748036272
748707891
749526962
750321560
753023243
754667035
756484696
756919682
757569514
757731719
758843125
760002499
765433678
766809355
769529038
769855317
771720997
773109893
774830147
775817081
776175891
776606034
777295463
778533065
778833317
779873538
780132187
78139452
781452243
781780322
782134768
785127100
789245699
794589758
794693789
797531093
798699121
806966193
806969773
8117395
813272178
815243052
815725255
822757770
82309710
825041764
825759846
827545524
828403423
828469303
829375927
83132885
835844766
837012493
838053386
838465713
840988114
841603082
842931974
844402855
845535788
845624260
846039622
846903617
847299789
847737501
849662101
85696836
857883572
862553537
862741845
864921342
866739556
871422365
873444130
874868213
874989518
877993752
879368317
88200147
88352978
88638067
889566987
889877029
890528345
891283423
892319040
892813768
89364999
893915110
895179889
896957730
89721351
901812400
901980348
90227572
903912917
909958832
913455593
913986893
915094225
921409256
92467356
926677505
926725171
926791305
930738900
934474611
93947668
940342860
94161113
944307558
947686597
951048073
954216967
954947487
955592662
957559918
95818123
960873941
961787330
962027126
963705673
963924098
964106220
964692003
965335413
965725280
971596148
971723194
975248551
975618128
97815133
98003456
981722162
990831881
991360538
991765868
991804940
998739035
999328601
