1001725957
1002509815
100261881
1002695084
1003941153
1004850348
1009172513
1011235479
101178001
1013349596
1014545387
101992195
1021164384
1021978317
1023025599
1024149089
1024514547
1024842001
1025904572
1026689630
1027051054
1028740481
1031225579
1031828736
1031980042
1036602021
103671676
1036917544
1037389093
1042186449
1042706293
1043038670
1046598428
1047098664
1047212349
1048546904
1048548797
1049642625
1053103829
1054101162
1055139691
1062658956
1064792395
10655412
1066386244
1068070894
1069516095
107122255
1071781009
107658543
1076636854
1077286245
1079009710
1081156396
1085329454
1085617667
1089058366
1090179823
1093717622
1094447941
1095860889
1097374011
1099123327
1100591550
110636575
1106844602
1107514059
1108588437
1111837334
1113391027
1114657933
111702285
1120743978
1121228599
1122555699
1124983192
1127977265
1128052773
1129275792
1132506345
1134110663
113465617
1134826691
1138750292
1138955026
1139797051
1141676961
1142574110
1144912116
1145838668
1147167439
1148939989
1149245668
1150173370
1153665738
1154729938
1155931505
1157423728
1159265289
1160493367
1162956021
1166320612
1168869644
1169761522
1169841396
1170934235
1171625606
1171636346
117186671
117720249
1181191756
1181803176
1185415094
1189348116
119038725
1190847712
1191822398
1192160489
1195665511
1196663181
1200220041
1200251013
1202251128
1203011686
1204638181
1206903197
1207189636
1208499454
1209976654
1210310858
121303248
1214247748
1214809966
1217329583
1217948036
1218990257
1219132381
1219748678
122105314
1225186647
1227713481
1227804253
1228974621
1229526467
1231579982
1232884795
1236839728
1237762805
1239204587
1243563842
1246345056
1249017753
125081767
1251675134
1251828305
125196229
1254960945
1255433195
1256300746
1256769257
1258490217
12585548
1261824832
1262092540
1262235032
1265856933
1266492615
1267708024
1268135789
1273216062
12739924
1274517246
1275239821
1276040899
1276064380
1277065209
1283685605
1284049915
1286131498
1292449749
1298669199
1301535047
1304986539
1305452204
1306186674
1306803343
1309281803
1310431285
1311101197
1313845356
1314774579
1316474334
1321605860
1323148979
1323160157
1323526441
1324463547
1326144485
1326838998
1327137473
1327638054
1332301990
1333449607
1334901249
13352971
133544421
1335523052
1337299178
1338923002
1341311403
134224792
1344876397
1345148333
1346180656
1349081337
1350341725
1353066764
13559089
1356203467
1356371790
1356744325
1358018994
1359430399
135957367
136128559
1362214164
1362536411
1364797896
1365644996
1366397017
1367278617
1368319769
1369150214
1369214166
1370995764
1374393551
137694624
1377178464
1379385111
1382209826
1382392108
1383030122
1383267491
1384486865
1384520540
13872091
1389114947
1390408510
1390659957
1391754512
1394627845
1395617287
1395868210
1397289559
1399343302
1400543473
1400846890
1400936476
1403582043
1407572718
1408241652
1410473190
1411025137
1411178378
1412111497
1413098830
1416281199
1417216223
1419198167
1420760048
1423242374
1424243314
1426788368
142747979
1427500670
1430556216
1430572294
1431720926
1432004140
1433632903
1437681074
1437741758
1437970886
1439443444
1442380581
1446138529
14484805
1450248520
1451271294
1452477487
1452542898
1460601745
1462418002
1462850155
1464059408
1464625692
1467027578
1468152789
1469460023
1471351236
1472297487
1474489362
1476334891
1476664099
1478369267
1478577977
1480279095
1481450717
1482538940
1482868610
1484555720
1486596562
1487242914
1488124626
1489411790
1490755134
1492876726
1494417890
1497221424
150101243
1502398292
1503240349
1503416575
150803990
1508482050
1509922568
1509936376
150994130
1510305096
1510625855
1511200828
151310023
1513315992
1515910676
1516982870
1518344918
1521698920
1523175279
1526493019
152664560
1528512235
1529372924
1531941083
1534119827
1534358701
1535594707
1535715146
1536489541
1537482787
1538425549
1539596541
154256162
1543439189
1543524346
1544816650
1548295132
1550562874
1551659855
1555113213
1557256808
1558627860
1559071339
1559199435
1559246295
1559720371
1560839037
1562649130
156378045
1566063272
1567468158
1567616455
1568061570
157313126
157634207
157657673
1577072498
1579162641
1579647815
158173266
1581972955
1587447619
1587889342
1588748407
1588849618
1588898419
1589909004
1590620736
15934202
1593594831
1594263122
1594644485
1595922466
1596503232
1597355894
1598871859
1600613911
1600645087
1601942008
1602035060
1605542095
1605791789
1606439451
1607634084
16086071
1610058139
1610976134
1611099586
1611472094
161200468
161435404
1615365822
1616251646
1616821070
1617107146
1617777129
1618040677
1619402038
1619545793
1620190822
1621188989
1621209473
1621289126
1623205355
1625319624
162783706
1627959705
1628112579
1628862521
1629880179
1631065387
163208066
1632269214
1632775549
1633252044
1633356748
1633410615
1634020444
1637819655
1638007035
1646220839
1647003408
1647406048
1648977693
1652158874
1656001945
1660806646
166460633
1665203917
1665919160
1666999093
1667708936
1667792708
1671266115
1671600573
1672830128
1673675622
1674388225
1674570600
1679165904
1680643394
1682240471
1682459563
1682707842
1683043227
1683190167
168401556
1684048580
1684479120
1684889732
1685732454
1685824215
1685841354
1688401352
1688787765
1689180850
1690359334
169207123
1692183914
1693502657
1695449660
1696617874
1696863080
1697117076
1699630590
1699648381
1701630918
1705074723
1705121537
1705634296
170677194
1707198268
17092542
1710484426
1710697100
171230783
1713354978
1716163545
1716214974
1716261650
1716712658
1717092018
1717491953
1720472294
1726430117
1726966705
1730563359
1730709972
1732544762
1732907015
1735318720
1736297011
1737967272
1740912990
1745243102
1745669161
1748917826
1750251609
1750744501
1751010435
1754002243
1756042649
1756558384
1758586097
175980987
1765927160
1767043004
1767268043
1770133355
1771578963
1776200342
1776702803
1780805851
1782211719
1783225749
1787560336
1787723347
1788122980
1790783973
1792072187
1795897947
1796101039
1798463932
1799341388
1802264811
180270481
1803803343
1804930781
1805330664
180577849
1808137419
1808233590
1809716112
1812494504
1814611705
1816099028
1816781
1817400341
181752341
1818044673
1818753371
182048564
1820775785
1820965301
182115708
182305439
1826237442
1829509636
1830383936
1831682633
1832449785
1832649691
1833946874
183403123
1835292828
1835711975
1837704888
1837930292
1839343873
1840611800
1840852998
1843192383
1850598175
1851086139
1854105579
1855176377
1857840442
1858136016
1858460772
1858685247
1859110490
1859143945
1859302800
1862107263
1862258221
1864808747
1864855250
1866205114
1867696849
187281591
1873541211
1874230809
1874660925
1874670658
187474604
1875029343
1878735997
187904776
1881314553
1883457527
1884853056
1885305388
1885937652
1889599352
1890429329
1890591343
1892894291
1892916736
1893692495
1894447922
1898853072
1898997238
1902389924
1905413438
190607958
1909478675
1910341517
1913251075
191555354
1916622148
1918734581
1922969179
1924004711
1925882222
1928016686
1932519550
1934861322
1936871510
1938363579
1939556574
1940900604
1940925468
1943088213
1944040448
1946294506
194940636
1952097885
1953383683
1955265742
1958189005
1958469790
1959116683
1959612047
1962760568
1966580548
1966592391
1967198839
1970940575
1974064758
1974214614
1976215344
197900479
1983464563
1985424513
198629126
1986899573
1988511288
1989367329
1990536553
1990846766
1991677313
199634191
1996813157
1996929182
1997739212
1999148801
1999757317
2002104503
2002188745
2004906700
2006140376
2006409729
2006451084
2010229506
2016754193
2019039692
2019523846
2021758176
2024216955
2026014860
2026454640
2030788684
2032408040
2032526190
2034964529
2036165254
2039918386
204101661
2042043887
2043058624
2043238685
2045040519
2047116920
2050860903
2051095051
2053980080
2054410329
2054426227
205593630
2056026618
205749267
2059715640
2060969373
2061565449
2062776438
2063979796
2064324140
2064868433
2065129797
206690739
2072325487
2074643146
2074915770
2075376134
207571678
2080200395
208033959
20807860
2083530039
2087011861
2088002240
2088489711
2089579402
2090934549
2093206317
2093771744
2096399378
2098162596
2098856794
2098858078
2099336784
2099745336
2100446579
2101725169
2103139402
2103528231
2103937585
2104200739
2107119863
2107271759
2107728808
211033054
2110904005
2113181403
2114195945
2114819856
2115108107
2117690990
2119819639
2121370091
2121636149
2121841340
2125162264
2125478238
2125555836
2126853629
2128279604
2129626134
2131926821
2132325558
2135246092
2135939584
2137786961
2138472884
2139057124
2140510123
2144608193
214848794
2152403466
2155587516
2159161748
2159721483
2161179610
2161837881
2162177982
21621806
2162475001
2166323698
2167194316
2167223708
2169851943
2169894234
217165146
2172257071
2172823544
2173214214
2175774612
2176804946
2179604182
2180472652
2181170477
2183690539
2184236449
2184466969
218447223
2186518614
2190919121
2192936519
2193709270
2195234728
2196683175
2200265161
2200338224
2202281575
2203672144
2204298217
220501747
2206962257
2210578154
2210858452
2211409051
2212036276
2215068432
2217611574
2218005541
222475515
2227294162
2227563853
222952811
2231445573
2233943442
223905719
2240338000
2245004394
224600911
2246751741
2247647804
2249227595
2249699102
2251257976
2259402878
226050608
2261375489
2266216696
2266319280
2266947366
2266981385
227162943
2272467621
2272796317
2274398864
2277632608
2277917052
2279539834
2280358395
2283008814
2283831013
2284973458
2285780674
228698891
228832226
2288883174
2289496607
229081965
2291415352
2292352415
2293488750
2295376888
2295617910
2296573832
2296769775
2299882817
2300969901
2302318740
230251317
2302815642
2303533809
2304498819
2305514150
2308251997
2309146549
2310463790
2312395734
2312745953
2314081608
2314601638
2317640430
2319405817
2319859603
232023771
2320645273
2322165522
2322397190
2323709109
2326644358
2326777740
2328620953
2330984412
2332170097
2334187219
2334813371
2335963078
2337293070
2339255579
234065742
2341276868
234190260
234240988
2343493279
234488116
2346465443
2348022134
2348280049
2350673792
2350920689
2352343941
2352675429
2353309374
2359161649
236120091
2362724189
2362992007
2363278726
2363589771
2363879260
2364829889
2365434943
2365620980
2368069261
2368221034
2368257054
2368954818
2371659683
2372155445
2376933829
2377286777
2382398719
2382418973
2384782149
238623853
2392560475
2394251217
2395255320
2395469202
2397457581
2399038943
2400538343
2400986692
2401679987
2404717487
2406670173
2406914245
2408147600
2410143094
2410902744
2411405765
241271042
2412717203
2413512369
2414926980
2415043374
2421429495
2422819795
2425065733
2425402135
2427054219
2428995749
2429069599
2430619988
2432207444
2433370177
2433410088
2436392733
2439865853
2440950887
2440951691
2443757126
2444510698
2444704941
244551304
2449911690
2450815366
2451010904
2451154511
2452535144
2454180523
2455348833
2457249921
2463523712
2466954756
2467608660
2468704503
2473077957
2473650175
2475231987
2478005754
2478525953
2480481876
2482829878
24829974
2486384404
2486967688
2488297347
2492119501
2492601053
2495905021
2496750962
2497064984
2498177873
249838741
2499198000
250056964
2502050370
2503114349
2505448323
2505906641
2506088569
2508066296
2509611446
2509724618
2512036395
2512408234
2513158819
2513349803
251566434
2516562188
2517972001
2518322770
251894278
2519779270
2521854986
2522281272
2522919483
2525114606
2525325394
2525959596
2526338514
2527216072
2527508477
2532242559
2536335862
2536352356
2537699473
2539833404
2540224248
254483074
2545825702
2546016713
2546226634
2547124902
25476787
2548870790
2549850238
2554854626
2555090019
2557107475
2558808516
255982751
256208133
2564998701
2565738857
257284780
2573325181
2574669169
2576164147
2576252743
2579594263
2580052148
2580677802
2581094006
2582490606
2584900511
2584971808
2586813844
258915537
2591201826
2591836329
2592702383
2593119536
2602409976
2606540337
2606568655
2608237417
2610477197
2611113715
2611563501
2611571218
2612658123
2612947054
261300067
2615579788
2616877124
261709259
261879788
2618832552
2619005777
2619799943
2622668133
2624196300
2625687607
2626352498
2627307975
2631798405
2632115011
2635405485
2636537894
2637271145
2637888511
2638287364
2642053884
264817375
2649463033
2651374036
2655362410
2655917428
2656361085
2656561051
2658748090
2662443083
2666613344
2669831850
2670163257
2677094771
2677933671
2681097316
2683659961
2687109085
2687222698
269212529
2693158807
2693700236
2695457863
2696057090
2696605050
2698386521
2700624483
2700705555
2706628011
2710097466
2712003483
2713693161
2716424074
2718407644
2723719693
2723761780
2724261973
2727144061
2727343604
2727484595
2727566058
2728246761
2731248150
2731414085
2733327737
2733972660
2735452342
2737024330
2737619255
273793265
2738959503
2740690252
2741623078
2744281967
2744727553
2746689646
2748936560
2749993063
2750718967
2752251034
2752526818
275417411
2754614881
2756352678
2756432230
2758423338
2758736656
2759488547
2761279504
276323616
2766123321
2766837082
2768579435
2768757016
2769433676
2770134590
2774737229
2774949294
2776419264
2777024497
2777259975
2783555736
2783893203
2784306897
2784444474
2786387850
2786733321
27869862
2787508088
2788233676
2788888980
2792242557
2793189101
2793766594
2794284281
2796142639
2796643596
2797883945
2798775661
2799460185
2800321935
2801842251
280189939
2802953839
2804307850
2804907903
2805621702
2807385789
2807987966
2808180297
280905244
2809172827
2810540969
2810624439
2810948007
2810964128
2813238493
2815547969
2817131823
2817398286
2820351344
2820619185
2821362177
2823553583
2824142872
2825040001
2826132951
2828467483
2830354931
2832194801
2834038517
283465527
2837261534
2839609855
2841252370
2845670966
2845684743
28461421
2847217652
284762678
2849336271
2852163303
2853815512
2854267564
2854713692
2857358654
285759558
2858815238
2860073093
2864078678
2865330659
2867575083
2872998176
2874426003
2877615008
287937826
2879644655
288540003
2887626254
288793206
2889640948
2890772154
2891144761
2891448612
2891832951
2895145980
2896519640
2897460486
2897639358
2901429428
2902311047
2903120497
2903436973
2905793116
2906068420
2906927977
2911708618
2912768638
2914338321
2915521463
2915914055
2916908930
2919609511
2920571514
2920709752
2923461722
2924897131
2925760042
2926105848
2927110335
2927423600
2930726833
2934779254
2935943899
2939975724
2940351526
2941398066
2943947330
2948304879
2948467139
2952372930
2952578843
2953536471
2954285793
2954425555
2955475532
2957410186
2957771526
2960856418
2962431767
2966204009
296846122
2971872598
2972096218
2973237434
2973580355
2973665684
2974002546
2976320046
2976401451
2977391753
2980347165
2981072779
2983269826
2983647364
2984946559
2985057026
2989352045
2989501608
2990191947
2991566574
2991986081
2993952497
299486686
2995122670
2995563438
2996409000
2996925655
2997428758
2998187583
2999520873
3001308084
3002656614
3002753556
3003951051
3004474964
3005025146
3008106986
3009418429
3010165292
3010555287
3010609555
3011863551
3012809944
3012904121
3013510939
3016114297
3018096080
3023499466
3025461854
3028921126
3030984867
3031029265
3031730602
3031898768
303503920
3041654589
3041668305
3046084448
3047339230
3048282743
3048424819
3053141750
3057683061
305902426
306145215
3061494089
3067205974
3067935186
3068525813
3068725630
3070733722
3077910112
3082107072
308222602
3083269704
3083478386
30839297
308693325
3090117383
3091118886
309162258
3091763446
309303459
3093084303
3093304447
3095284859
3096437796
3096677310
3097981700
3098297041
3098734580
3099294261
3100332972
3102011960
3103229974
3103877161
3104702888
3104827251
3108021724
3108962756
3109143711
310951854
3111046164
3112428809
3113034978
3116399546
3116759779
3117508858
312051759
3122589795
3122772558
3123440107
3128278267
312859441
3133533528
3135030928
3137987362
3142577284
3142690602
3145470403
314641568
3147459480
3147608075
315120470
3151743155
3152354543
3153107044
3153873366
3154819629
3156937061
3159544331
3164520385
3166047828
3167800503
3170256344
3173493929
3174142369
317768775
3178220245
3178707105
3180741000
3181774720
3182409978
3182961845
3187514392
3187920025
3188163810
3190631329
3191319896
3191559804
3194994243
3195611219
3196475633
3200114291
3200312198
3201539707
3202050191
3204793598
3204889479
3210446005
3210782250
3216816918
3217663266
3219236511
322147543
3222393949
3225954569
3226593573
3230106800
3230279468
3234018505
323606533
3237257525
323765847
3240502901
3241212098
3241844
3243208090
324761052
3247720047
3248430948
3248788112
3251440377
3253640294
3258107921
3258899616
3259278207
326177776
3265348994
3267921841
3272162079
3273203534
3277521214
3282069448
3285467392
3287820803
329014714
3291882729
329356022
3293590460
3294254142
329524037
3295356938
3297144553
3298134270
329906587
3299107085
3299450038
3300568812
3301375055
3302694275
3302897148
3306063065
3306671810
3306756755
3306906806
3310249951
3311021216
3315269808
3317368951
3318477785
3319506016
3322736601
3323038812
3324458916
3326189937
3329790567
3331358771
333267000
3333121535
3333851628
3334350370
3334390595
3334588455
3335985978
3336049481
3338919893
3340330503
3340387382
3345717160
3345743884
3347394611
3347427640
3348633902
3349012501
3351370063
3356227257
3358873442
3359083600
3359812567
3360476863
3361057290
3361318164
3362386805
3363013645
3365526835
337060649
3371552453
3372862744
3373155958
3373397731
3373855712
3374248940
3374911760
337491371
337568349
3377457724
3377834755
3379190999
3380132836
3381171493
3381198575
3381450752
3381607893
3382834541
3391344662
3392935118
3394431214
3397058191
3398020961
3398773790
3403219023
3404412280
3405836653
3406152685
3406376645
3409482478
3409986111
3410224381
3412181028
3412878578
3414985059
3415225818
341559451
341606878
3417369641
3420341536
342424900
3425546770
3427235181
3428779519
3429825770
3433293139
3434562376
3438002446
3438474412
3439658394
3444236136
3445526476
344564923
3445711275
3445787426
3447239091
3448157968
3448610984
3449672722
345279960
3454062002
3455875643
3455987170
3458106526
3458809050
3458957903
3460892321
346179758
3463328824
3463948089
3466696075
3469207199
346956752
3472539007
3473083963
3473304265
3476343740
3476442254
3477150126
3478127771
3478701525
3479263139
3480873314
3482786556
3482929282
3484999105
3486750433
3490004586
3493267160
3494398139
3498529420
3500107879
3500256099
3503374669
3503503719
3503977267
3506389981
3509419098
3510077459
3510412782
3511469069
3512611098
3512647090
3513426009
351649318
3520015152
3520469309
35217885
3524872333
3524879972
3525343504
3532073508
3534793011
353843120
3539347221
3539634597
3540869647
3542170011
3543644549
3544427624
3544982944
3545632849
3545911742
3545978523
3546485099
3547260204
354869573
3550753767
3551970794
3552113660
3553403181
3554933002
3555681398
3556569845
3559965758
3560675856
3562157711
3562954868
3564030655
3564099442
356586863
3569441095
3574293612
3575113041
3575223382
3576487754
3582038144
3582167703
3583849922
3583890672
3584115153
3585770227
3586724333
3587726022
3587800632
3589786104
3591076882
359110168
3591167849
3591428789
3599946525
3602472324
3603011813
3604793264
360487795
3605096433
3605324289
360672558
3607242200
3607425273
3607640226
3609756838
3609784939
3610622421
361131359
3612056582
3613446606
3613839496
361389983
3614192610
36153453
3618385310
3620710580
3620760407
3624010871
3627286889
3629812066
3630183722
3630892849
3640236155
3642709305
3644956922
3645159922
3647017843
3647123982
3647853622
3650183532
3650248112
3650937475
3651871210
3655442696
3657138921
3658731812
3660593821
3665165295
3666236958
3666722482
366714685
3667278096
3671419228
3672051440
367649863
3677245239
3678448707
3678560155
367964397
367983608
3680352218
3681861428
3683693891
3690733694
3691551917
3691945266
3693281420
3693956190
3694201615
3697893473
3697964024
3698629792
3699259531
3700006950
3702074151
3704129051
3708188853
3708684888
3708861646
370918766
3709639674
3709856194
3711131918
3715601358
3715750625
371630383
3716417653
3718798022
3719329738
3721514964
3722753407
3725642244
3726321485
3726982453
3728102308
3735669175
3737505081
3738308679
3739299565
3740300024
3740840577
3741577498
3741934197
3744430150
3744667454
3749628358
3750788653
3753159038
3755608522
3755976941
3757954788
3758436861
3758864339
3761219413
3761840223
3762701717
3763384315
3764968818
3765237465
3767205365
3767647170
376945872
3771096246
3773802681
3773956372
3777394349
3777827303
3779733235
3781810589
3784815180
378990084
37908417
3791833294
3792056441
3793304418
3794250659
379500994
3795954326
3796235775
3798024527
379876383
3798919697
3800531418
3801553127
3804390913
3805147518
3806381284
3806467539
3807558291
3813180281
3813987621
381725764
3820060974
3821338882
3821659178
3821892862
3822559970
3822949130
3824029720
3826880962
3828097138
3829371702
383508050
3835601248
3839017239
3842191964
384267987
3843009304
3843674973
3844403134
3844910026
3847158544
3847487838
384876443
385012923
3850369614
3850746924
3855009279
3856331341
3857575703
3857953011
3858207168
3858954518
3859690424
3864099588
3866398920
3867105059
3871178043
3872085021
3872681761
3881354759
3882595415
3882653945
3883843429
38843327
3884695601
3884948224
3886530801
3887178215
3888015394
3888679242
3889519865
3892050370
3893883174
3894394995
3895089690
3895580402
3896340195
3896987364
3897561807
3898370377
3900609244
390418538
3905371736
3908192807
3908646509
3908914996
3909162883
3910646072
3910838030
3911735274
3913338689
3913348096
3917583987
3918114977
3919396219
3919398054
3922323452
3922606315
3929355061
3934607654
393608522
3936159260
3936317195
3938579557
3939858623
394000474
3941136149
3941524991
3943071465
3945809001
3946042139
3949980038
3951333251
3951485352
3955441193
3956574112
3958801412
3961364707
3962459487
3965193249
3966779396
3968952933
3969057655
3971943798
3972039491
3973001578
3976035164
3976832632
3977206451
3980145184
398162818
3983661254
398427789
398479974
3986035707
3986299892
3986471493
3986651596
3987200695
398904077
3989081747
3989989169
3993641023
3995497398
399616210
3996519402
3996643331
3997892965
3998126724
3999425588
4002131854
4003572061
4003625045
4007897659
4008883878
4010601838
401112100
4012454117
4012628457
4013206487
4013618997
4017746141
4018995932
4019493914
4021798547
4023574891
4025405835
4025997076
402647205
4027428208
4028673052
402991488
4030065572
4034171000
4035995076
4038006670
404026142
4040905260
4042025192
4042842039
4044820743
404553369
4047733419
4053788715
4055127766
4055458398
4059994814
4061394222
4063028898
4063472960
4063519257
406465702
4066750631
4067489294
4069089598
4069264041
4069350502
4076672224
4077700684
4080321211
4081102022
4082228136
4082569673
4083084749
4085620661
4086863395
4089201932
4092514112
4093271530
4096309035
4096320661
4097737306
4097803126
4099471514
4100784239
4101305730
4101987522
4102663987
4103846273
4109371592
4111472312
4111779872
4111903341
4113974425
4116443778
4116603722
4119018510
4119062312
4119654798
4121784781
4124527851
4126307251
412791315
4128323890
4132057068
4132209574
4133845941
4138795992
4141741174
4143048463
4143671059
4144654399
4144851389
4145476987
4146613447
4146652326
4152104310
4152106974
4152982475
4153398156
4155628839
4158082741
4164962865
4165860104
4169435156
4170866177
41713115
4171385724
4171991777
4172231793
4176184784
4177075008
4182479335
418317854
4183519860
4184934021
4185112756
4188505435
4188731627
418969343
418998648
4191801375
4192507823
4194481847
4194574342
4195021645
419701742
4200849670
42046011
4205528450
4206472954
4206668509
4216345558
4216836858
4220056238
4223244623
4224841924
4225675904
4226385710
4227085425
4227629234
4229948957
4233432230
4234752228
4235734438
4240092055
4240500766
4240763989
424099939
4242630672
4243498219
4243914627
4247289541
424876666
4249195451
4249855245
4251482308
425168631
4252786003
4253135806
4253840230
425387283
4254754686
4254997116
4256323839
4257451455
4259655016
4261716594
4262612432
4263665745
4263955657
4264365509
4264608500
4265443757
4267408738
4267415433
4268744788
4268832554
4271875605
4274656179
4276608006
4278095453
4280048885
4283057367
4284467953
4285131187
4285703624
4286879359
430405873
432090718
43373142
434997031
435308049
436946057
437627635
438032349
4436630
444807645
445987712
449969737
460755752
461044616
465212754
466610572
466729296
468402460
471780423
472014961
472554895
473184868
473655127
475875118
47720097
477507207
47780457
478507764
47940109
479461046
487322678
489269678
493709952
494923710
495771803
496196827
496937410
497678600
504559366
504840046
504985694
507346827
508488724
512082575
512375984
519072967
519489941
526772481
527301021
527661770
528882919
529344827
530415157
538162340
540291245
540435879
541521841
541678859
544748284
547171266
548139969
548880729
548957805
549632488
550135220
550351702
550572273
55803614
560049381
561154006
561579334
562808301
564914617
567370866
568827620
569604816
571005487
571953610
57201783
572276194
572392905
576154835
580195940
58076167
581280339
581945984
583642881
584017172
584416634
58494224
585877351
588482519
592452026
59262852
593342578
593484944
593757817
595750990
596374140
597365480
597491922
59997656
601465187
60239621
603117964
604368521
604736056
604770594
608362112
608913223
611956627
615914748
616126899
619633938
622628929
623318725
623501085
62592413
626363463
627889921
627959978
629167179
63030367
635570758
637205126
639267092
643010769
644099974
645669610
646368012
647339760
648342659
648380644
650435726
660934771
66213095
66328841
66677421
669684003
669876465
671454785
674821732
682403973
68411418
684496151
693857125
69607258
696159294
698945818
700963180
703028399
705874399
708087361
708370800
70861012
711729839
712066247
71234101
712375588
713193494
714697230
716995615
721568041
723109654
724597404
728513989
730808856
731067690
732167090
733219564
733726874
734184502
738336203
739053920
739761883
740588167
741172499
741383913
741878396
742021847
742312076
743567135
743637894
744391202
744877191
745585647
747170390
74732381
748073592
748386114
751326146
752047467
753409987
755542667
755604599
75583127
756648514
762637281
764824534
765174644
766239178
766686088
76731202
767709601
768893848
771816423
772075749
772829081
77317888
774178971
774990267
775998025
776002518
777952975
778141363
78135791
781613758
783688270
784001560
786363510
787361138
788255682
789104283
789330355
79041552
792310880
792631282
792655641
793207810
797245866
797640419
798317929
801091477
801121698
802730940
803292525
808624918
809262275
812250194
813687079
814925756
815984602
817748377
818419410
819104813
822375284
822448301
822518489
824024801
824036670
825561995
826655202
827876940
828805521
829580234
829953168
831437011
831611404
831838413
831917773
833380970
834365274
83633833
8384101
843873622
846525627
84953653
852183903
853423866
854062173
854163450
856636053
85758855
861281185
861292558
862768013
864552280
865302545
865723936
865789667
866139629
867566804
869341445
872009831
875072110
876219214
88103098
882370961
882874343
88554797
886297923
886360439
886708424
887025051
891688725
891839287
891988310
89531882
895617409
897033558
898978017
900290094
901927198
902186062
902897629
904459125
905043564
905108092
905178434
906612101
909323036
914958848
918782541
920986368
921829309
922047648
922738255
923161586
923556010
923560137
924408521
925174900
925355741
925651155
925655946
927902216
93418907
934536611
935850175
936776389
938315973
938341537
941181845
941476184
943244455
943283847
943964042
944368325
94715910
947581822
947620104
948432908
95020060
951825236
954551722
958099729
958363585
958512249
960139825
960244475
961636624
966236717
966798959
968712864
970587864
970707788
973691761
973790452
974299382
9767834
9778161
980560639
985404769
985558156
986395821
98658047
988322251
989741474
990427984
991533982
991622280
994030067
994545276
995196301
