101257759272829
105887829163691
111239121940310
113212786207632
115891393125671
123801657293289
123985017562936
140242915204358
144022699311430
144447132228091
14528164232924
147491148202594
147982991244978
149012090826428
151960203531151
158949041499100
169840652718310
17207324568636
174203694010068
17508688215880
185153892614555
190265380463161
195191857436849
1962570902224
196766035342613
200791581189779
202818495849544
210433220742089
21914394891206
22326934564129
236885453648750
237654586150085
240001935525056
256214528177523
258236290256575
267595822431020
268494773320127
273592537486360
2907573510870
31545713071336
39071457116385
42430510735540
4764455285029
54344639718537
66149613417907
79069146017502
79921010514731
82117302916710
85059671789634
98514685631671
