104823910574103
111239121940310
112524104511828
114264247447117
122481745073489
123463106254002
142386071709751
161447010099314
16628088753756
171840059101328
172434876895358
174832562276714
17508688215880
188445518057215
189543263824412
198000925183850
202818495849544
205790915523115
213793524903549
217618676974077
218353885367877
224470564773400
226117965413542
240133933203766
242745032038631
248009310661616
255084348271660
258202849172458
258728119867890
260668070949147
36545754985281
42540355021261
70959027701913
75193847595643
77142013272772
78849581872945
796544422399
91292157485381
93086721962252
