105887829163691
111239121940310
114264247447117
120549535302956
125157666256782
131304226085197
147491148202594
147982991244978
149960477488656
158949041499100
169439807060068
170976034506639
174832562276714
17508688215880
195191857436849
202818495849544
216772918112527
217618676974077
218353885367877
223366226410865
23215272091783
246084982787398
255084348271660
255905742908405
260668070949147
276716667463029
42540355021261
51846786317061
5309709865764
63607985783588
70959027701913
82778329297481
85059671789634
90388628486777
92336061504715
