1018877735
1019373818
103180819
1041240605
107768374
1080955046
10849598
1090185043
1097085857
1122155629
1126371109
112825499
1137433586
1143275908
1163019157
1174585902
1183926411
1192025950
1204456720
1242382705
1249967485
1261108583
1264169733
1280640170
1288195810
131318888
1317612724
1332907498
1337971801
1341917030
1347190369
134832986
1352951337
1353319287
1399761897
1405436488
1447951894
1449525933
1456190654
1460455237
1465573723
147888708
1487737573
1489103077
1519770439
1523129895
1523775103
1536506216
1537992695
1561463827
1573242737
1574508804
1580008177
1587042240
1605345039
1623964943
1626164310
1627377549
1629520177
1641358769
1648871378
1653483413
165847782
1663827060
1664627689
1665184764
1715201241
1721472456
1726422971
1728132541
1754165945
17542923
1758531506
1808470344
1817192411
1823945613
1833137020
1873396271
1888444558
1891497476
1892312754
1931499868
1966273171
1998913140
2001223790
200150267
2024849623
202777768
2061200053
2082622495
2109299876
2117404809
2121953451
2153137575
2158738547
2166009242
2191664308
2199238626
2207913729
2231931258
2237972839
2240612568
2248263148
2249740608
2275327859
2282748421
2295024205
2307356301
2325181143
233472041
2364357993
2384253011
2409591490
24255879
2440611388
2456295531
2462949991
2486316712
2494063591
2504617491
2542273277
2543476684
2567103670
2586726133
2588035173
260085536
2609198733
2622416134
2633148057
2638219202
2641870233
2679040154
2692931980
2731870582
274842675
2760503203
2771165817
277720239
278936142
279038075
2815116985
2816013231
2836916092
2860078349
2900975370
2903538587
2905592640
290729663
2917328986
2920893456
2922391999
2928714553
2945458775
2954254154
2962590102
2971882007
2978067886
2998303869
3002005252
3016414155
3039653069
3069154163
3070671743
3098794339
3128965680
3134695663
3141018768
3154328022
3177549821
3177885652
3194594754
3196861966
3200655882
3213915093
3234589548
3237462307
324188311
3245812533
3278320870
3294273623
33080892
3334418222
3340262565
3340547173
3396085550
3404694924
3448575110
3449228604
3452524050
3461009148
3490214981
3492828806
3530186434
3532280478
3539173865
3539941479
3540620182
3547328099
3555955306
3570498420
3584984609
3587314695
3594238492
3622219308
3624819033
3642645137
3650398913
3691815984
3710430409
3716323330
372470967
3733061947
3748542545
3758259283
3759276842
378052884
3781579324
382815678
3852391898
3859563283
3866395894
3889947951
3890972424
3929664482
3931780724
3937344611
3944586776
3944889347
3960495541
3966292155
3982684265
400119569
4016801416
4029538822
4032061579
4066978594
4086796965
4086968224
4092974581
4098938941
412192266
4152537412
4162852254
4174888750
4180225460
4193889866
4198763771
4199834991
4200372270
4207015272
4207542835
4222812614
4225276004
4256033811
4256058188
4259099800
428243874
4284541910
4290418807
4290843352
433607920
439305582
451212638
451812838
455259646
455387661
455912543
46988052
476312213
498881655
517582675
530335952
531163958
53847479
551682220
558393181
571302884
609751154
613716645
613975201
645025580
651928472
673344225
690864463
692095438
703014293
704856544
714076546
716434463
719189343
742684504
744544531
761152631
78977538
821898213
85623910
873354278
906189358
91307976
936048666
973532423
980592698
981748063
982867909
