103102849
1312679284
1397713530
1482776030
1495781068
1555068667
1612913548
1643477919
1660445409
1704972752
1781575324
1785206881
1802339350
1876266063
1961051499
2123717812
2255127832
2292987456
229867399
2325121674
2330187755
2370507
2374358508
244017402
246603166
2481463335
2494449709
2606024044
2709091079
2727728209
2780990199
2917674507
3027142148
3184410925
3267017233
3366255854
3448363807
3622844450
3644822609
3882858149
3923762896
3947220442
4022610382
4022909005
4040973689
4132745694
4281910033
4545074
562357655
656015001
660182719
837859020
945469115
980755038
