1014256193
1017427536
1020899996
1041189632
1069464688
1097699477
1172387433
1218367947
1361280800
1385697062
1424581621
1454857515
1460901411
1573396273
162904461
167503459
1697154895
1716772591
1716890742
1752618388
1860020612
1930217488
1947783070
1975699315
2031920733
2036066129
2047525142
2078060679
2081479580
2088505339
2111225652
2115885141
2148772257
2223259207
2263565406
2310415123
2343369404
2368084419
2377630009
253631065
2557180292
2558529806
2645746074
2658778624
2661392010
2670484102
2670511097
2764572300
2771944262
2833555818
2848620894
2856075666
3009985006
3037919718
3066744770
3112093089
3216461277
3229391253
3244462878
332374445
3344091023
3371148844
3396913066
3448278355
3458023987
3538422965
3600851051
3640927117
3685449288
3692159705
3714118628
3741610692
3808961035
3886003774
3916790122
3927866431
3961853774
3992753466
4038779877
4040530749
4099150663
4111474834
4168736130
4204142559
4272981878
4288486031
441232954
455201920
485946956
505698918
594049138
597865488
599017904
663315518
695127516
783397938
790183949
796232036
80407754
83640977
860072753
915854624
990382442
