1038394347
1052661303
1103743907
1195059826
1217001600
1224970999
1607470760
1612807283
1616930254
1833879930
1851873464
1853506461
1853871962
1901632827
1994864188
2092278211
216967569
2339584869
2390899967
2413042980
2574266633
2593189143
2640768988
2646649592
267906287
2681124333
2797335372
2836094299
2891186805
2930862924
2959444710
2999283598
3042144721
3163348176
3319707803
3422585243
3563632225
358909458
3746793609
3790508306
3879288764
3886300936
3976800188
4111472312
412053109
412513550
4206021458
4216345558
4280198966
452174422
464769667
473956984
548957805
681617059
850561789
899427337
971568738
