244069040
2442084192
2458861779
2475639366
2492564112
2492564113
2492564114
2492564115
2492564116
2492564117
2492564118
2492564119
2492564120
2492564121
2509194668
2509341698
2509341699
2525972255
2526119408
2526119409
2526119410
2526119411
2526119412
2526119413
2526119414
2526119415
2526119422
2526119423
2542749938
2542897001
2543044032
2559527525
2559674588
2559821747
2576452168
2576452169
2576452170
2576452171
2576452172
2576452173
2576452174
2576452175
2593229858
260846627
2609860414
2610007445
2626637969
2677265080
2677265081
2694042658
2694042659
2694042668
2710820254
2727597937
2744375524
2744375525
277624214
2777930698
2777930699
2794708412
2794708413
294401801
311179516
327957103
344734658
361512373
378289960
395067547
4090452672
4090452673
4090452674
4090452675
4090452676
4090452677
4090452678
4090452679
4090452680
4090452681
4107230384
4107230385
4107230386
4107230387
4107230388
4107230389
4107230390
4107230391
4107230394
4107230395
4124007968
4124007969
4124007970
4124007971
4124007972
4124007973
4124007974
4124007975
4124007982
4124007983
4140785552
4140785553
4140785560
4140785562
4140785563
4140785564
4140785565
4140785566
4140785567
4207896004
4207896005
4207896006
4207896007
