1030102371
1081376145
1091793139
1105028810
1119166143
1140526340
1178179345
1265728538
1282081431
1333221584
1367242346
1406121009
1408967013
1451719723
1567588067
1596635382
1596877465
1602938233
1668815994
1717176534
1752669146
1794283745
1819473222
1826133423
1855694081
1864362751
2037008370
220374939
226890206
2330275493
2421444443
2519604759
256605317
2569757529
2666959862
2688823883
2774133930
278010422
2805194799
2805679148
2819827632
2914938004
307373053
3093654911
3097241976
3120521892
3128912969
313694604
3155071668
323233142
3258681577
3332558656
3348287463
3353707446
3354361789
3362541161
3406647706
3427221306
3470506575
3516551358
3549672613
3633139295
3636771444
3645789683
3681024094
3728041603
3747972413
3778224512
381646320
3818246081
3832585518
401832006
4047362675
4080352516
408810456
4156235189
4202414530
4254300637
462176550
521332529
688350290
691238213
697292981
763858854
836440172
842597619
973949481
