1145935342
1190127273
1197274138
1265225108
1348483618
1680937098
1753832982
183408245
1874681628
1962594991
1981964986
2016487387
2086659948
2087056295
2099339587
21847090
2216670134
229612435
2418952956
242726347
2434238154
2484157493
2538363509
2589669305
2620520291
2709752060
2784150616
2866739167
2886039742
2915447502
2928482259
3017678703
319722377
3209692333
3230986028
3263209779
3408936108
3424485297
3463745177
3499099945
3504773335
3505530753
3515957092
3524625369
3536813364
3611098130
3684365859
3716257471
3737269464
3743941267
3790510493
3880143991
3888344235
3898884917
3908204275
3914103540
3954614492
3963289924
399905810
4053184614
414003286
4156581291
4211949210
4288462188
540720957
560348883
713225793
871625340
936459952
941205305
959364369
