1139976673
1163930509
1179210844
1248134486
1296271200
1393739918
157645898
1604487708
1713094635
1816391192
1850303042
1890412863
1934668776
1971250963
1998429187
2030404402
2121558099
2131949232
2204338124
2217221726
2274030413
2322093823
2334928305
2547059953
2569871739
2682740547
2684439986
2822168077
2908532286
2924879598
2981193375
3012148491
3061511156
337807545
3462313102
3537621318
3564092545
3569496032
3598099201
3692560471
3703149024
3745699141
3814443401
3866935484
4135641918
4176312424
48569080
53281419
648735628
656644198
70717574
800435825
864913152
881871104
939041638
980414158
