1031645931
109095772
1150310359
1152570364
129668819
1336798176
1349728711
144669544
1569463150
1591605255
1599723548
1613147985
1725848365
1764612332
1775620996
1890329458
1953654745
2032442365
2054685514
2116680242
2127732103
2175317823
2177696417
2209282343
222165713
2382831883
2410714673
2433743489
2435388296
2536812849
2544394446
2557652875
2564356727
2645052892
2703499900
2771685411
277230419
2776701659
2843306091
288183318
2897743377
2903500799
3009777565
3167367005
3194469901
3198502952
3317479350
3341378106
3343723539
3441413419
350179391
3541159385
3674690994
3710817214
3772991814
3820866740
3827829374
4009786418
420139986
4206733783
4286635303
444392453
45619711
512766282
514418257
600049520
668820784
718724639
727501172
833413774
838668836
874391636
902044875
