1083075636
1114649275
1130432828
1138890466
1234925922
1387671725
1469938967
1560549675
1682137680
1721659829
1744316108
1971736036
2042639685
2089843382
2097411562
2103724610
2125808947
2150517640
2175128276
2218971099
2345614656
2411181088
2468108458
2470332289
2572326378
2583494674
2637081976
2678084556
2713033863
2732114219
2759377642
2867817937
2938699406
296743857
3091099724
3116091945
3149127926
3215959913
3269676370
3398024761
3547402406
3552370656
3576929232
362520784
3777898598
3837081457
3929673294
3968347276
4001783706
4123470535
4128383314
4139375723
4285576723
473029472
474362533
497765838
538271506
539825853
562906208
732236807
794989223
808779517
838953807
867776360
914434762
