102719536
1032696228
1053298491
1057830075
109954785
1105231733
1345958892
13714186
1495081625
157933960
1607403542
1660007559
1861173954
188435958
1893571506
1982007354
2091194863
2126896254
2186501430
2249861202
2306496093
2344420063
2397266970
2537200069
2539443232
2637926675
2641354970
2870766479
2911685892
2937830286
2987142388
3130734636
3301217299
335240865
3427746581
3433994403
3606361779
3646590607
3679904468
3691374274
3734090508
4041853319
4062089972
4085147299
4106990495
4156852053
4194623537
4202100530
440843356
448529511
458384476
463282224
475870476
477075928
609178097
657317362
762078894
865352185
897091963
