1059357589
1105472795
1214868517
1250298978
1280858821
1313280603
1370817858
1474441042
1546251273
1554311658
1591258131
1681081575
1700685578
1739704438
1831443726
1907420332
1908405061
1972265236
2004178414
208367979
220333266
2294682017
2344636262
2385142868
2386492966
247686503
248297979
2492181348
2592992214
2679666682
2684025693
2697187843
2723770846
2732563227
2739610508
288343317
2931578869
2975479565
3098729438
3126323320
3140530526
3180845708
3235643116
3259519369
3320654565
3368279276
3394109165
341981003
3447272686
3497941704
350667482
363125210
3679511955
3793976854
381216036
3865730692
3865841301
3882229935
3908151388
3923500820
4039384582
4063959936
4111016180
4167431904
4169205985
439320615
518514933
521359757
673380366
685701602
703080196
77276281
792944384
839658298
910896574
979650000
