100345078
1008819452
1020799356
1033410184
1037042324
1049300520
105392113
105911416
1073398610
1080998850
1083963133
1087295648
1089806375
1100930614
1121969383
1139296073
1150433864
1166303967
1177867160
1178575122
119352478
1196916888
1311879038
1335059373
1350288040
1361088906
1388770251
1405493577
1461170191
1480509553
1500020521
1532303878
1610326165
1616958087
1619264517
1622734699
1631231101
166980290
1669944011
1677302122
1679494758
1695896678
170059717
1712048283
1718019126
1729326966
1792926847
1793260747
1808171662
1889703680
1914154632
1917870507
1956221682
1959599236
1982022662
2023744551
2044942419
2051435206
207793280
2080160222
2081803334
2146414606
2174407158
2176105386
2187770108
2194293376
2211458045
2215818647
2217926133
2228000215
2256017568
2263852508
2282105466
2294721650
2298238582
2301949539
2325845373
2360773983
2367047780
2380461960
2390919281
2414203761
2422844778
2427061924
2433468492
2465092957
2487968783
2524666501
2543319607
2552891925
2637516332
2641893626
2642149398
2686548903
269741239
2712063368
2715769825
2727783204
2770890472
2813355832
2822415599
282592341
2830685927
2838998569
2856560023
2871127481
2872726026
2888892574
294040989
2942937676
2992651504
3034728573
3084101194
3084197123
3088954985
3093677924
3104761265
3128638947
3134017930
3173374673
3173437705
3202274679
3202735157
3212938813
3242126111
3250068127
3277077717
3281195853
3284885697
328492579
3285817891
3289061543
329772934
3298842508
3310836661
3326241966
3347963038
3353322844
3373148888
3449019831
3467178428
3471772746
3491253249
3522450392
3523453637
3523553176
3651460060
3684203619
3685452817
3697125442
3704452470
3716783559
3729679875
3732189683
374373330
374776445
3811801637
3816933071
3828555508
3848761236
3932651328
3976389966
3980640507
3985140606
3995459608
4022852686
4023895091
4051775381
4064119644
4081249278
4094722949
4161379067
4164572095
4174840051
4204543865
4210147147
4216936034
4243099370
4262178667
4277379189
4279775607
4292572533
451678953
463672849
49242148
494210121
510441133
526293441
52847414
534986364
541101191
556456293
563340985
585691523
595389539
601114545
605840016
613246726
614445130
637286910
667860468
682855426
700008502
722499116
732226190
767543787
771171953
800008738
832485543
857321750
867779589
879601734
880071579
88266320
893522399
932248078
93731430
944643064
970162586
975992431
97797661
995226689
