10056457
1005915027
1034914224
106832684
1093670834
1152700187
1451918228
1466002050
1497017275
1583680595
1591537652
1597511609
1703309982
1770285373
1941559949
2007136063
2033255688
2138719224
2185630350
2186625836
2201117908
2267079547
2334182241
2478675597
2561704673
2608305468
2622891804
2761821875
2776764556
279751067
2961622511
3068209365
3129697848
3322823300
333045844
3358156625
3510201577
3523365329
356185208
3741107135
3798888655
3946612901
3962501859
4011765272
415557926
4244130957
468421543
532560497
533422930
655926101
700174593
700486663
871030018
