1019651451
1030841411
1034566638
1046564561
1046644177
1051465049
1067397734
1071751944
1095639042
1100048050
1113840826
1114204703
1117195938
111789106
1118806471
1122599114
1131495476
1132953576
1135117081
1142624053
114278466
1150993940
1157866059
1172339382
1172953514
1182933767
1183509310
1190250079
1197460739
1224491243
1229930577
1233272538
1264002715
1271616061
1272062729
1281519336
1342705633
1349648803
1356579233
1366128973
1372580055
1388907003
1391868336
1405787675
1411142942
1412402830
1414191268
1416698453
1421076260
1432657730
1438881590
1438883567
1440902379
1443883831
1447176180
1449094723
1449553130
1467997376
1473414926
1489539881
149445491
1505382756
1507407737
1512474304
1545645839
1548960893
1549713263
1561134193
1565716924
1585942118
1602336622
1607700788
1624755274
1626333312
1635177870
1637300746
1639699921
1651136702
1654102250
1661135004
1663719264
1680319922
1686498315
1691333860
1698575365
170306762
170360783
1710003021
1713646150
1714424269
1727015797
1732335801
1765160081
1769900363
179463507
1803766378
1814134387
1814481810
1815738120
1826443034
1830109928
1849680425
1857806103
1875056127
1881268961
1888891493
189014934
189177957
1899369974
1929803018
1942675723
1958612747
1963369215
1973293348
1977975420
1981755366
19895540
1996142140
1996322230
2004463137
2010517586
2011312523
2015465378
2017589842
2017902975
2023647264
202663944
2028668285
2030153156
2040157147
2050236478
2058816962
2060294668
206444955
2065552625
2078332887
208201569
2092605898
2117935394
21263764
2136623329
2153037044
2173196254
2182392805
218274472
2184590340
2207334557
2209729498
2238716838
2243758166
2245718254
2258452778
2275601754
2278443366
2285126260
2301621077
2302811914
2315397182
2325874472
235380776
2358659886
2368471496
2415993148
2421636954
2422275652
2427600467
2428729441
2433594488
2439347396
2442511981
244667359
2455028504
2460471423
2461316290
2463226575
2475044065
2479946600
2480863933
249258158
2494859184
2501363962
2501419055
2507089074
250721555
2512372055
251237936
2513781694
2515553109
2516075140
2556293949
255646887
2562167838
2565848659
2565910726
2582688989
2586193957
2592137495
2600195690
2608569334
2611216845
2620397623
2631730342
2633115311
2656865614
2659592354
2662571907
2670274905
2677866056
2688702682
2693512805
2699192188
2699438735
271203059
2718818990
2727403384
2732917511
2747404790
2751215389
2753255698
2754059650
2759111771
277460662
2780213448
2792099710
2792751076
2797442353
2805998424
2810984108
2838208316
2841254877
2857392119
2867399017
2888449328
2900067690
2905285521
2906192491
2909345679
2922181140
2924901646
2927687325
2935983423
2939462508
2954117131
2959219234
2959732409
2985047141
2992349810
3017993358
3019263462
3037997206
3061972923
3065136031
3066733044
3073772390
3077110942
3083141285
3093005834
3102383003
3117590635
3128198283
3129067740
3150350050
3154960859
3156461143
3157371001
3169519930
3172366637
3173091848
317580549
3184728485
3188882587
3192375273
319404091
3194442667
3204337199
3214899049
3228479271
323152299
323637373
3247899432
3248417677
3256589924
32753437
3291934432
3317021618
3320584352
3331480218
3334831461
3336661020
3347041247
3348186712
335633296
3364244081
3364900582
3397490421
3402774446
3407891733
3453895527
3457070193
3462880796
3463816632
3473577763
3490837034
3495902083
350136611
3503741086
3541500010
3544023250
3550524698
3550892889
355581399
3581008354
3581555302
3592321872
3594602684
3598263513
3609080654
3632438063
3643574603
3656289120
368729174
3707831193
3710075996
371311080
372006669
3752074127
3762113822
3763776376
3768791737
3773939217
3785611533
3794726911
37980745
3799971506
3800840817
3804215887
3814634445
3815775664
3817101046
381726799
3817878612
3824116706
3824778495
3827572182
3830558014
3834049106
3834901996
383714608
3857650389
3867713969
3873963168
3879594430
388495690
3885285364
3885698808
3916788430
3919314356
3938153659
3938537088
3945884212
395286565
3955498275
3961903480
3967787633
3973642558
3974091103
397572060
39766453
3991980890
4001944655
4026308353
4033315282
403428352
4039391462
404620562
4050779934
4069583814
4078226947
4079289418
4079503265
4081633655
4095690572
4098675156
4100055976
4108552262
4126164629
413985692
4142153720
4144462701
4160817692
4177743630
4199680537
4210705182
4217289559
4221696712
4222309727
4226841521
4227756114
4231763653
4233812152
4244558318
4245200573
4252502503
425974236
4261584562
4266527181
4271956224
4273509040
4280117023
4282363051
434556751
437777385
440166979
457833876
458246367
46180012
479817179
494943775
498707265
503404918
505994498
507264255
507370364
518556051
526453089
527664835
546860426
558495561
57573766
576541756
580896213
593925907
594769307
60306224
61412094
628154830
639150275
647192056
657478912
658716885
661805258
661908194
666172751
667548497
669868769
680237601
695157138
707587540
714245907
733453934
737664263
739150435
745197473
745784596
749831911
758381888
75921097
769506161
773007160
794682646
795996969
796002360
800994846
812178511
844912318
86295523
864245690
868712534
877132975
883991098
884450075
891376641
900891941
928399109
955184630
955808218
979665358
987484240
998452494
