1088052205
1130693770
1148136797
1153765195
1170012252
1175923295
1190113779
1269576458
1456820034
1618901254
1663820647
1776300371
1828881584
1952049477
1967937486
1995821805
2109145022
238308280
2564746430
2629223183
2723412351
2736656086
2754911010
2795989277
2821865367
2842488170
2848776957
2918881948
29263953
3114655620
3182022317
3189512687
3219015289
3289960181
3337068521
3351612325
3455022575
3464996340
3640841362
3704364598
3708951547
3850437035
3860341499
3872416533
3889740064
3932210901
3947320883
3969123310
4017325932
4086699363
4141741351
469858930
481584746
486724476
494832143
54932229
742184985
80310129
84852348
909400299
921970703
938450833
