1063039198
1141961796
1180719443
1188748005
1208927246
1242473686
1257100436
1388116480
1506437496
1770101199
183855381
1867322889
187938871
2103947474
213129851
2139409563
2318720144
2459689190
2487116178
2542265373
2626665476
2700220412
2767552575
2781664556
283150267
2837274495
2920706849
2983859088
3032668076
3118938339
3388246639
3412704425
3453234356
3468145219
3468607134
3484202059
3509739405
3576635547
3586650815
3629364147
3698438240
3757688179
3899299075
39731295
4053434342
4060752617
4077656529
4081757174
4142726362
4244264937
471612742
493829657
525154609
567032135
568824663
601710017
694697126
783405480
845710789
849581255
936065871
975957592
