102728652
1053733313
1056653460
1144021113
1163308801
1166800147
1204576560
1215861571
133048132
1435868306
1450290220
1591699016
1632396803
1645779395
1738914145
1757704803
1819719801
1865697186
1872032563
1891739102
1986107327
2001885665
2026645554
2131449505
2149498035
2174530421
2223824641
2231338835
2258944401
2291904252
2317707210
2348648025
2382422635
2397839809
2407421149
243206788
2436504730
2511580613
2628998146
2649105299
2783041232
2878244037
2895694972
290619204
2906226422
3005281625
3025568928
3151432934
3523299148
3588328711
3608146458
3635380123
3727055412
37420707
376424901
3821769906
3841725600
3856737653
3948543805
4057816920
4062199572
4075551583
423424781
482092542
482941528
822684766
937211365
937325611
979824456
