1004870863
1016840689
1018843972
1020072732
1022741941
1027424113
1039706312
1041228692
1046029990
1051552424
1060856823
1091802356
1092600167
1099961131
1103712277
1109953641
1115976920
1117095742
1118287577
1119669678
1134337084
1136646706
1148545268
1153598050
1155810672
1167419581
1176841630
1180814471
1188679114
1193189401
1195125297
1199357955
1205027950
1213485426
1234508608
1239976885
1246133906
1247404874
1255396201
1275829753
128134641
1306043382
1310619309
1332947186
1344627335
1350042758
1369317721
1391567538
1393762782
1417388434
1423426503
142561083
1464001380
1465010085
1484570632
1488152868
1493747149
1498923026
1499192977
1508763822
1515022795
1515511355
1516311623
1517895323
1519013280
1545722447
1557466273
1588716451
1598028906
1598256698
1620535896
1642865053
1648002612
1650596977
1662398886
1672658096
1686240650
1688906025
169119328
1699741974
1701678159
1704135678
1711333542
1712784231
1713598188
1742340008
1747758065
1751909447
1752961165
1760905913
1783231290
1783306340
1786978245
1790981384
1805165360
1818255904
1834919257
1837749916
1837982378
1846871662
1866213049
1877507043
1908173507
1910334904
1910509117
1921136103
1932437588
1943312398
1947652874
1947768468
1948743660
1948874215
1956721319
1972486815
1986802432
1992158914
1998112118
2004237156
2011811565
2024212550
2029733750
2048349156
2055013683
2055361182
2062111424
2069033012
2074376533
2076025908
2078617470
2080080234
2096151748
2112078128
2124058603
2136355063
2141977727
2153941733
2157640550
2164555639
2170533405
218449391
2200059232
2223192585
2224445865
2235583550
2240685508
2246955812
2249688367
2260329847
2281364273
2281390326
2301285719
2310251806
2313443158
2316670862
2317765265
2330067388
2336063907
2349729719
2378637894
2403671745
2414736670
2435505338
2445386661
2454944408
2459463457
2461864806
2477448500
2477610814
2501717863
2519023576
2541313198
2590126969
2590212862
2591584033
2598692208
2609379576
2612782582
2628495479
2632883951
2646586618
2654536921
2661427727
2667648386
2668510368
2692940118
2698794387
271032621
2711290372
2722174865
2745136497
2747302656
2761686094
2762667336
2764551064
2770796978
2774639253
2777628103
277948928
279045948
2796032711
280248626
2812832683
2821739838
2829378745
2836089502
286031206
2862649848
2865825171
2879412197
290087011
2904462498
2905365054
2910194322
292590507
2927374065
2929542434
2943014832
2955728056
2995213608
3006481155
3009010571
3010974660
3016546830
3017443105
3024913298
3050968155
3055848835
3070160980
3070709161
3078436728
3094258951
3104885418
3129463766
3143508295
3148515254
3152983529
3163253153
3163703248
3169193610
3170417264
3173102135
3177717997
3184984373
3210077215
3217539336
3217786496
3226113682
3269308896
3270114734
3281644381
3292481602
3311152129
3314709647
3320705763
3321091577
3352820720
3361111342
3365581318
3372824288
3399978219
3401681611
3404874873
3406354801
3412713459
3415480495
3416897931
3433339500
3436201935
3442082446
3453460346
3462367816
3462544055
3464415531
3499826003
3510987549
3512732136
3513594079
3515569902
3517890233
358757965
359292781
3593776766
3600339662
3615925649
3620607922
3647362253
3653661554
3654443490
3674563494
3689056720
3698452096
3700129752
3708068012
3713230881
371792841
3729815741
3738025033
373936352
3741940502
3750194382
3755861628
3756767985
3767854312
3786176371
3788187685
3794891955
3797753000
3798282419
3807499367
3807653469
3810028768
3815322506
3824385689
3829366789
3829551361
3840752184
3850679207
3854235677
3858263526
3862546919
3870598058
390180914
3907190500
3908058508
3911949892
3918936456
3934440424
3960408834
3983726272
4000078384
4003316088
400599148
4009110434
4025130955
4028784343
4035744044
4043227340
4058414475
4059673532
4060915399
4062533314
4065066500
4065438969
4066089036
4080059993
4096347721
4100737531
4121472327
4122787323
4129272717
4137930343
4144502821
4145726165
4147837208
4152020205
4156075654
4159938580
4163549697
4163647046
4172609197
4187754047
4203390934
4203961972
4206066324
4206726409
4208619611
4209579570
4210434285
42106741
4210843063
423672456
4242206643
4244421882
4258578151
4272816820
4278665202
445300380
447200322
459478674
474041775
479540958
479752280
491565665
493233459
495798639
50301087
513480936
518325024
546759950
550333892
558474588
568744726
57265596
581681082
583968932
58894783
58933360
615752335
616486618
616799050
641278782
646527821
649743107
670493686
672178971
678681600
681438987
685895934
696732163
702211842
710825524
722938229
742964305
744704466
745424565
75795121
764243440
779052229
791361504
79362391
797512122
801263883
808237869
810070990
815471919
827911709
843032306
87307645
8739934
878774908
882223555
886726906
916010693
919725419
921755207
926263275
95294152
964596820
971308787
985232932
99135289
999830215
