1002946857
1013563411
1014440129
1031257296
1033228745
1035764202
1043730927
1058421698
1062883578
1064702700
1065789982
1081739853
1095947879
1096684234
1099868952
1104819313
11067230
1108438254
1109356580
1111907454
1130944708
1133670792
1140938375
1147489930
1150062446
1169386716
1181544603
1195789373
1196863360
1203259049
1215270496
1216934857
1217161749
1219783838
1219956693
1233499128
1240536437
1243023358
1269410766
1274035751
1277208649
129977566
1302770327
1308038864
1314677755
1321199890
1329314501
1357340996
1367652268
1369049671
1371100896
1377862014
1388161142
1405268376
1405458588
1417060449
1421357361
1444058822
1453968097
1478041993
1480493188
1481619637
1487009169
149011077
149505149
1498244180
1500237436
1508512268
1509856594
1519176444
1521039467
1529064177
1542405117
1547608001
1551602163
1563670248
1566154575
1584448708
1588531820
1604804794
1606658898
1608762163
1613331243
1620077434
1637378255
1638137103
1643478126
165366043
1674145845
1677357242
1690318809
1691940409
1693490408
1693802548
1696691708
1701054791
1704055180
1707092841
1723370067
1741557736
1741651857
174898185
1761086799
1764736717
1798632650
1800547673
1804751590
1806977797
1824239637
1825313398
1840346735
1841583925
1844819915
1855711871
1874600460
1890091955
1892101683
1892783001
1908382451
1916011027
1937760758
1938471076
1942011395
1990528304
199553314
200715340
2017462122
2018001957
2018865631
2026769609
2038138677
2040333781
2041245637
2056521433
2107674319
2113831065
212075245
2124765535
2129637041
2135417450
214793318
2152542366
2171865242
2204831820
2212582943
2217263526
2228597709
2236319376
2253493232
2256690815
2269768625
2273981756
2275694652
2290649619
2298746561
2321567522
235148903
2351816305
2360430970
2369597586
2377607527
237924860
2383477668
238448688
240096672
2406585787
2410073096
2421712040
2422965338
2426985327
2433398450
2440651743
2444186790
2485983254
249247968
2496717663
2500419186
2514079888
2524679577
25248851
2529848783
2535268426
2539036171
2541321086
2545692170
2545830522
2551033719
2565409504
2568755519
2568935710
2584336100
2592378190
2600471069
2615363471
2618068731
262013136
2623355698
2632327956
2642084976
2652754127
2655693837
2657757563
2664957730
2667855051
2676685459
2677922439
2679289420
2681374945
2696048799
2701635297
2704816694
2706621314
2714366251
272872964
2731288910
2742715959
2756162294
276117328
276584820
2771360232
2772753050
2815897551
2818217098
2894687540
2897157221
2898151820
2915155202
2924774175
2927725329
2931765144
2939877686
2952025075
2953630031
2959210857
2961052574
2963812444
2974153740
2976824349
2997078711
3001619007
3025120186
3028247565
3032740511
3044920059
3045475021
3047143977
304819292
3057259654
30770223
3078537751
3106583784
3113547113
3114576894
3117621498
3126024533
312658183
3129926623
3136397114
3150180128
3155101000
3159882675
3182907359
318359212
3187662726
3190245160
3195965672
3208667874
3209696710
3219118752
3224727401
3229587080
3231612070
3236740403
3238158568
3253266691
3256249115
3262429816
3263747485
3279207536
3288602186
330902849
3311975120
3350422571
3352400582
3363635774
3364855103
3373329247
337945095
3396936008
3410949259
3412270421
342342147
3434991230
3435639575
3456395962
3458793103
3461343471
346814593
3470438917
3478533109
3482584199
3490361302
3492164079
3516481439
3544184519
3557715482
3560710504
3591242713
3602845168
3606868449
3608852896
3616781520
3631310453
3638680920
3640194187
3647306951
3658477069
3661177187
3668440847
3668977154
3697539454
3707805120
3720873381
3727910503
3736583606
3737471796
3750211646
3789050267
3793559537
3820110104
3825580948
3827617525
3833445106
3838696109
3850067015
3871425384
3893302294
3896534978
3905472852
3909649374
3926645714
3928146759
3937614646
3948996614
3955323739
396579449
3977695137
399494733
4007776206
4029087567
4039287678
4040102596
4044043947
4045453065
4058748515
4069395891
4085424065
410186186
4110602834
4112648775
4114224487
4114314494
4114761363
4118354771
4122655410
4136040920
4147536885
4155801781
4165105172
4172780207
418390533
4189039451
4213986862
4220623262
4227325183
4240024895
4245539604
4273874992
427576496
4291870856
4292031095
431684041
436979991
460895451
461060363
462145267
472911459
485782577
49173769
498591712
504205935
509906216
557378830
560955488
566117187
582777144
604287175
64080735
659731067
660447269
661574125
685290310
686492456
688495019
695689736
698490862
710848406
717638790
724144659
724904349
726035802
726329114
733303719
733311867
737384582
750645025
751903424
757825177
772009578
779188089
779938582
784793273
806145586
810636339
817388329
827591637
838972625
845671725
851271720
865010167
891759378
892527398
898684868
905960828
911274654
921922634
922713171
958347440
961146174
973340235
975926729
99145542
995099176
