1002582210
1012861057
1017628313
1027165710
103788573
1041186631
1046335259
1058589278
1064687536
107244144
1085944251
1092689072
1100519431
1103248281
1105846405
1112540302
1116033168
1139175864
114045140
1159316507
1165591654
1175083577
1181434214
1190344854
1194541474
1196531335
1207962188
1226128504
1233355606
1255984383
1257176823
1262152043
1269469204
1283869163
1285601323
1290194158
1291920396
1299925788
1307042629
1332615360
1346230544
1369144642
1379949298
1382551080
1398848583
1408230669
1427730550
1431761107
1432969866
1440634977
144464617
1453201805
1465144229
1494486893
1510146021
1514615150
1515843395
1520720970
1534217418
1538167902
1543265625
1549675290
1554086195
1558375150
1562078103
1564585938
1580130948
1592403248
1596191407
1597386398
1611030056
1651218057
1660566178
1690369536
1704978031
1708370518
1708788162
1715051144
1723992966
1731009516
1739883714
1780374650
179125438
1800348480
1801733460
1808365065
1832341018
1833698969
1836359556
1862007637
1881740333
1886104847
190086784
1903206468
1909026865
1921252975
1925202747
1951859809
1961832190
1979166827
1980189268
1985534968
1995285841
2013358963
2014475352
2019269810
202704004
2029010959
2065136927
2066654165
2072282500
209982446
2100866835
2110836566
2138375738
2141784590
2145674691
215401449
2154311297
2156712512
216271391
2162980016
2173434578
2175103240
2177630323
2182892173
219299901
219692147
2198044530
2200495718
2213226337
2218937564
22450794
2257203919
2266336333
2274147416
2286957235
2295148182
2304714768
2324935647
2327437401
2327573116
2332735204
2334045350
2335019553
2349944614
2352355993
2366830813
2368366663
2410164562
2417455271
2424241349
2429013598
2429293787
2430858867
2435947700
2439622956
2458486244
2469384168
2475916877
248464184
2488177579
2498395109
2498477216
2502647203
2506151769
2516732028
2522514318
2525780496
2538116429
2545268072
2553886997
2560735822
2585458839
259613427
2597632249
2604224941
262801881
2645598862
2650698388
2659417535
2663843467
2682648617
2687310408
2697358146
270645329
2711466590
2715374364
2738641410
2740684356
2746641561
2747748552
2749876350
2754791147
2785668173
2801099618
2804768583
2805207918
2812202460
2827117555
2868457441
2870294508
2875692212
2891160672
2901201604
2910443046
2913672711
2941429941
2948267764
2949162027
2949825011
2955099830
2960093858
2963083262
2967232017
2967503901
2969109497
297769344
298072624
2998964531
3009805851
3024466183
302749135
3039025157
3065546871
3077874401
3093211949
3097217865
3111319959
3128711055
3129567145
3131590165
3135563094
3139848836
3145394532
3145968171
3146452622
3159867569
316712818
3179372728
3185631582
3191297755
3195397088
3199366392
3199675442
3203486803
3218282054
3226105801
322756164
3250438858
3251074422
326119790
3263783256
3274729911
3284058958
3291889580
3293109858
3300907033
3301033689
3304149018
3305120246
3308765991
3325136760
3325365679
3326867194
3355878241
3360611696
3366688759
3368507133
3370054663
3378028935
3398476185
3417701397
3449756535
3468556765
3513843590
3531448461
3547790556
3551182762
3554916886
3563332396
3564691792
3566826113
3568390976
3571789054
3572229060
3577518667
3579017797
3584260062
3587585626
359175494
3604105402
361490821
3619018775
3619118139
3622150022
3622539608
3624149519
3626909098
3633492565
3642561905
3645124431
365256512
3657030271
3657193837
3664908439
3665552132
3669632950
3670488189
3677084450
3698421793
3707972156
3708536191
3713186157
3725530870
3751802839
3752815270
3762188901
3769154312
377123109
3772122140
3772201144
3773612078
3775040644
3780416515
3789399061
3802535765
3834512651
3837400776
3837424441
3840633238
3844422952
3856326714
3856671787
386103754
3869568377
3873930773
3906181647
3907824547
391404361
3918319453
392801159
393624414
3958880339
3972774444
3981426523
4010410040
4011292964
4020007620
4026144974
4033185258
4033764326
4059341307
4071101936
4073189308
4079695445
4084995482
4086713239
4096328632
4100280008
410766085
4112435157
4114795604
4115921978
4126045874
4138380503
4140224520
4141289919
4142756504
4152029129
4154751775
4167496166
4177505619
4197355379
4198828828
4206038097
4213011169
4218896230
422254513
4230970249
4238776978
4243654151
4247040997
4248005200
4269380582
4277086477
4288701123
433826854
449604907
456116878
468090877
486018909
498750983
505249925
521693304
527228398
539988199
541890686
554128622
567832487
571831810
580770894
611641575
641746958
651687850
652297370
659496663
668769125
669444755
691318773
702340793
711330443
718326171
733685348
739731662
744604165
745978757
756396089
777230183
777394819
779459397
784516515
794903161
796309632
805455363
815643150
818825640
82050713
821334142
826613881
83495400
855075160
856867215
863342059
864453269
871465992
874583068
885529272
899628521
901155116
903513452
904586214
93570399
961246352
964269034
966888047
981833890
986758825
