1027617576
1041759195
1044434092
1057621491
1067019296
1076564324
1085754598
1086235275
1109178466
1121249109
112584702
112799862
1135676394
1149509991
1158397268
1168996102
116902579
1189643012
1195956841
1200074946
1211782070
1233263620
1234112293
124081857
1252741605
1256739659
1259730791
1261291603
1263601217
126407575
1276238284
1277521332
1296357866
1298158836
1301180960
1301263805
1301349140
1303001750
1317429831
132650028
1334899073
1343124459
135442395
1360091366
1366103936
1366931294
1367994726
1376682426
1398144534
1411954056
1415484246
1416080759
1417613339
1424273164
1432573656
1452143953
1476754758
149285610
1494366688
1499321805
1503204553
1544423540
1559555064
1576934236
159102665
1602958652
1629417455
1635946349
1638109641
1638307549
1640345999
1652206478
165858322
1680412095
1690377770
1690545479
170376733
1706892385
1731852224
1734427620
174192138
1752303496
1752547616
1755752230
1757596918
1760023853
1760946324
1762592721
1784280890
1802736154
1805980590
1819560566
1830622701
1838162998
1857750300
1866952664
1872550433
1875841469
1878227656
1879548232
1879942240
1885121452
1885122068
1886438660
1894786764
1899780845
1905118164
1919776126
1925097243
1930784711
1937956105
1942129942
1956551353
1982836376
1994566688
2034138097
203747661
2055489247
2059320471
2095233993
2117549495
213976829
2159129916
2159853034
2189630641
2193348333
2194510327
2195986808
2201802959
2206590824
2214279586
2239986229
2252388974
2253710937
2267959913
2272186085
2278473681
2278682115
2281815836
2285348295
2285844099
2286875348
2288893233
2300998368
2310114257
2314613865
2320331124
2332755888
2346569756
2352584558
2365176851
2366047578
2369848812
2380683492
2384131625
2389006501
2410053124
2421328572
2424489378
2435494235
243637517
2445714045
2450080294
2458506053
2462114813
2465215542
2507906384
2525634309
253023767
2537899107
2540057263
2544487129
2545018531
2548799640
2573233059
2575096045
2575479442
2580456596
2584137363
2587701633
2587812316
2587933060
2592216477
2609053682
2613643079
2618414343
2620725904
2643343305
264694103
2650405820
2652090362
2653785945
2656793210
2695114032
2712332604
2713470812
2731713232
2753611092
2757303275
2767681961
2768250976
2768754460
2777589808
278602938
2786333696
2795007304
27969808
2798251173
2808924305
2812053125
282266653
2825731307
282583673
2826313286
2826932551
2834623513
2855853926
2863363781
2883805893
2895570790
2912297726
292007998
2938936150
2961290044
2966583505
2976417843
2982697953
298725170
2988740025
2989404926
2993191046
2996198370
3016197983
301666177
3031898134
303854135
3040368752
305363898
3077589904
3077673665
309705859
3103502826
3111130284
3160243215
3166764728
3167319910
3170252501
3172017680
3203879589
3205193313
3211672912
3217439140
3220199627
3235526249
3241771499
3245420732
3255886171
3266692970
3323476071
3329687258
3337952872
3343809113
3354949500
3365262936
3367695352
337183925
3378555610
3380091704
3381738133
3381858323
3391061642
3393864815
3400452119
3402778249
3404060657
3406729013
3408134389
3418909169
3425717445
3435334632
3438451930
3448741398
3463475793
3466608352
3467608365
3479000345
3511418914
351283198
3516214148
352423917
3525065028
3525312197
3545681245
354639776
3562085913
3564677905
356696089
3572963288
3576374498
3579694893
3582018255
3623170848
3631006402
364216589
3658797538
3661483305
3666936939
3669156242
3669762732
3675346490
3680394048
370651730
3719256481
372201015
3745039172
3749205524
3753706420
375894450
3760730799
3767076806
3776937829
3786297005
3798228694
3798444834
3803741520
381280217
3818248119
382993828
3830729290
3831499494
384991399
3866776437
3887145105
389404645
3907465335
3918656387
3935818332
3942849660
3950625311
3953846556
3958562573
3992408597
4019371044
4022230063
4024058848
4034540961
4039073951
4057138865
4068790715
4069161955
4092351952
4118564691
411899675
4127604365
4131806243
413866802
414128651
4145304300
414961669
4151717734
4155972875
4159533152
4166730112
4170911174
4172765454
4185634747
4189684881
4195741506
4197647637
4197682130
4201760749
4204331928
421470064
4240195550
4244369125
4249364971
4268269796
4268415986
4275539783
4280307879
428256310
436356323
448561192
45489886
455681100
459032458
463858443
471999246
474301194
476138949
482959278
490958212
496756309
571705668
58074223
592734877
593330605
601203918
61809189
620917106
64982937
657939502
673065830
684782806
686163794
686489806
692788337
723829078
7447309
761176166
762214018
768514644
770323624
772363047
79486989
850909838
853953264
854821301
858822377
898330563
902760231
905494220
918927789
920809803
92561292
933555110
93387674
974900383
99269188
