1002066427
1007572798
1010718752
1026014535
1042037069
1050729695
1058190333
1075210347
1088664265
1097939004
1116324571
1118958545
1119022533
1124916269
1139417209
1140158026
1141501953
1149583946
1161528479
1165756762
1166264022
116888558
1169206694
1172148445
1177172098
1179865228
1180722399
1181966922
1191143683
1194660050
1209954466
1210470390
1218470993
1234198625
1263279082
126407150
1265435588
1268911156
1269967381
1276722978
1283253955
1290067347
1294865028
1341480223
1358489834
1361694878
1362532177
136910178
137216028
1387048235
1392029608
1392616671
1431934001
1444042995
1464889657
1469677135
1483362247
14872330
148991436
1503650396
1531008273
154032678
1552947243
15572036
1558042949
156974345
1578084937
1579848198
158888744
1605646260
1606294249
1625437264
1633168367
1638322460
1653420907
1661098532
1662247890
1674781079
1681826884
1700621370
1702059807
1716832778
1721409778
1734530836
1735238205
1742905964
1749174883
1749502716
1750687371
1756551296
176940211
1787692838
1792212285
1818476222
1819408542
1839225488
1858335424
1858347850
1877905706
1905829780
1926746843
1951839280
1958782356
19603017
19899521
2001503725
2001940476
2014976423
2041633265
2049129016
2052149522
2074081344
2074839149
2077942368
2087184915
2090745371
2093721210
2109727283
2115679521
2116434759
2126957889
2150577522
2161565477
216225482
2174230095
2175533247
2186044649
2203512407
2209940142
2210647108
2213654457
2215428983
2228791151
2238040059
2256513733
2258489540
2259587228
2300615097
2307763987
2310641572
2317747400
2329105793
2335682311
2341334058
2346895067
2352338697
2366630033
2371532471
2374882053
2379281862
2380841998
2387408949
238851686
2398739570
2402632835
2403626131
2413525488
2415507131
241701080
2430025782
2441408792
2447844171
2449661371
2454609087
2483787538
2488136925
2503936861
2524912837
2528243740
2536444573
2542435976
2559907185
2560044442
2564721897
2584950404
2600571442
2602653771
2609855730
2611742954
2616360985
2630334738
263085010
2630977231
263639984
2647362417
264930088
265234587
265962870
2726132025
2730434657
2741880726
2748454273
2772761720
2773513850
2795696186
2815835974
2820273961
2822918231
2827225847
2834996327
2835387765
28395944
2854856927
2858320878
2859404497
2863503852
286647863
2872445294
2872657320
288667788
288939260
2906942095
2940031837
2943942386
2951730134
2953853001
2971232941
2977802076
2992390996
2992696694
2998079792
3001980324
3006299633
3009794122
3017184055
3020817622
3021970055
3052614579
3057227854
306244881
3077580468
3079662729
3081843866
3082937550
3088860284
3108591058
3110003442
3112282792
3113942215
3113960743
3127611309
3128528894
3140270776
3141844945
3141884745
3154726527
3158878355
3166912424
3174182498
3189246321
3193682766
3197077389
320003802
3211986673
3220061952
3230385713
3251126328
327323140
3273507577
3277905962
3279121711
3288173043
3290737171
3291396667
329994582
3301537223
3311384942
3316360868
3316757037
3318931824
3321004146
3328090189
334278435
3358370738
3365183290
3369203110
3384110034
3401381189
3412392043
3415611842
3420902954
3426062778
3429031165
3459205043
3461854316
3466187745
3473454233
3499837173
3504012496
3511727052
351193423
3523897813
3524921671
3535880179
3541055265
3542440674
3544677538
3548330322
3558969578
3559215744
3581156598
358674953
3591935428
3600820123
3608409474
3615533470
3618832313
3623361717
3627168341
3628269216
3636340256
3636905015
3649796087
3650836434
3657337305
3673847244
3677292943
370503459
3709087322
3711552426
3719373083
3732565017
3733712407
3740913201
3748884331
376358224
3776508957
3778129590
3780595940
3788911720
379112808
3827116643
3829025548
3837747147
385568919
3855980078
3857582910
3871022422
3873771777
3885785280
3891126658
3895587884
3914086380
3926113342
3928780576
393735177
3938079243
39683918
3968524543
3983755925
3987222854
3993656488
4000274994
4021788039
4029642351
4045241106
4049821578
4054968575
4078290889
4116032933
4130473358
4132001257
4137813015
4138056038
413891872
4142459438
4164735737
4180052987
418241661
4185647328
4192037637
4201948919
4212864475
4216605353
421927054
4228505218
4230755160
4232714967
4272633576
428799612
452983955
45472286
462459480
470561682
481028656
498454502
499722385
500370852
508505259
53174013
573334226
581993018
582690158
597182631
599126327
5994224
602658525
613684288
614015985
620632792
638837402
6463943
649129167
657102480
659331154
666826059
682339918
699624673
715938117
72126208
730924829
734680444
736209922
73756585
739518889
751572512
763003575
769892330
784267501
785130982
78652058
810330668
811563007
831680724
835306988
835665647
848856527
848999567
870866732
871838388
874866589
875784130
877003557
880784693
88531816
893896411
898851340
911187721
912425418
925547798
956776593
966574812
969121561
973927411
984138793
