1004285502
1031304056
1050754710
107296851
1075820884
1108534176
1120506617
1129343118
1141056438
1154031439
1169377914
1171247040
1176176122
1184322673
1184809388
1188082791
1207500119
1215492957
121914739
1219533477
122159334
1241010868
1244451548
124477751
1250489747
126134014
1299781290
1301852830
1313722393
1339810444
136733990
1377107639
1380968925
1389370132
1391855473
1399542613
1408906782
141033083
1410966159
1416252660
1418786539
1429493428
1473633395
1482395707
149714664
1533040685
1575016657
1586111799
1587030338
159528048
160726295
1608179163
1629866371
1658118527
166106028
1669663876
1675608556
1700203316
1714315737
1715685921
1724187350
1728890650
1739580852
1770385955
1770851571
1792158137
1794392627
1796565950
1804967257
1806604475
1830208319
1831269027
1831561116
1841643600
1878318916
1880391577
1892034793
1894293797
1901611763
1904678784
1929323846
1948052951
1953089209
1955922565
1961392904
1965703403
1967897375
1971776032
1976082052
1993341990
1999756603
2000176122
2003149327
2006385684
2008075996
2009909049
2022270489
2023075404
2026976047
2033380686
2034931194
2047361804
2058436381
2073648652
2080121094
2081746812
2085209136
2088043740
2090533705
2095619446
2132016974
2136096313
2156159904
2186392381
2186528802
2187103876
2199166839
2210060676
2218874448
2236278348
2241525878
2242079715
2254197965
2261056338
2276521837
2285742549
228687765
2295864781
2300014166
2303533092
2308056342
2316080007
2319628010
2319952320
2321623805
2326495509
2332183801
2334740317
2346407101
2350561367
2352782359
2358987666
2359308137
2359798875
2366401178
2367468143
2367921406
2370138624
238080863
2400066712
2405543310
2407435241
2411322092
2419029385
2437158814
24381450
2443512589
2444374059
2459381819
2469608766
2476775438
2477610622
2497116306
2509861808
2524282871
2525195644
2539076450
2542579787
2547074899
2559658679
2559896889
2561091767
2563507872
257986845
2583208957
2583516436
2586083900
2598754745
2610968396
2610996221
2619627689
263927730
2657716254
2666718488
2677954459
2678204591
2697571070
2700594544
2704488246
2704542290
2704773735
271888462
2733143074
2735403415
2746523678
2754197138
2758839039
2764206553
2764971637
2765959571
2767309869
2768576446
2780325419
2814148061
2816240500
2822741077
2831295066
2832794029
2833570364
2837514556
2862657578
2885054111
2891276253
2893132090
2898451476
289873109
290940860
2913892105
2915227703
2932458753
294484225
2959107893
296969109
29700539
2978520933
2991864885
2994018153
302325064
3034141996
3036145329
303970292
305553220
3056692981
3067625299
3085769242
3121457290
312676542
3135661202
3148271870
3154328754
3160239078
3166059233
3176208237
3177570539
3197185885
3216551738
3222601917
3229125548
3230060833
3236941189
3240083315
3248272479
3263307414
3264882207
3269533225
3296679106
3308490731
3315054077
3315524331
33177468
3325380359
3337476833
3337632557
3338930570
3340572117
3345584882
3346028382
3351692379
335567119
3363306076
3379280031
3381603200
3384843760
3386123037
3395914226
3444293918
3447968941
3451068549
3452273123
3455748403
3462793567
3483742103
3485733854
3486707138
348878608
3509748443
3515587233
3516936446
3517644942
3535900464
3555805643
3559522174
3562781879
3591435663
3600175488
3604323147
3636924639
3652562222
3666930903
3667706692
3673733499
3701568639
3704185999
3704882842
3706550971
3714314885
3729548356
3734206808
3741378858
3744792778
3746489840
3758445102
3762693854
3772347852
3776697360
3791195517
380914568
381057736
3812981960
3819291873
3821998286
3834153911
3834270140
3834546442
3837959800
3848133324
3849628453
3852703324
3858013985
386263694
3871979669
3873199256
3884472538
3892035642
3896033851
3900343815
3909572521
3924401368
393609865
3940817214
3941359902
394435106
3950773620
3955918241
396466690
3969579617
3982375486
3992325658
3997588810
4003522468
4004324879
4004326293
4027460894
4072580424
4082228713
4093116536
4099002573
4106374999
410954522
4114088079
4117203271
4142144962
4154215080
4185252732
4197273223
4214589737
4217514557
4226836351
422861500
4241568477
4253309913
4274808051
4290250067
434624435
436140036
441297841
441944172
442119386
447016646
448598541
453436528
467185791
472558851
484724023
50468401
51608676
523945248
526851371
541046022
547320078
549460714
550744046
555505004
55670393
558520841
571714799
572996232
58579409
597137743
6036651
607444222
616638861
62208048
637277460
643496029
645485242
646951992
654727995
655027835
655362862
657885297
660941971
66109577
666558473
685339990
704999633
709378004
712268340
725758586
729047740
73688964
741145941
746761840
753870448
765412901
765421167
76681447
768712698
787407040
788575119
792994382
799929527
810799904
8229172
829623914
83645150
83772347
853371094
855799960
862300911
874077195
874423396
87850149
88200001
895414303
916347044
919897515
929968446
998818371
