1001675008
1020837361
1023247374
1035631671
1035741742
1042933961
1054802256
1058183381
1058734163
1106776590
1107520939
1117905320
1122393556
1123226724
1128647525
1129329152
1132709151
1144472411
116681915
1189162029
1206721655
12072983
1208192148
1213651945
1218253579
1231076619
124617291
1247041296
1264124238
1270936171
1283016904
1288468672
129531239
1304873181
1307718181
1315358545
1337901413
135084710
1364101016
1367656175
1374591459
1377739724
1378165650
1380170284
1388951888
1392570317
139546561
1400833471
1405172554
140880942
1409197588
1412046872
1412207867
1416103013
1423495591
143168041
1433031040
1437010440
1441486975
1455453409
1485773793
1500662712
1505229836
1509699225
1515074485
1516425172
1519633779
1521145798
1543023997
1558161801
1582212308
1582542090
1589747794
1606649887
1609687437
1610979372
1611848238
1613961234
1623890229
1624328579
1624869213
1638921328
1659289233
1669765233
1684038899
1684275943
1686286763
1688069837
169842177
1705879724
1717493824
173491422
1749247855
1768601123
1771156994
1784720286
1785857148
1787847431
1794065012
1794310451
1800170843
181003887
1824983111
1838480419
1854624747
1859275020
1863643509
1872109241
1884688178
1889123282
190894516
1917456883
1932062246
1948007582
195463391
1960092084
1968884323
1982224417
1989779452
2003736020
2014130186
2017735575
2019456973
2026943394
2027212504
2030670684
2036483248
2039239119
2071227128
2073433152
2073829330
2074396970
2087504565
2098947902
2099463547
2104761912
2107693428
2120297866
2138675822
2149873278
2152013842
2180630495
2220198300
22307049
2243838180
2244177091
2249932135
2260493642
2269906034
2272125263
2277201232
22838904
2293618855
2305715462
2306456872
23142150
2317321093
2328535434
2334431352
2334797365
2341846809
2342073745
2347666209
2353476211
2355098487
236223793
2365316020
239628385
2412344352
241249646
2420829547
2423421169
242941903
2432673614
2433690783
243756861
2443611151
2445817030
2447232672
244938018
2450343322
2454914150
2458010945
2496724447
2497471780
2522536661
2542363502
2542818814
2565256015
2589535113
2594561432
2601725878
2612676171
2641869557
2650026322
2653454502
2655409947
2662189846
2664101419
2666034220
2679637976
2682439989
2688048138
2689487337
2690081596
2718114206
2722836388
2731486867
2732139452
2738649631
2743389656
2751123234
2764003975
2773886887
2786385469
2798424145
2798478799
2830518379
2837731413
2847963977
2869961564
2891647984
2907162548
2907325780
2929141231
293510454
293563990
2942799459
2950335336
2954249050
295840281
2959470696
2962904419
2964230917
2975795010
2978052897
2978678441
2993044309
2995844331
2999838485
3005069372
3012356165
3034500681
3042920662
3048606576
3056396573
3056633522
3061872400
3066219729
3085991144
3123743225
3141717871
3156847792
3163842142
3178845301
3186445376
318953633
3194217986
3203009051
3204377347
3205901982
321674370
3218069644
3224394907
3228777800
3233556769
3246753326
3247160842
3253216646
325597290
3278583690
3284946860
3287504321
3290548440
3293776726
3295932940
3313474017
3317532723
3319322817
3326434952
33333611
3336583083
3338757640
3359238031
3359777106
3381429682
3390452318
3396282395
3414361068
3417605254
3437718783
3449494242
3460863536
3465276669
3466371890
3466838052
3468784504
3472070182
3504891339
3506960730
3507554704
3510217720
3524612882
3530103834
3534949615
3535282879
3542096152
3544270856
3557356792
3559133241
3560521617
3575228251
3575564085
3578346318
3582100674
3585950275
358618142
3586706676
359569458
3602510721
3606714330
361696352
3617360272
3619688930
362317789
3627700734
3630456698
3634152444
3635438037
3637253354
3646231195
3655610661
3657761890
3662236709
3667155818
3674005967
3684585614
3690339548
3696871203
3712462064
371451146
3742410427
3753439340
376758477
3777523743
3784972368
3812289805
3819960553
3821718890
3830597959
384466359
385361956
3863513276
3870246087
3871634259
3883348002
3885426000
3889448110
3924803107
3957726449
3963826506
3970185848
3972467600
3978965788
3985961668
4002605680
4021533688
4024699317
4026902350
4046478866
4047180726
4075523072
4075624668
4083730530
408794039
4108090015
4114532725
4120861268
4127689613
4128858530
4131049434
4138430450
4141359446
415776386
4172087667
4178553916
4178619438
4179557653
4181561912
4185237552
4187274279
424279706
4243607663
4261673446
4270796015
4275290719
4289030949
444005442
448689271
463006359
464973652
466074982
471560505
486935006
502815297
50329412
506265019
512130392
514337637
515249718
515429008
542858968
549624740
55629286
564519386
568681737
57063368
583198083
595128380
596668661
607856676
609913811
614636033
624040727
624608393
627350945
627868789
650412669
680212751
691180168
709809878
714039914
73064432
736522189
741468520
757847006
782177213
797336756
797530823
80229414
81218482
820578326
839690910
907303688
90779519
919509874
921897935
950687598
961160806
963856633
976655291
