1014578899
1047240923
1074399889
1077377416
109270017
1094363162
1110144342
1123613047
1123952740
1141556985
1150140647
1157309620
1168571567
1177132483
1211176285
121637694
1223189032
1228886619
1239417761
1242151559
1246077627
1251835469
1269182261
1270243248
1294717566
1294930408
1302234516
1302826548
13104847
133168065
1331726693
1342782864
135892944
1360487354
1365635115
1371169875
1373483071
1374185527
1385736019
1385944849
1387792539
1390370803
1390768028
1391704323
1407562904
1413268375
1419597490
1422254230
1422653194
1433756281
1433969576
1442980771
1454604676
1455463042
1459592292
1467547062
1469372244
1480396011
1489895353
1490068334
1503350715
1503638193
1506740618
1510426980
1512280161
1527209297
1527218044
1530906922
1532289813
1533165731
1537743063
1591720567
1598758244
1601252580
1602448098
1604038414
161204184
1618803300
1619782480
1622125603
1623612308
1633668270
1637960238
1654360697
1657136856
1665356871
1672436310
1712173869
1715787698
1718943844
1728250464
1747748684
1754186874
1756365009
1774821736
1777674731
1780110200
180580496
1815817516
1820659431
1824529124
1826273916
1830603983
1846008884
1864722755
186842246
1877219875
1883914655
1887619864
1894047806
1895726810
1896701127
1904847633
1908768274
1919631868
1936792256
1944939701
1945560449
1958602320
1961565839
1974494572
1980857077
1983659050
1992806892
1993135172
2003357322
2007365837
2012926786
201631890
202785022
2037625672
2051178408
2052568456
2059013788
2086025650
2089465774
2093666761
2100112271
2111998456
2113592132
212943427
2134700314
2143061086
2146121296
214811735
2164398145
2181643926
2183002494
2185323909
2190949477
2191279513
2193086299
2198669443
2217720974
2228566598
2230030964
2233643915
2238258043
2257005710
2262674386
2263638807
2264482017
2269979535
2272923173
2277199688
2280138501
2282599724
2304723831
2338723781
2365149627
2367682717
2368706267
2374561661
2379171130
2382605785
2389954511
2391038481
2398282333
2424452572
2448908349
2460351701
2476065524
2478227200
2500988793
250143672
2510557712
25126139
2513733853
251935699
2520875189
2522304585
2529071604
2536095600
2540867695
2550016547
2550607834
2555808359
2558425126
2562013277
2571134283
2577768944
2582038747
2587108983
2596156211
2603046314
2651658234
2655496560
2659977876
2660246238
2663924517
2672226588
2681440508
2688884909
271163809
2716957417
2735967027
2735995552
2740855127
2751785554
2779355355
2786436701
278687363
279415715
2802406353
2808264417
2838962915
2865097031
2871327300
2880314964
2894754997
2904502674
2907287682
2909682004
2922406882
2932307375
2932526561
2935210753
2940885444
2942325073
2943024029
2973609147
2975917279
298764190
2994222675
2996253437
2997546985
2998950613
3019736075
3027627775
3031965789
3044799396
3053813673
3053855763
3072802270
3079146769
308348935
3093179353
3097429284
3108050727
311445579
3124359276
3141558996
3165909080
3177226337
3194546646
3211380387
3215394471
3217885913
322639175
3227909162
3229061073
3249813334
3260536754
3266279463
3268640235
3287268358
3288943145
3293999299
3301033218
3308462519
3312756876
3313564802
3314292714
3317432237
3320973379
3322226712
3324074055
334008207
3356672137
3357138629
3360148089
3370385638
3370386051
3371048173
3371126278
3383498807
3389874030
3409574319
3425845571
3429947446
3432625990
3433992289
3458833601
3460277148
3463282243
3466677668
3477218567
3479747844
3487721983
3502747071
3507295243
3511981703
3513640543
3524664676
353149312
354369313
3567193753
3575250598
3593599275
3601399396
3601721775
3602152354
3603486606
3605533929
3614611550
3617972195
3619067805
3619311136
365254603
3664423204
3671154147
3679183177
3693194810
3693650196
3697768096
3698114116
3701279054
3704401883
3721839067
3725298448
3731841178
3755629448
3757290465
3773357236
3786683613
378812309
3791444719
3811714339
3820672328
3821617519
3848330179
3865008117
3867675772
3876646820
3882983506
3896087298
3903563534
3918554125
3920350050
3920956757
3938439404
3953868528
3963603184
3965852866
3974352354
3975492164
3987850313
3996314564
4002078500
4039505347
404089917
4046830418
4052279446
406531396
407552940
409584986
4100611269
4100820347
4106905099
4107689665
4114820326
4115186263
4115615452
4133410286
4134338904
4152878218
4163420224
4170185184
4179098445
4197243895
4200780553
4208709548
4216571127
4219464404
4229945101
4277392174
4278646730
4285532460
4294066521
445805693
461909447
467961494
47961642
484869707
488041588
491682658
492897437
52198703
529568463
545625717
546545326
548880727
568409081
581948207
585102681
586466264
613874556
625072832
626133303
626603502
633496222
67249706
676899687
69798780
699860577
701651337
721894083
722393577
737774037
742949014
74445578
744623361
751703169
756659067
758296282
764528479
792284130
80401450
804771023
806668205
806760679
828434909
831506609
860111747
866508056
867550770
871229101
924841130
931116289
948692838
949421989
970608357
989954908
99558589
