1009113838
1025254854
1035569424
1038913123
1043952027
1044839661
105444244
1054738192
1073579340
1078925449
1092804466
109725
1104029148
11326809
1133645897
1135024206
1143707770
114811086
1151718702
1161284028
1161572711
1163562587
1165029115
1169809076
1170917044
1181323507
1190298493
1205197996
1210919822
1212245308
1212949580
1215159936
1232407498
1251092108
1271215474
1294327171
1300479691
1315173423
1323225233
13266512
1340698445
1365610207
1367771014
1377423294
1383514082
1394397671
1404526802
1405173747
1427125939
1429634028
1439048738
1445078369
1447685055
1450421629
1451266666
1468420636
147961765
1497573751
1498527796
1501370933
1509237275
151461062
1515571239
1531413458
1537923498
1545926752
1572446729
1572633975
1588520230
1589071504
1592925608
1602584914
1604733889
1618474256
1619519200
1626399693
1634388183
1655462314
166289493
1665893854
1666228914
166743348
1682234256
1703893999
1713972266
171904753
1724894283
1728035831
1732255413
1733418526
1742783481
1777719615
1796511386
1803046944
1804549877
1816015704
1817661190
1827170029
1828943033
1833271472
1834673959
1842706557
1845807021
1869520259
1881799477
1898300832
189961440
1904198358
1905163350
1912361056
1918205820
1944007402
1945196279
1948375558
1961145431
1963796659
1965544983
196653646
1979861012
2018753155
2023734692
2036137417
2060761013
2061447984
2080780994
2083806005
2086523842
2094713440
2103753545
2111483115
2138194089
2147001320
2156133900
2166559617
2175693141
2180146540
2198557395
2202692086
2206394106
221307300
2225230522
223293945
2253481855
2254302505
2254974025
2264739631
2281414589
2298297127
2302851061
2303122014
23074141
2311297545
2312447720
2316364291
2322144746
2331430102
2339381856
2345981435
237041136
2374549992
2379400753
2387789356
239241370
2411864597
2423916321
2427483119
2435497959
2436011011
2438684677
2443558046
2452039550
2452802704
2463936813
2467668610
246961185
247595589
2511977502
2514380096
252371361
2530447874
2551272577
2575211563
2578653078
2578688717
2584397806
2594290779
2599249151
2618010980
2620442845
2623927221
2625030130
2626031429
262845135
2628789086
2630652653
263123937
2632351458
2636822272
2664077662
2666993850
2670492081
2684970464
2687842116
2702844021
2704436041
2730634173
2732620376
2745624699
2753625002
2754316170
2775830528
2790330097
2792304197
279662263
2813508263
2826405837
2831113878
2877528680
2895218938
2904751643
2907009039
2911973779
291265820
2916301315
2919093445
2923557374
2940023971
2943385272
294484108
2945671229
2953348141
2957449212
2962316967
2987541906
3002234531
3007371601
3019453501
3031582595
3049841714
3077231704
3078267370
3097560095
3128173297
3150696232
3151105424
3169816250
3171594899
318073854
3200358221
3211698652
3215101914
3225148238
3245719310
3277697125
3278611344
3280959053
3299182536
3308352548
3325638171
3326338968
3343686232
3352641028
3357606576
335839319
3360233866
3365152944
3378390003
3390059018
3393717966
3394170642
3406023153
3406534442
3444563098
3454376813
345598559
3456871563
3461334159
3464798157
3469132555
3471126197
3479158973
3482689920
3484756501
3489931809
3498728354
3500272982
3506952447
3511284110
3548885312
3558632810
3561620564
3580515388
3582902647
3583304032
3589122397
3595859598
3597135592
3598305213
3607226514
3629081345
3631677484
3652794729
3659675722
3665436689
3667278703
3668532400
3669941621
3681447030
368595519
3692201217
3697555278
3704290639
3704372708
3719315057
3727131705
3752402102
3758711974
3795858645
3802178743
3802998236
3809905956
3820395184
3823596693
3828755347
3832472267
3840300584
384443219
3851271642
3855014286
3878175481
3879072512
3897425555
3901746266
3920235661
392901656
3930403155
3937079795
3946205079
3962471336
39639064
3976989505
3995764259
4013768409
4015739099
4016925362
4031718474
4049814750
406290226
4069950281
4072280029
4080814610
4081236620
4093239418
4098216246
4099752636
4103173509
4104200747
4122642988
4125885617
4145571396
4156030309
4169363827
4179377890
4182545419
4191025217
4197728301
4219656244
4221868241
4222290933
4223237571
4224767162
422698656
42304746
423303658
423367139
4234183135
4238991643
4239905463
424207664
4264146549
4272637094
4277736709
430644063
436799559
442391253
443004028
452154462
474574011
482501918
485580879
537612968
538977174
54099105
552896863
554667102
556311849
5570669
574672164
576141570
583322421
59237610
600227238
614627933
624548696
628378508
646270776
670862775
679717602
683057084
704494622
7158131
718602773
721832026
726310727
749334767
751976805
760222728
762498749
807519313
819073539
820998653
825484255
829587305
830903765
841461308
849040930
857769985
86579206
866786128
877527444
894362808
896012546
899161932
899723505
911342260
933748751
939980311
940190301
954111751
967572678
968134375
973533865
974542351
984311450
985411984
