1000512229
1003311594
1005370408
1014044247
1042158279
1043517691
1057664373
1059914588
1065355039
1066276837
1078803291
1087329572
1131803897
1133205766
1138107050
1139139509
1156559002
1164373668
1164838254
1166450605
1170493930
1172547577
1175019104
1178912468
1191670075
1192409495
119534518
1197919776
1208274224
1213398370
1219224845
1221497099
1231083353
1249823381
1251333896
1260499675
1286158291
1288939892
129781073
1300908015
1312663662
132141537
1324563596
1336597031
1349485336
1367614761
1368572347
1376017838
1383064380
1385421794
1386402275
1387757962
1388718016
1391990780
1413357515
1416708090
1417756749
141854895
143222166
1437870754
1452825540
1452891865
1461454462
1462930462
1467787576
1468165429
1472542946
1473938242
1474118581
1484702235
1504868435
1528046989
1545689722
15487837
1557799962
1561754708
1565459462
1568004246
1579838022
1582970111
1592367360
1592618258
1599595468
1606657223
1607375328
1613411670
1617349712
1617458246
1627215528
1642479010
1655435054
1656246469
1683116722
1686933878
1700336808
1713626797
1714059067
1720187812
1722930335
1731683055
173914761
1745861790
1751033376
1754892398
1754922193
1757899338
1766079548
1806121404
1813515838
1821552450
1840031217
1856168632
1857330560
1874751929
1876876804
1891541576
191065715
1916663594
1919927147
1922935208
1923181246
1926881754
1950364010
1951484068
1955709041
1957052642
1984241975
1996343992
2020686778
203690457
2039172946
204628747
2048604784
2055360355
2061391108
208914537
2096796011
210385530
2104378431
2112087391
2138500086
2139951778
215494561
2155179030
2161795787
2169392545
2169461085
2186523644
2190361385
2196649545
2206357306
2207054286
2212907057
2218813325
223553972
2238422394
2256169741
2263187069
2269796785
227050236
2272958784
2287591900
2298621678
2307299514
2311725009
2313628285
2318716787
2325645341
2336373083
2346667321
2349966099
2350565575
2354117803
2376232472
2381750628
2383226365
2387835436
2390479280
239100229
2400881661
2401455721
2404220510
2409159831
2411397477
2414523126
2426651891
2443705414
2450748328
2456137926
2463055273
2465152621
246776632
2490679420
2494183436
2505381614
25237413
2538730934
2539041723
2561611959
2571775592
2587421962
2595764783
2615806744
2621919386
2628511473
2636973324
2653877743
2667087935
2681942468
2703582398
2721718026
2728580539
2729945274
2738179919
2764802631
2799707725
2802976055
2823396202
2829404694
2829598710
2853615136
2869402669
2875133068
2878318169
2889076254
2906094882
2912573231
2921900513
2926323799
2943223456
2971444171
2990559469
2997258858
3010626791
3017939751
3037768167
3072008675
307348682
3085125237
3085201827
3087990840
3089031753
3097914024
3100963691
3102556947
3103232801
3107781416
31111991
3113477204
3131865860
313263568
3132721640
3140854588
3166678111
3178840119
3189203869
319221220
3194928159
3214846501
321586527
3227459040
322986225
3233801271
3266580823
3288976726
3290001378
3297600960
3299221640
3304348526
3304506266
3310999571
3314029560
332334156
3337398407
3344933671
3363294230
3367706382
3370838895
3373945297
3396644434
3398066782
3403675550
3409236464
3417029180
3446180383
3446367944
3447914382
3448975474
3452380141
3462196
346408531
349862911
3538302045
3552257633
3554340042
356211598
3565720986
3593128390
3599921384
3606569745
3624232145
3667639455
3682009716
3688747138
3704744305
3718686597
373422910
3755373793
375606379
3761789689
3767077846
3774462237
3779477564
3782086785
3789848698
3792827811
3803584846
3804910296
3818052239
3824261992
3838430090
3841038731
3845427771
384981354
3849832566
3853031284
3855257749
3859607977
3862948919
3863703002
3867036262
3868564137
3877179293
3877535783
3883033676
3892369619
3899616915
3901754187
3910052654
391217514
3919834389
3945832614
394718838
3970058496
3974592718
3977252747
398876751
4013828058
4019432005
4046420553
4056563454
4060764248
4085345194
409225369
4098060358
4099928847
4104909635
4114542289
4116609565
4117742423
4120716969
4122126800
4132542403
4141998426
4142749525
4158186299
4171958530
4187478054
4191495202
4193749869
4198348010
4204524019
420919928
4210179966
421873613
4220954818
4223767944
4230259073
4232003727
4236569853
4243307176
4254256374
4262429782
4268266896
4277997287
4284266565
4286439231
449423711
452001182
460424079
487681194
489756566
511902023
514520627
52253949
543919930
544550515
544631282
59176251
605647563
609852431
621786110
631591671
634629684
635802069
672000452
690302016
691781962
705872896
706059705
715275770
727029806
738938658
746570613
754365322
758603418
773891522
795673622
802492617
806884575
818661449
838104666
880525512
886228083
897092566
933687153
956666300
965413332
987594627
989952184
992003342
