1025119385
1028902346
1029999965
1048808211
1066910578
1073247294
1077444047
1081917630
1084536911
1088384010
1095027536
109920754
1112227096
1112870546
1113143131
1156990847
1160070003
1180991707
1188333948
119350089
1197290486
1197616600
1200415669
1200817684
1202650606
1205464988
1208805275
1220308978
1226805743
1237207149
1254089158
1254165053
1265144103
1272408349
1276332017
1298445316
1300964306
1310550115
1311211931
1318796363
1328450219
1329579656
1344299396
1354234059
1370454179
1378798974
1380865995
1382048550
1403388255
1409466320
1426720119
1429697038
1436947960
1439137511
1439746790
1444525434
1449988386
1459000817
1460312228
1467365016
1482430266
149048574
1490707313
1496336854
1499571354
1501862923
1509460258
1513497669
1518394593
1519524416
1520132336
1523396442
153458584
1538462803
1543723951
1548857234
1549981719
1550644546
1550681199
1567017192
1570796724
1582535273
1600888070
1608486844
1624803208
1646023272
1646465614
1646607480
1653756880
1664900611
1683357686
1690780757
1704033274
1714596758
1717956754
1719209823
1721591287
1728585860
1729767149
1742826138
1744427864
1752935031
1757029827
1765612754
176794535
1793380796
1799708502
1802919050
1803872685
181433427
1821333291
183827964
1849239452
1864417561
1885136347
1908738707
1929170604
1960464076
1961366627
1965504653
1991584462
1996464129
1999315649
2017752784
2018284696
2018314309
2041964575
207702766
2079757289
2083279746
2088650756
2094285663
2095189529
2097925240
2103781553
211544665
2133770763
2134148748
2139351340
2140765876
2153479100
2155126210
2158154978
2171502253
217844943
2196752273
2210269314
221270766
2240640899
2243290110
2247066025
2248611138
2256637822
2265277436
2285986596
2287203007
2301519225
2314808451
2320688357
2331854349
2363146871
2370379934
2370414358
2371841429
2372143036
2372980467
237431873
237659305
2385028162
2397833306
241323036
2419504750
2429077340
2429695219
2431080653
2432508427
2448606310
2449849081
2480453649
2480492617
2481895633
2488404047
2494369556
2501141835
25270729
2538371370
2538713319
2540973868
2542310487
2592107292
260950485
2609516483
2639406353
2657144117
2667497436
2677132639
2686186544
268629704
271620212
2722062343
2724253421
2727925531
2730089473
2733869658
2739848409
2752867579
2763533751
2771909254
2772060739
2791217627
2803609141
2809192635
2809724152
283253285
283362055
283536780
2844344942
2852526403
2865458899
2904143304
2906627159
2915578185
2927449267
2931518656
2938630932
2939978825
2949896710
2967565613
2970374402
299361507
3001076919
3002621264
3008078566
3008159930
3010184625
3027582755
3032125076
3034420292
3059192495
3074479682
3077260504
3085644694
3093073576
309725536
3103546009
3103929652
3122373447
3128361192
3143949871
3145258727
3166089123
3176393780
3187606939
3189359712
3199066677
3208141632
3225709034
3238541028
3242931344
324802730
3250576172
3254274938
326104000
326756748
3279507391
3293829911
3298183372
3299591773
3301370883
3319917279
3328099409
3329058225
3331672944
333355896
3345936755
3357641315
335902062
3363408312
337003287
3372274603
3396869430
3439696298
3448935601
3455959237
3466059544
347058505
3490054337
3494271704
3501100001
3501942079
3504399609
351022827
3520921615
352685859
3537020861
3542699810
3569371589
3587664200
3589186705
3613866792
3628019985
3629865850
3631625125
3642473618
3666067399
3673630343
3679956749
3682090052
3684016250
3714395910
3716705500
3721475736
3724113674
3731038268
3741421924
3761561058
3782572942
3785693128
3799020367
3802385240
3803552912
3803775285
3824412591
3838424214
3849537841
3850957238
3854055844
3855391668
3856022964
3856525068
3857147699
3857729565
3860977955
3867142836
3878334322
388805431
3891162463
3893759119
3902905553
3915437490
3919050829
3926691693
3946900836
3957330780
3972180411
397306347
3980139897
3988494075
3999897559
4002458556
4041697056
4058137367
4069721125
4094098656
410450820
4131777467
4142414706
4155346042
4158099366
416166030
4164928212
4169217413
4170052357
417047129
4190088854
4191808416
4193210552
4200141227
4213091241
4219478901
4241164936
4262980388
4269373983
4272271505
4275395616
4276425187
4291594353
43086194
432876793
458588604
461672031
492723200
49636411
501948781
528030782
529345499
531129560
541432266
548690563
555569383
55988983
563215798
565945248
577659169
596371515
603437090
605687633
636581001
644767402
654844227
684220717
687055904
687507035
694568782
706340998
712743770
731575718
74136016
747202242
757017851
764388294
76874215
779023510
792870279
807636663
817707373
821516037
832444443
852923432
864518230
870686210
894882935
896367044
898812794
900840865
931889424
938081309
939560781
940532368
95843164
965002564
970397257
978995163
979779863
999001448
