1010742549
1019261156
1025883643
1048610181
1083892966
1096141839
1097293445
1108623803
1111163389
111199013
1122994013
1123470355
112981689
1131553819
1144759588
1152354134
1219076364
1231537689
1233810360
1260065441
1284269224
1290398099
12987147
1306372618
1326186252
135400832
136349493
1364475638
138392814
1390576230
1402600815
1440634739
1446655594
1466808926
1472222314
1484975701
1489544881
1499408090
1509409676
1512330184
1523926016
1524459958
1524809627
1549557088
1561946848
1566006497
1568136690
1575804999
1597931277
1606302262
1610202224
1617793206
1624407257
1639395411
1658974931
1660348622
1662859857
1666607674
1673893983
1685550886
1709253266
1710300275
1710901612
1741048901
1745209072
174662085
17528369
1753379923
1761506781
1775626454
1781647282
1788723455
1789418019
1792725783
1793691025
1832468055
1837032823
1846063020
186052954
1864292592
1872317318
187425475
1878980287
1881033628
1893951255
1896204061
1902928457
1904466700
1904727202
1919611920
1922205860
1934736584
1937410547
1940636505
1962138919
1977062625
2002523474
2007729102
2016705029
2018258952
2022607929
2032045200
2039873629
2052096899
205856009
2066574095
2074290401
2090535439
2122794511
2130496990
2134609170
2139068641
2180949718
220123045
2208826995
2220330485
2226904468
2233350134
2254034824
2259273278
2295641497
2327316010
2339420635
2344608023
2345151168
2348265345
2389071364
2403359794
2409207449
2434878676
2440819927
244460342
2446181041
2451840008
2464742394
2465917585
2472700553
2478476081
2489083739
2491443462
2534938771
2538846868
2544593868
2554809542
2586087079
2623475325
2630235699
2636519645
2638950847
2639744772
2640064816
2656289118
2657060512
2661137967
2662810191
2687981731
2690361644
2696282980
2704138331
2708894019
2712040140
2732823925
2748245171
274943980
2756985970
2758266480
2759155182
2779079175
2779965345
2807114698
2811722238
2842067413
2855710613
2857660565
2865361981
2884845872
2927333934
2943947378
2971506867
2976630636
2981485679
299008550
3017555345
3030316457
3056070017
3058800134
306282939
3086966359
3096363886
3104448750
3120125199
3120347093
3122599826
3135190405
3144128659
3148372711
3171225677
3173590301
3190898249
3197474477
3212129930
3215748406
3215837528
3216832169
3220742033
3225756678
3229111798
3264137104
3270242739
3285749803
3295621672
3310051694
3315226946
3354272173
3355852094
3359639310
3364468175
3372042938
3383197116
3385283766
3395959832
3401710927
3441604838
3443393461
345192749
3475095394
3498724944
3522674244
3542149530
3554542117
3560055629
3560822114
3560972239
356503687
35986572
3601167375
360313358
3605510199
3642705868
364316154
3669203449
367407997
3686253551
3700145693
3702599632
3717057600
3727961819
3736292839
375572335
3757689144
3759744296
3764610494
3766526400
3788935004
379022034
3790622754
3806266902
3815245218
3844551118
3891244555
3897656948
3916421106
3931266172
393687945
3945238569
3947981728
3953173954
3957969193
3958911002
3973444819
3982790651
4000038497
4001952173
4021011630
4023765068
4038596693
4046523193
4051760301
4053456378
4053706860
4068759693
407300839
4078429922
409526522
4107881411
4113642008
4145859111
4147425152
4157572264
4181868028
4183234234
4209046900
4218063494
4262295401
4266149533
4267313495
429667045
432038877
44503669
452173207
455086795
491040570
504721146
505127577
523264744
543098612
56917309
571261185
583883686
607606593
705167871
732836522
73977491
744369500
745420076
745609774
749238128
752145954
761052886
766416185
776276951
778949897
79829182
80667474
823524284
84769110
860757520
864696894
8833919
888089759
90426622
92059621
920786480
921006576
924157253
924672482
92729254
978646968
995593285
