1001576025
1001910083
1005348772
1008197417
1021178702
1037437060
10425726
1050723235
1056146976
1060871331
1064060290
1068711262
1071043366
1077079450
1092560332
110839444
1108684162
1110024936
111535540
1120633989
1135416715
1135585761
1158734605
1176070507
118552912
118651979
1201142101
1206718926
1207166019
1215789105
1231219832
1238221485
1250256051
1254513604
1261511456
1275511349
1285805017
1299981148
1301767698
1307964744
1326612353
1327090012
1339612270
1352872159
135349143
1353763141
1378563369
1387593460
139138633
1406168607
1416697277
1426703054
1429337086
1436533198
1437787958
1444225491
1445228765
1453822626
1455572734
1457566750
1478134503
1478413963
1483286229
1491211546
1502204044
1532196550
1533696535
1536988442
1546795631
1549477514
1560666029
1564413189
1568410150
156967261
1595355613
1619902243
1622147203
1627451265
1638767626
1652069833
1664564610
1672824922
1678583155
1685800987
1692996658
1713876482
1747285061
1761318610
1765723074
1778758436
1780026056
1783959430
1784551403
1785054548
178844607
1789023453
1790541868
1792192636
1798056121
1801567203
1803439672
1824868448
1825152901
1825916319
1828164284
1833350604
1855657728
1877284098
1878360232
1878520325
1886292124
1888048937
1912531362
1915868465
1921630644
1947945912
198006736
1991039774
199377301
1996782475
199860999
2001966185
2027482121
2033914136
2039264322
2070783133
2087155754
2087368340
2088024089
2095087953
2107076845
2128676796
2147418252
215213987
2159309207
217868061
2199388209
2203792087
223568951
2239519834
2239861461
2255874927
225975751
2262925311
2263825159
2274210503
2275787467
2289987158
2315009364
2327206723
234096559
2345860379
234861480
235515474
235579350
2360490478
2363119109
236642545
2372537854
2380121392
2412227350
2414858355
2419463995
242842342
2435583205
2436045119
2439726537
2446252035
2468993203
2481662301
248511409
2491280257
2495835361
2507898152
2512101033
2526950285
2536012201
2536767325
2539576600
25479489
2583733130
2592963116
2609123470
2616569968
2616784934
2618277762
2620414458
2623736027
2624853706
2634577151
2637384364
2639425074
2639617678
2644019146
264644246
2648884245
2663961117
2666274063
2673031539
2693421794
2705208127
2713898347
2727777977
2742482219
2745962021
2787102485
2788078282
2796023226
2801372087
2802202027
2808438003
2809606121
281169255
2818273154
2821974535
2826762923
2832399771
2836467220
284811512
2868954564
2875113147
2879129943
2879229364
288000465
2887994885
2891132307
2891462580
2902777335
2946122095
2961239554
2965539960
296898534
2971819113
2973499832
3004847519
3011846565
3012956092
3015844934
3029508346
3041793481
3050016114
3055098558
3060201926
3066896117
3069088680
3082932852
309991650
3100376750
3106236200
3108261347
3112021121
3114067847
3127788259
3129712614
317515107
3184030055
3186127744
3188164779
3194102662
3212266698
3212775910
3215509984
3222656205
3233415449
3234661762
3241226438
3247561406
325267272
3254062312
3256134202
3276186169
3276345852
3281076688
3297036162
3297405178
3304083525
3324707611
3331226354
3339452501
3345005074
3348138409
3356266804
3362536185
3366751197
3367871887
3373405879
3379760073
3392199384
3400209413
3400549683
3425956814
3428740976
343754558
3453326534
3469884987
3484362409
3496402302
3515138435
3528043138
3528826377
3534283853
3537859033
3554914393
3557214193
3565420260
3570843586
3572665053
3582416041
3583209640
3590088896
3594069523
3603654150
3631100347
3641800245
3643209777
3656559737
3663371869
3666258653
3678209927
3680864090
3690623604
3719573456
3723029679
3727858744
3733657320
3752712247
3763829232
3770306767
3777100042
3780276991
378137211
3783675278
378405448
3785493639
379172929
3793774228
3806353842
3813126391
3814576972
3824288647
3824916702
3825262048
3840042042
3846832746
3847135887
3848923849
3853439707
3861434322
3872163271
3875343561
3876587248
3886004431
3886019810
3886041692
3888918000
3890552507
3900956051
3901077191
3904330615
3904504144
3920697142
3930596330
3933879168
3935476328
3935530193
3940519029
3942901653
3947906466
3948621079
3953222893
3953943350
3960308403
3986833208
3994826061
4000677878
4006151534
4031354959
4044267843
4065415869
4066835408
4077375337
4099715999
4107125330
4111867928
4131235645
4148962433
4160773602
4176445998
4182320414
418616242
4190078305
4194125135
4194252391
4198158666
4202969818
42075396
4222785580
4233626690
4234115461
4258737181
4268008030
4268759576
4270298544
4282694382
43976438
440107855
460521986
46144247
462093950
463880616
470232962
475196506
495227583
498930378
499032299
503812364
505076217
51267533
514882945
538175175
54622608
559755549
600552040
617846907
630393931
638655521
649750994
651438878
652225269
664881264
679919418
681662082
708412862
726884827
739956770
761868257
763830767
771271731
771800245
774306760
787292689
799450853
804608446
811494364
825131876
841393545
860475586
882466364
890788082
893993704
909861197
929041668
942859440
949488302
956862420
957533370
972751562
978528747
9937475
