1017969062
1059697532
1175669184
1194518048
1214307544
1235179453
1238185027
1245336082
1290804416
1294590505
1319075501
1324144876
1348953297
1353789669
139302642
1433049269
1492185569
1631845204
1634249346
164488706
1673881701
1680578885
1699500273
1726651970
175230734
180710497
1877514543
1906274130
1954441145
1960856195
1986783280
2026747275
2035874665
2053017068
2070096055
2081383064
2088488430
2176715619
2206710483
2236283154
2325265493
2333061410
2412790978
2413015301
2466115118
2534894904
25518751
2553931472
2585997161
2636808263
2638627609
2639588795
2642998727
2658826930
2662825333
2692484044
2700908954
2711441309
2726581251
2733690730
2737196708
2747373714
2748064689
2762813271
2870196321
2899166191
2899764376
2909413433
3000400443
3004867694
3018524780
3024696329
3044247258
3056108264
307508904
3080712105
3083864562
3101866873
3103274401
3167396737
3176698982
318609704
3198300961
3208087812
3220998929
3271065732
3398000450
3399869143
343124673
3431396638
343710679
3503587397
3554335838
3565885764
3574325221
3627431359
3650063299
3651432735
3658503708
3688380429
3736647380
375903507
3777599727
3800018070
3805135920
3815657630
3832851756
3833454283
3837448921
3846164739
3902973903
3909188576
3918231090
3932682550
3955214988
3972320341
3977952649
3985336386
4011126210
4022062921
402871107
4073824222
4078952195
4092160859
4184884769
4223649688
4280723631
4288196253
441382270
468332394
471390762
52437347
544751087
59412293
632240619
636540734
641236158
649545776
703880462
704450098
742083748
759960855
781405406
791080298
793347433
842655652
882256190
907211331
922813177
