100162175
1004827199
1009128641
100926798
1010742549
1019261156
1021870789
1033879034
1043065403
1048610181
1066497078
1069627104
1083892966
1091196915
1094244938
1097293445
1098243991
1099942816
1101059289
1108623803
1111163389
1113840826
1117195938
1123470355
1131495476
1131553819
1157866059
1161368548
1181588455
1206744368
1214808266
1219076364
1233272538
1233810360
123658745
1239181218
1248961728
1270410396
1274253040
1279406479
127980854
1280305149
1307123870
1308335819
1310350113
1341236105
1343349343
1356220788
136390131
1364283541
138392814
1384785115
1392830847
1399639827
142232251
1446655594
1461576939
1464904691
1472222314
1485774396
1489544881
1508513635
1524459958
1527515943
1539387088
1548175213
1549557088
1558699248
1566006497
1568136690
1571032773
1573528954
1575804999
1584417343
1590272018
1595995671
1605439613
1614222319
1624407257
1639395411
1641787409
1660348622
1662859857
1686498315
1698575365
1700640976
170360783
1709253266
1719481591
1728405671
1738747165
1738821432
1739690882
1753379923
1754555258
1761828893
1763254521
1770485780
1773677224
1775993550
1786305238
1792725783
1793691025
1809829347
1811896048
1815738120
182696253
1842152287
1846063020
1856324352
1858043535
1864292592
187425475
1875628727
1878980287
1881033628
1896204061
1899369974
1900109169
1903483345
1904466700
1917675271
1922205860
1931673141
1936377220
1939479335
1953062958
1963369215
1980170483
1981638523
1981755366
1994105338
1998820638
2002523474
2011824391
2012100765
2023647264
2028358911
2028870117
2045065069
2057769719
2066574095
2067903926
2073659464
2074290401
2077529580
2095737900
2098468945
2116084242
2116884810
2120441695
2122794511
2152926161
2171567249
220123045
2209729498
221090080
2226904468
2235395676
224995452
2254034824
227809850
229877024
2302811914
2304447833
2316971144
2317865511
2322869114
2334980240
2344608023
2381006488
2382119762
2382556511
2387029205
2389071364
2391290796
2409207449
2413232626
2422735099
2427600467
243707434
2446181041
2449800480
2450597328
2452008946
2460471423
2466115364
2466843255
2481723566
2483870965
2486965369
2490156302
2511906926
2538846868
254257024
2550763460
2550969559
255646887
2557877760
2568790108
2582789925
2611319272
2629671974
2635039894
2640064816
264169796
2645389559
2653533294
2662181207
2662571907
2664282982
2678493543
2685597468
2687981731
2699192188
2700990990
2701100748
2708312525
2712110411
2715724381
2751215389
2754025313
2756985970
2780213448
2790376807
2791072461
2794964979
2801302048
280251828
2805998424
28108227
2810984108
2819545961
2839131841
2842067413
2855710613
2857392119
2860866305
2867399017
2906803929
2911790287
2914918630
2927333934
2935481128
2971506867
2976630636
3001635698
3017429148
3030316457
3033966598
3034381169
3047260613
3052701817
3066685880
3074948399
3077110942
3079715635
3080555844
308070651
3096363886
3104448750
3116472554
3120125199
3162462029
3169519930
3191773911
3197118179
3202344422
3210846483
3212129930
3212660394
3229111798
3264137104
3270242739
3274712474
3291582391
3295621672
3302610340
3311198561
3316837135
3334992965
3347041247
335777187
3385732565
3415040078
3423098384
3430828666
3439705177
345371096
3464370513
3464406315
3467472157
3483581451
3486867658
350136611
3505117979
3523029607
3530153004
3533983188
355588320
3560822114
3561820244
356503687
3584792694
3594602684
35986572
3607910252
3613815324
3642745083
3645954948
3686253551
3693660529
3707688095
3732714007
3757031563
3757689144
3759291105
3764610494
3769600473
3790622754
3799065198
3824088785
3827733991
3829928135
3830558014
3834447303
3863902651
3867713969
3906379599
3922863354
3934277329
394949231
3973444819
3982790651
3993054769
4001952173
4006357305
4021011630
4023308446
4024489768
4026308353
4038596693
4042695790
4044025462
4046523193
40503492
4050526719
4056851845
407300839
4081633655
4098675156
4101438072
413412457
4151182389
4160817692
4167138410
4177364526
4184176798
4190852500
419345475
4205947461
4218063494
4231895934
4242068853
4251936626
4252502503
4262295401
426323757
4266149533
4267568651
4270715735
4280117023
4282887275
4291647286
4394655
441835361
444970656
451042060
452173207
46180012
475423251
479766361
491040570
495982017
496060714
497548423
503250225
506123910
516101366
543098612
546860426
549529205
56917309
583026494
590629324
595707976
59920131
617043402
627438690
631238313
639693808
650041833
650057746
692762320
705202089
71470888
732836522
752145954
75921097
766416185
771578492
778949897
79591110
79829182
812178511
815053533
823524284
839981954
853844836
857603871
858457026
864245690
866307560
870410660
871001277
873536175
876135087
892495645
894457054
924157253
92729254
930780953
939796068
953664878
95889792
963667011
968623751
975747942
988730460
99608376
996610465
