1053681753
1060279424
1102841102
1116475750
114631236
1149132072
1167389557
1180430117
1196936460
1197584780
1201217305
13819829
1413374507
1463905731
1564992515
1565192494
161122119
1666904574
1674588987
1681671513
1687148477
1701469615
1736978342
1768687766
1784004513
1807513330
1825962047
1884225735
189515719
1898871197
193549763
1935772682
1944850712
1949646323
194992035
2066834193
2074553324
2114442691
2116258012
2125644023
2126108257
2131259717
2131523034
2133552407
214336272
2178938547
2234211151
2246558009
2268611227
2279818643
2295279981
2363973283
2440056575
2525323706
2526317592
2528207670
2541436439
2542323571
2592398198
2598655767
2603494382
2609869087
2636295012
2647887369
2657704065
2663234035
2665216081
2726162637
2834248868
2838270490
2849930487
2862719800
2889251693
289869150
2915931670
2968785192
2998699441
3020480187
3073335922
311770671
3126749271
3150666434
3161654919
3172978119
3186971571
3222041801
3252437216
325713206
3276269025
3287099235
3341722635
3343800075
3345623623
3406842556
3411560048
3411829690
3471182024
3472224220
3478403502
3536798364
3545686348
3623988713
3690324138
3695686269
3722846187
3722986328
3741508912
3744470001
3751534238
3800229004
3816646723
3816916051
3858012152
386018523
3862573577
3862734035
3872280739
387669345
3901472243
3913630367
3919381096
3934494916
3954135928
4009072062
4025103957
4074756494
413555162
4135913055
4206213153
4289007686
438015979
449966583
48007676
480287061
485646511
49480773
573716864
593622320
594960190
605041415
616041640
628802126
670440578
706685916
713255406
748595408
787474405
789953128
862259637
8698859
873889832
932896731
959866836
993112235
