1015530125
10527653
1056300551
1098546803
1122029984
1149677078
1207568535
1209343209
1217572718
1229987170
1250908348
1271890879
1291385797
1295534207
1309754963
1319308037
1359003305
1394937968
1440565005
1457707428
1488100773
1496761636
1523027379
1545868422
1553883178
1576307199
1576512424
1583649987
1600407733
160218065
1649342566
1650565851
1659277557
1665893380
1679120893
1714546544
1774060089
1782888185
1794002775
1811082247
1821149203
1822938338
1826961381
1851414798
1871387123
1902311958
1913805525
19591635
1962201529
2000282954
2030359985
2042153675
2042874265
2060573000
2125123082
2136966196
217007193
2211269725
2216094745
2230611777
2273729162
2300587611
2330839856
2339063748
2354139213
2360277570
2367037121
2381333653
2383538609
2417739803
2427933327
2452182197
2456723179
2469995661
2526317592
2545371644
2552080272
2568407839
2616371933
2650172102
2660881529
2668310086
2685608321
2694631097
2721388973
2724436691
2740535632
275432619
2760375254
2852146836
2877823171
2880231092
2883042914
2887043531
2888780367
2890034638
289024147
2901867489
2913920070
2937158738
294146956
2982302494
3000311753
3013388084
3016026004
3035857459
3036102714
3039484323
3047885499
3051105672
3072581122
3083675289
3087786159
3149744702
3159982678
316547487
3177024575
3193210138
325824322
3258618160
3259975101
3271977850
3274891076
3279066457
3296370829
329850470
3329003664
3336443708
3390162677
3407288874
3435528486
3464136560
3469359990
3472225353
3508006446
3518267088
3531976318
3533558788
3555968430
3574214034
3655349238
3675348098
3692409022
3732659041
3760021961
3811523184
3824472849
3848590961
3851201422
3859731593
390004587
3925450192
3979658803
3999022905
4019256248
4023185962
4048630871
4050956382
405266921
4064608273
4079024192
4093582842
410141927
4115058116
4137093642
4174450911
4192230340
42196450
423991415
428661395
461507207
462468188
517853166
523284985
524826923
529351793
543520811
544655129
553202326
569000180
584474114
610854164
611290038
612758229
615752192
616421174
628115058
646474644
655366426
665542945
671002645
716215507
747176627
760239970
785486222
793439314
793771060
819788510
836230613
838939754
870099021
93151120
98035688
98504369
