1004585530
1037804553
1039293108
1065744836
1066201213
1075046550
1102863908
111796376
1150569879
1150869747
115395792
1155923168
1166593168
1169913700
1207596687
1221617331
1246280232
1247233740
1252055973
1259745324
1263525681
1267570645
1268412552
1277975072
1278591104
1282226319
129053837
135621817
1382360623
1386008902
1394048110
1397291303
1415751622
1444930224
1451140171
1458816084
1462454265
1469946947
1484859152
1489201527
1498513893
1512169711
151550569
1530424780
1532952804
1539700690
154313063
1587031110
1587477973
1588201175
1589299576
160192844
1617498943
164794129
1651283732
1657480100
1686771650
1697796640
1730359553
1742727890
175386539
1791094914
1802241072
1820317627
1825175480
1829602125
1833350145
184816465
1852662686
1857618688
1870885547
1890887941
1905764986
1916831513
1916910114
1918004963
194299013
1948697636
1967811785
1987926934
2001615964
2001665685
2001920683
2009683852
2019828112
2021717825
205091296
2063666703
206872132
2074555669
2077610370
2079149615
2083499509
2095759191
2097355868
2099688962
2144197343
2153609248
2157547147
2161472463
216236751
216433074
2190249371
2195500186
2196570939
2216756924
2226437496
2250726796
2253023245
2281342392
2289220032
2290809695
2299975867
2313148850
2342556780
2345048618
2349267537
2385606236
2390752463
2392216538
2414772717
2467473976
2471869967
2474501716
2487424155
2490688684
2495960447
2496598722
2512446073
2512967509
2537890293
2546932302
254978894
2555447635
2560994074
2562427058
2567157543
2597790696
2601657522
2609376118
2624818605
2636475716
2642448009
2653167538
2665601211
2675397800
2680344007
27024764
2703800505
2718483429
2725244806
2730301889
2739734421
2750523586
2756123530
2760326683
2762062767
276215146
2775792620
2790331309
281191220
2832158669
2840683050
2856922155
2859483189
2861271832
2870628568
2882302830
2887646297
2901041010
2904253294
2917099901
2931073584
2951830734
2952891472
2957441570
2972628533
2973862622
2976065218
29834853
2988991581
2997743735
2998690817
3024053883
3042327457
3043118599
3044825529
3050787713
3052118332
310986219
31127009
3124074483
3172713704
3188262959
3202884034
3207776953
3212801580
3221808943
3227330670
3264526035
3307207919
3308891481
3341377194
3349703863
3364840447
3371948596
3375127502
3389840171
3394296871
3400006997
3404525316
3418946617
3422051109
3430882249
3432374716
3461091607
3477803570
3487432650
3497646145
3520170747
3524661153
3545570746
3559676267
3565828436
3584089385
3584774107
3598979479
3605263975
3612027401
3621249450
3636638452
3654172328
3662380740
3694743608
3705775376
3725003597
3733510961
3735075977
3758962567
3762514437
3789765426
3799803298
3803959785
3816122259
382677721
3828165609
3862521372
3865562853
3870985655
3892546989
3895854302
3904942516
3907331134
391224030
3918872712
3924016337
3926578129
3945785529
3967711918
3977104980
4015349871
4026758234
4075920572
4083928038
4104429125
4107475826
4110534208
4110569164
4112441179
4114255797
4123534342
4127094929
4139722801
4153021153
4162142978
4187434449
419308587
4203684136
4237019153
4257153323
4259712162
426488096
4283907599
444942457
474431984
503023119
515153350
51567404
516526095
521401046
533991780
559312937
594610919
631827367
639995597
659080996
662494100
707520150
709921356
7328596
733431873
733820301
757821701
764137609
775904
783238060
783365911
801111926
802324922
82473888
832178324
860592102
877896949
883671838
887738575
891589788
913893485
919540198
922717243
929909709
933168286
940621438
944551955
944841580
958654581
962012971
980822215
983375977
989670103
