1119938382
1173755762
1293291197
1366111126
1377794229
1386211207
1428873161
1475640330
1502443369
1595622571
1642479322
1867988007
1919175147
1934041659
1999162278
2001936935
2052645686
2130399979
2183150924
2202634862
2246512222
2263377945
2319476702
2335799666
233974150
2360456762
2407714880
2423542344
2509212859
2536976838
2539140401
2585599847
2600415569
2601196063
2615572539
2662959015
2705242322
2767602757
279856959
2809369300
2850691345
2947731761
3005560579
3016838490
3019751586
3047258208
3068334113
3076640776
3078623233
309053312
3095792672
3109128884
3132875445
317177851
3203287530
3229326694
3232200578
3387488186
3436963311
3456067758
3501647815
3588759748
3596183559
3638179445
3653852194
365745802
3664137445
3740621874
3795711607
3924687486
3966416213
4014675960
404637898
4136445296
4183173629
4188261840
4218581679
4232699103
4257950195
447741152
531697987
59037953
598823051
624851258
689800395
810937690
925980857
938336957
958369683
999187421
