103551587650793
112595394456080
131983104563471
134490973449474
143123191999641
147184200187182
150493109781907
15186297602637
152650179246166
154800786718086
158904067847008
159855275161824
167621591145180
168992652097891
175264531048347
188076518209921
188442986308616
188571389739931
194861482003569
200078220452600
20235901341195
204220462307060
209235873379181
215942764369367
223336559430538
223529240857191
226007729242559
233210814419056
233949115684514
236290255775815
245260224586465
248373018410198
250465616646120
266751754009565
280421989429047
33963865118962
43658369906650
49127530458888
63836088579853
73625395235028
75234557084911
76255658320767
85585872353817
98033559166934
