103551587650793
112595394456080
116774805679890
126052324995756
129447260059014
133829805926583
139123093398143
141100365234282
142617496994109
147184200187182
150493109781907
150663325814807
152024615453086
158904067847008
168992652097891
175264531048347
176425765085374
187810358965491
188076518209921
188442986308616
192651614010388
194861482003569
200078220452600
202607221304542
204220462307060
209026747626740
210696348291132
215942764369367
219105669301644
223336559430538
231633528540153
233949115684514
235473367281189
236290255775815
245260224586465
261492706646960
262176797099395
268517702334787
280295367849603
33963865118962
34500198860437
42429601755243
61902277357541
63836088579853
75234557084911
76255658320767
86856384792021
94587682762452
95033037840631
