1012510856
1015910754
1019794615
1027972994
1043273282
1049922519
1054485384
1072319922
1080686588
1090292266
1091023159
1097235264
1102258758
1109663405
1126496844
1128523600
1136138525
113815953
1139810996
1146937553
1160055841
1173176069
1188240301
1195142871
1210193191
1230036013
1271193940
128907018
1296789938
1299544481
1332468571
1333290908
1339766289
1369719238
1399493742
141270972
1424050590
1461583737
1494974618
1527504453
1533990161
1547220473
1549159236
1562474441
1581426813
1586621624
1611155426
1613208452
1636098192
1638534870
1650603081
1652214616
1660684563
1664640423
1679710721
1691252989
169868308
1707410712
1711690855
1726322904
1728134243
1736563600
1746898030
1773105357
1782470773
1826979112
1828533694
1840453493
1842601923
1847857755
185814576
1870281817
1875708362
1882140883
1887047919
1893457504
1946415083
1950517631
1999695872
2000960539
2001898546
2014933643
2038336382
2040774861
2045498256
2049490520
2060765079
2077425020
2088488236
2089800775
2103606977
2120198857
2141130878
2155769455
2156600086
2177867484
219107574
2194753527
2194767232
2206147276
2211372555
2213021410
2219286686
2223262370
2284679849
2302689733
2339016663
2352571120
2391723122
2422660927
2447626747
2458145809
2465911496
2467892595
248508382
2497827101
2504817516
2525712248
2537393257
2548899948
2559581893
2569712844
2586396014
2597703641
2598790910
2627396904
263744114
2638230443
2639887766
266734728
2676377288
2691390692
2699396017
2700245026
2702869206
2739582393
2745963856
2753894972
2762211061
2771211258
2789731588
2798831212
2803001579
2804377602
2839244614
2840781731
2843422827
2856263857
2877908312
2880657938
292547183
2936680344
296507524
2995627967
3065137474
3065228226
30705436
3073201093
3087948524
3098078736
3098234812
3104793373
3109471815
3111652331
3116143296
3119396724
313897114
3157893882
3160572622
3165716150
3185336360
3188068856
3215801701
3216951197
3218916154
3243612291
3251960008
3264822820
3283527105
3287560610
3323787624
3327764727
3340900388
3351749291
336795862
3388069374
3400713098
3419633481
3420194163
3422234449
3440940459
3450555124
3451438572
3463693554
3468070162
3468922123
347249209
3475865385
3490404919
349158672
3504155429
3516463824
3525398475
3564989224
3575426365
358948142
3627714342
3630714913
3654603555
3658667473
3669824228
3677875714
3687631493
3704958964
3711016822
3716069921
3739306041
3746632973
3751774973
376337066
3768538093
3775727262
3783364919
3785652016
3789711243
380343616
3808575645
3812166563
3829562297
3831744301
3841445182
3842716456
3854249743
3865790538
3873569814
3882967243
3887110957
3927060755
3930736547
3950828195
3961958657
3963972768
3975392060
3996789727
4005451211
4021639475
4057665052
4059554222
4065286533
4072091490
411472835
4129792220
4179617527
4180399894
4188827447
4201864759
4208695343
4217704760
4225390360
4232972723
4250950080
4255084565
4263621052
4290906791
4294220448
440143635
464783407
474580238
492888883
497593804
49886053
509726004
510872902
545676743
553437837
565752726
568608999
573361919
58023316
582356394
596492743
605657790
621495342
638740973
645636807
648093091
670863323
706194716
709408269
742365062
742918884
776345627
785327273
796498057
818518380
823442721
835918648
836747372
843981605
85033283
889979374
890368367
896728944
920318003
934654460
936145432
947920820
96195161
961974871
967259421
96978164
980228532
