1010380547
1021513498
1063868939
1095968579
1119528921
1141433087
1155925769
1224289990
1272403464
1286826844
1385781892
1441824246
1600035117
1619172157
1695660308
1707304184
1710642849
1813245990
1945066175
1945639305
1956799048
1988948323
2052870920
2105287583
2150867958
2151918340
2180841236
2204688628
220938257
2243231948
225432637
2261522808
238391664
2387413298
2412650849
242911342
2529375670
2572791263
2685576710
2732639694
2821859408
2873272166
2873503188
2925257021
2932229244
2957105130
3016755639
3026446382
3035853735
3048184344
3060083222
30602733
3067755829
3131741439
3136216884
3276961192
3290916813
3328347182
3401804104
349961295
3518914919
3539101465
3629439046
3753197191
3767588366
3790630890
3811030101
3820876644
3850818817
394765301
3956708775
4009585908
404518931
4106079914
4137043056
4270379091
449202376
487477288
49254049
492598654
512909308
583308379
586809278
59956269
608572239
626535656
789176338
814911079
825064635
880694799
889373123
902914456
947859934
990989986
