1011927049
101481551
1015952561
1016308551
1036676286
1037467831
1039473612
1048819117
1054558621
1056424958
1062266843
1064391535
1068841464
1075702995
1081246489
1087199280
110075286
1102830436
1115237183
1117732496
1156097342
1201568602
1220967265
1269135490
1282538672
1293739681
1303259623
1309993467
1328274230
1344351257
1346625276
1357270091
1359107725
136504705
1369743658
1371341663
1381302037
1385478525
1389084697
1410661277
1413060089
1414605005
1423301559
1424379376
1424519485
1425548949
1430464342
1451542063
1464291080
1468570473
1471255438
1475553500
1493156967
1506444474
1512746030
1563396408
1565892537
1596841541
1598997808
160818772
1610434823
1611300527
163539274
1638050302
1658395851
1662931460
1681717140
1685124292
1687338062
170532314
1714947740
1721656711
1740152295
1742093596
174292070
1744849119
1747385516
17558421
1765732250
1775408266
1786190946
1804025659
1818475874
1820174371
184136569
18427353
1847864126
1855975971
1860673783
1864403767
1877911430
1900748313
1906193249
1914536857
191589066
1916864413
1919909233
1968331916
197368785
1995922322
2010177714
2021470566
2032828205
2051584639
205429230
2054325211
2070907013
2071988315
2084818117
2085473032
2121218211
2132576504
2145243922
2170892423
2194331182
2241591788
2251903654
226246911
2279479748
2285388521
2287492641
2300620832
2310400441
2316719961
2322719197
2337323159
2337768161
234141450
2343665290
2348123030
2356827243
2380933378
23892819
239835308
2399306808
2419639891
2421488288
2438470680
2449368662
2449796841
2460177089
2465558904
2470839799
2474684612
2481715332
2490414621
2497968037
2498565937
2502286911
251243237
2556594058
2587114722
2597273325
2602425865
2606894493
2611675627
2619736078
2622934522
2623150685
2632012687
2635255872
2669945006
2679742988
2683753557
2686719203
2697231626
2701789898
2706460292
2708913104
2738729464
2752133892
2753839556
2764377650
2769875664
2782851391
2783386419
2790617219
2803892431
280806604
2814069164
2867267982
2884130105
2899923212
2916994592
2917864704
2933189945
2960779352
2973062561
2976062808
2979528064
2981890080
2985614805
2989022216
299023665
3001488959
3003558293
3029135312
3060209639
3083185662
3102518035
3112151727
3129860207
3130274221
315516896
3172486603
3196375728
3209489097
3240859178
3247814714
3256558181
3269540605
3270074641
3272095267
3316627793
3320225939
3348673143
3354174897
3356725272
3358069208
3360962631
3362246228
3386913697
3402532230
3402902670
3405140048
3406871809
3411398797
3447229661
3447444485
3451154031
3453525717
3453991081
3454478610
3457927286
3484729175
350216891
3565422685
3597092168
3599840707
3625403192
3651475907
3654321608
3657757276
3677107274
3684145172
3735910701
3743065136
377101596
3780034337
379269121
3796002971
380284525
3807202843
3809603509
3823536753
3825903748
3826335406
3836955450
3862677940
3864604656
3891596049
3913362290
3920336412
3944368367
3947075336
3948209597
3965537707
3970673127
3995159883
4000721724
4006271919
4010201637
4021873587
4036920296
4041190656
4051924655
4071375536
408434589
4092042537
4094807848
410679147
4106936985
411420700
4117908912
4120803037
4140553355
4143882823
4144234121
4150611804
4168369641
4169704609
4177138920
4187185232
4193185534
4195948825
4207666571
4224692600
4229884054
4239904106
4280246063
433083954
442884233
447895103
472161887
483149681
49087356
513440386
51768254
523517539
534465738
539394081
546368125
548992844
568043718
569074863
58833462
596736555
598209174
618847825
625604180
639844444
643843750
708953093
711790658
720117390
736466110
743885261
750475050
754424643
79324440
795618636
798474011
833577188
834631349
846931475
852882413
866520705
880993360
917856706
924992608
931266655
956026473
980071200
980734767
987804827
991992886
