102971810439952
112547371804640
121679806082233
122578439077099
1251846467259
135696220129581
136622054401524
156320547942921
180936431762715
184343225779402
19662298065653
196871435653269
196897770654916
211238973579540
214120382372906
219108580771861
232090014558475
239180697591759
241269518064278
242357645205524
246642783358
264469494640209
268945351466657
271643203754720
273823279966666
276113708939427
47454258215133
50603653617256
55496674509585
65150281035305
82467807611354
85952236534583
88328648916025
99198153851408
