1111610268
1123474423
1165650967
116663230
1216842387
1260981993
1305565477
1336789569
1347246016
1379092035
1411711041
1561814963
1592267196
1634958081
1640964773
1675577262
1751078164
1771258655
181093183
1811609131
1884292493
19553575
1970242359
2105123656
2187061213
2218341887
2438501553
2451396255
2480759889
2512952936
2518658773
254606550
264916905
2714202181
2735573540
2764181234
2775583257
2795912805
2820551855
2852000748
289424089
2900366282
2943040755
2955046087
3025072519
3083911861
312329835
3152809083
3191484377
3406455964
3449110032
3469186999
3563480778
3571963275
3632944482
3667625724
3709990031
3781597148
3855898414
3865502840
3881928938
3949645540
3975509249
399554461
4026486955
4059615501
4068132080
4077822955
4093830211
4130279637
421196823
4234786905
4244701954
478002915
579076783
593523213
665452243
824388329
87873457
974852531
992857926
