1018319799
1072820097
1080255513
1081137742
1170322842
1300398494
1306917703
1380972869
1393861165
1433517958
1524608911
1546713077
1563099658
1587663683
1599497697
1603009676
1618844266
1696858136
1750762522
1760049217
1824263432
1827074402
1839532771
1918333357
1949388438
1984499820
200531268
2019075592
2071896642
209423971
2101692422
2165654052
2215856483
2218850373
2246386975
2323009286
2400487632
2400679925
2460529081
2471008536
2617232652
2668908704
2671294781
2722574212
2807941599
2886757307
2927653
2951424549
297446557
2987208908
3008264924
3029284795
3042663715
3060052097
3131250618
3152002091
3154061138
3163335199
3174225404
317835792
31787891
3190905312
3201550599
3203467814
3215803895
3298730349
3302643004
3313965149
3336519767
3366349350
3501716016
3607308554
3662133957
3793432175
3821062920
3825163990
3830928077
3853034657
3893687093
3893789095
3913335997
391514223
3955177609
3959635421
3989927093
4011582777
4078228952
4094887796
4096662668
4131466495
4152319222
4201314583
4214263787
4231587638
4244748406
424640136
491007216
497773130
502943161
627351613
631884831
636594321
652352533
657159600
719566326
760678273
769317654
812257906
827522288
853678856
906670110
909220560
