1001551223
1024403219
1040340625
1044121673
105348480
107816150
1105803774
1105957134
1108099637
1154546832
1163816280
1213789717
1244519539
1300625117
1316441666
1325971490
133272446
1334717192
1349957339
1350940547
1387881935
1415032193
1421208666
1486688898
1492982082
1503403078
1504794678
1523324677
1579572385
1583277616
1590929829
1598538382
1612638641
1650814417
1678920693
168876542
1726781324
1746783403
1758739950
1791125663
1792868662
1892729992
1904171970
1907590846
2007635586
2084008243
2122846963
2182372930
220362558
2293730928
2294011121
2305656763
23209739
2338891118
2373085008
2422231669
2424509213
2523278678
2523514772
2575182060
2579392388
2587726553
2618640466
2658509060
2665620773
2692685187
2732676345
2755196133
2866040118
2882038666
2966974589
2985954081
3014362259
3035938997
316153145
3168671971
3228945193
3317163201
3324336831
3406860613
3412870170
3424263224
3469788272
3493798463
3624098522
365247083
3674090113
3680588469
3727184340
3829794280
3843336951
3887921050
3926458890
3942709247
3966633391
3992352482
4015644278
4054822689
4074275304
4087295411
4090278135
4124404947
4140221521
4176455429
4195259769
4213978138
4269766954
4282132312
4282370388
431781204
445285757
496514671
548909588
577536453
590724673
613766068
616898922
619258031
667344334
680431943
703875660
766124346
772015736
812798025
819254274
827455563
847356297
883942035
914884676
937162645
954261036
