105381686
1075634552
1192982918
1221636263
1359807960
138700070
1418920536
1421665760
1435829441
1517158342
1526958164
1531823198
1559453371
1598424826
1671237997
1679103496
1761909282
1808781205
1822036322
1866123702
1903842411
1975479893
1984779911
2061312506
2063139504
2068644321
2132922898
214833647
2214195588
2273525450
2356605630
2433836689
2442644501
2451680123
2506842629
252649808
2539161532
2608060508
2769574530
2788362660
289032915
2908059815
2949861658
3053230701
3094866201
3096376040
3114746127
3152217133
3170238398
3197933249
3240862775
3274096745
3277456155
3314482872
3329217022
3442669996
3474055998
3549516751
3560649740
3582018961
3640294539
3660871287
3758996978
3828562257
38726316
4007538717
4099534769
4115676932
4138765698
4158480738
4173994780
4230367242
491026609
529964766
588901239
593522755
631696583
663442142
664759767
755833967
791435598
839372513
942856086
951819985
991740311
992120631
