1006220795
1046743543
1051073358
1076735164
1130129609
1132069551
117524394
1221530142
122376108
1380269183
1439070426
1537777502
1576263104
1656944243
1719372552
1729818779
1736522703
176404178
1768803248
1865008843
2020067799
2062516325
2191487046
2216595634
2217549956
2298937861
2313427443
2427589432
2448492304
2477556261
2515432270
2582011041
2602330786
267079309
2734803895
2748771321
276621804
2775943387
2910979577
2918424568
2946217219
3049915787
3194621771
3241784183
3285487124
3306462864
3427318032
3445605959
3480539346
3507065442
3508377518
359928855
3629766303
3647387437
368770698
3688063842
3771703171
3976085101
3994025864
408651819
4225494224
4237783549
4247849214
4279925044
4291318422
481207055
675570500
827224867
862107166
956470967
996558403
998489186
