1190926988
1204877278
1232625145
1235289514
1275190009
1321535225
1340126914
1343973059
1449739750
1451752598
1490970368
1501432826
1507456733
1508447652
1528115586
1546451438
1551954794
1580834332
1587041395
1602076768
1652787948
1666313346
1709368069
1757633323
1829743599
1881175735
1896339068
1924237105
1979680404
1998381437
2016880550
2031247757
2044155776
2079481694
2126272041
2136802283
225667684
2260153116
228147143
2330193686
2334677420
2390366653
239124013
2448163341
2472461488
2516193892
2528322782
2533966534
2562361899
2562455740
258822775
2601047479
2603713503
2610831702
2631755628
2640315554
2654449218
2664706830
2677651578
2679327576
2725254368
2797685495
2814685641
2818899680
2829508865
2847553246
2917261854
2973827160
3007830655
3068758821
3107912927
3141594201
3144786598
3145730685
3161661278
3188582555
3199785227
3250520056
3255345192
3280863724
32850711
3316364877
3335617545
3398417896
3423317276
3459314393
3490445328
3592528446
3596854783
3624354647
3624420621
3631151324
363444580
363663722
3666049999
3669116257
3719319111
3725042258
3727205230
3804153730
3824076728
3876279687
3908955912
3929822449
3970451373
4007088880
4026127070
405991749
407207616
4084913225
415827812
4209260480
4212553566
423250163
4277020204
447224673
596468109
596822243
645714973
664862884
678031194
692485474
698839159
701399692
722140584
732960722
795679940
80075525
853232010
857501626
86986036
900324835
936283491
978630964
