1014619754
1133735928
1189968000
125857020
1279733233
1281620709
1382525734
1403572257
1405635425
1418462098
1420395778
1498063243
1508656950
1606511796
163176954
1687883097
1696605253
1697974667
1732358702
1769415575
1793988284
1794726322
1816542904
1901395081
1979801362
1993840907
2013791552
2069526268
2139275397
2180922601
2223358497
2292385920
2345847042
2346748769
2422131176
2468952850
2478686926
2510170705
2518763386
2542620232
2620096331
2646030297
2756262412
2775826057
2813724508
2814365784
2896727520
2941838576
2955234186
2984671198
2988360700
3004261154
3015240958
3015695940
301728039
3033128099
3046566646
317323484
3179433182
3198229952
3199963291
3259761286
3271554292
3291907945
3315804465
3337860810
3351665192
337509571
3376889921
3405919961
3444440841
348592727
3518789867
3548626921
3581746932
3589858952
3618053254
3625009171
3671163288
3728207359
3736811205
379830532
3828688047
3847460784
3911307370
3921884329
3930422288
3944557410
3958245198
3977095843
4040918899
4109768578
4188383724
4208747396
427085257
4288240346
503086910
544131208
563205250
601621605
649558166
767549736
930283567
936768756
982690749
