1010984500
1017796034
1096717493
1105625823
1270514725
1298201660
1298726360
1355913427
1440511073
1555167621
1566647950
1583106942
1625797884
1696163261
1907231124
1932442072
2002866374
2022866088
203325212
2064765337
2103560514
2182599896
229596798
2299612728
2413849993
2430611589
2511796211
2678465586
2684896741
2723862005
2810764464
2876988331
2910962479
295166709
2962208666
297312152
3027235334
3124736149
3160253643
3193357039
3243967084
3356629312
3444879652
3510682047
356287958
3623783712
3794437707
3865917975
3975410605
4007150107
4088934045
4172005335
4218855696
4268048494
440437518
443075494
497171326
551000553
554614040
626706957
69873407
757416219
842573942
871659918
892639250
