103527995015443
111532739229771
113654095259592
123805504514662
126476135450692
148623688510396
156630497836860
161681561395442
171703900108331
172018375577270
179918088462596
18376142819906
188952238114548
191705652194926
203749501420597
212382771090211
225235681847876
226621050677063
230689142224532
234522272746273
253569988505605
254483560494732
25903042937753
260921770713634
268108021968554
276870445956340
29371001903618
31434017880564
37210700340071
39138246012651
53867582131589
56608165333085
59545742779468
63147407603396
70680129150165
73496677389475
87509305024685
