115592265293740
116783309821718
118724489350462
121963641532322
12350300732367
124991590051091
125389948084298
128058168186230
138862384628954
14145166428755
151266587560836
158904067847008
159612990107666
161476726398649
168992652097891
172945958434132
175353924801430
176536787942040
179639646103529
18861291893066
194861482003569
195723853452461
196041158703495
196712768624846
201291875594942
201364079109355
208041572010698
21511599430025
217190230676734
223232490822606
224148875368289
226960125313239
241871916632085
246353398790100
253803562353937
256797933433884
260872129671886
261100054866335
27222260885642
275502640717851
29037498342392
32382926879167
33963865118962
44660790203194
52233807364461
65350147929415
85415722367470
87500708282263
97033820443727
