1031152716
1097302736
1112754922
1117661697
125855772
1340323851
1376563606
1410458869
14932369
1528213952
1714317683
1746829457
1779368278
1780766430
1791698557
1819416447
1834163165
1839689538
1871104837
1878093827
188955972
1891539226
194277442
2058557966
2088499807
212697705
2171635984
2176694295
2257870660
2278665640
2359023012
2376063878
2386062188
2615536651
2682010502
2754017762
2760135483
2804275638
2864218801
2889410027
2928879212
2999603361
3004526581
3009872711
3062408749
3097727617
3156651112
323290793
3298388814
3314594322
3319826904
3455818928
3507225585
3529771952
3558739997
357703054
36566227
368076347
3716499282
3790405347
3941350381
4229928020
423991166
462523990
473863844
548406241
617547330
703728099
751654335
873184079
886809737
986372059
987590121
