0
1
10
1005453371
1011810363
1013841979
1024
1028
1032
1034
1036845115
1068564539
1082654779
1096482875
1143210043
128
1290
1357971515
138
1438777344
1536
1546
1551564800
16777217
1688666171
1690828800
1700986939
1749745723
1889384352
1963327547
2062876731
20739
2147418171
2170355771
2190082107
2195587131
2222587963
2398093312
2406678528
2505441339
256
26
2635792384
266
2679242811
28
2838429755
2855075840
2858221627
2863333435
2971926587
298
2993356800
30
3026255872
3042312251
31
3111845947
3113811968
3126919227
3172532283
32
3205930904
3299344443
35
352714811
3531407419
3549430958
3574005819
3575906363
36
3609919547
37
3752984635
38
40
4031512635
404553787
42
4210425915
4225237051
4245225531
4255187003
45
5
50
522
55
606339131
631242811
80
9
