0
1
10
1000
100140806
100337414
1003749855
1003815391
1004249529
1004536767
1006371295
1007485827
1007550583
1007878323
1008324608
1008533983
1008904185
1009128641
1009648095
1010827413
1011551037
1013583372
1014105862
1015023366
1015939191
1017120398
1017446579
1017578371
1017788064
1018889151
1019150515
1019543671
1021575287
1021707199
1021870789
1022493151
102368430
102381875
1024
1025
1026031735
1026032095
1026490547
1027473527
1027604659
1027998175
1028653535
1028654974
1029440387
1030684731
1030750507
1031441089
1031537599
1031602235
1032782303
1032847419
1033568375
1034879155
1035010527
1035665467
103612895
1036714283
1037175133
1037894351
1038679908
103868400
1041575336
104202599
1042679558
1043794269
1045103191
1045364915
1046548997
1046625382
1046745344
1046938079
1048051771
1048610181
1049075088
1049757680
1049953694
1052968110
1053094000
1054015967
1054147519
1054688159
1054736863
1054802219
1055195615
1055261271
1056337792
1056833715
1056933000
1058275807
1058277246
105906655
1059389919
1059392791
1059520871
1059558466
1060045279
1060307423
1061028139
1061879927
1061880767
1063259724
1063649759
1064113832
1064894943
1064973296
1065353395
1065396512
1066047984
1066295307
1066557854
1066964584
1067430134
1067778287
1067843643
1068040431
1069418667
1069724536
1069744191
1069810623
1069811342
1070334431
1070794622
107088221
1072433501
1073610811
1073676347
1073676767
1073677486
1073741883
1073742003
1073742303
1074528555
1074927465
1075250650
1075840774
1076312712
1077018803
1078254907
1079181791
1079312863
1079509171
1079771615
1080301417
1080644234
1081999839
1082132230
1082217248
1082652394
1082723890
1082772235
1082884270
1083114431
1083218208
1083572283
1083572703
1083728403
1084278261
1084372243
1084424671
1085130797
1085146886
1085759903
1085781189
1086837922
1086849203
1086955438
1087701111
1087963195
1088619994
1089208499
1090127622
1090322611
1090605600
1090643986
1090958489
109117559
1091176198
1091740024
1092026487
1092224774
1092354287
1092830832
1093020785
1093992927
10944991
1094926626
1095464423
1095565791
1096483295
1097475266
1097533190
1097859551
1100284203
1100481351
1102250463
1102447491
1103102131
1103298799
1103364335
110362923
1103692255
1103823147
110428639
1104555663
1104668754
1106510783
1106622685
1107493223
110821855
1109342635
1110508718
1110640510
1110725289
1111097583
1111159597
1112777733
1112788930
1113009460
1113161547
1113180326
1113326167
1113458084
1113503585
1113507926
1113508612
1113526136
1113526190
1113526202
1113527433
1113535616
1113535818
1113541508
1113541655
1113568691
1113579532
1113584264
1113596805
1113608510
1113619679
1113619684
1113630861
1113686961
1113717281
1113741098
1113744002
1113744745
1113747039
1113749285
1113780410
1113790016
1113917310
1113990755
1114030377
1114480632
1114534864
1114623674
1114762860
1114942963
1115147273
1115226591
1115358023
1115371618
1115690706
1116099797
1116144133
1116150664
1116177299
1116182129
1116227540
1116246460
1116255413
1116271201
1116288815
1116314846
1116337432
1116337682
1116338858
1116343632
1116350068
1116352472
1116355445
1116357176
1116358168
1116366191
1116368101
1116372044
1116380851
1116392716
1116400281
1116405634
1116411881
1116412451
1116423234
1116452692
1116453242
1116454804
1116461657
1116462491
1116485680
1116493496
1116496698
1116507676
1116521922
1116580305
1116588357
1116591374
1116597142
1116603413
1116604206
1116611662
1116614775
1116618458
1116625699
1116630667
1116633848
1116637752
1116640591
1116645021
1116683387
1116688605
1116706044
1116741620
1116748031
1116748291
1116810093
1117195938
1117275778
1117290034
1117336670
1117434810
1117590543
1117711121
1117825575
1117879933
1118241966
1118362378
1118633395
1118701318
1118731567
1118732112
1118732440
1118745322
1118779745
1118782701
1118804149
1118809717
1118810197
1118906431
1118976860
1119156840
1119176570
1119307255
1119416121
1119617503
1119750014
1120010479
1120011199
1120600303
1120647914
1120846231
1121025464
1121124831
1122107631
1123156447
112329183
1123484187
1125394324
1125647834
1126153699
112656863
1126632749
1126785640
1126957235
1127017988
1127079980
1127087791
1127426060
1127815108
1128061415
1128079136
1128117042
1128136908
1128160401
1128203021
1128208181
1128219195
1128223187
1128246679
1128256934
1128263516
1128294133
1128294903
1128320675
1128323937
1128350969
1128357684
1128361155
1128362852
1128401094
1128480377
1128484005
1128498663
1128498948
1128532843
1128545358
112919726
1130557525
1130758623
1131495476
1131542975
1131553819
1131663318
1132107038
1132514290
1132719335
1132739272
1132767271
113318936
1133206938
1133412764
1133985479
1134023749
1134063238
1134091150
1134157478
1134222441
1134257473
1134295037
1134356681
1134378174
1134494071
1134576366
1134580502
1134684576
1134690801
1134759284
1134994954
1135077294
1135112582
1135114262
1135117081
1135139541
1135303161
1135391828
1135411679
1135416719
1135575278
1135580916
1135660633
1135690218
1135699020
1135734437
1135844010
1135856580
1135960350
1135996047
1136017215
1136039347
1136039806
1136056700
1136090844
1136104551
1136104756
1136105682
1136121977
1136137410
1136194644
1136203797
1136216022
1136229123
1136250206
1136285920
1136305932
1136311832
1136316582
1136334036
1136359681
1136369452
1136380463
1136395019
1136425889
1136427877
1136428481
1136443231
1136445914
1136471159
1136471702
1136474003
1136476185
1136486788
1136497436
1136501298
1136547747
1136559332
1136691796
1136749611
1136792133
1136792413
1136846772
1136891474
1136906767
1136992222
1136998817
1137009513
1137052633
1137061487
1137100644
1137111531
1137129676
1137149035
1137158768
1137194813
1137250347
1137299009
1137337414
1137403800
1137441710
1137507436
1137517823
1137552933
1137577923
1137646804
1137652014
1137682326
1137697325
1137714623
1137822146
1137836091
1137837457
1137839994
1137840884
1138037831
1138066502
1138069937
1138162103
1138254949
1138295263
1138322895
1138563759
113901867
1139519896
1139541766
1139676506
113968063
1140008900
1140130271
1140179996
1140549150
1140588588
1141194151
1141198978
1141199946
1141216616
1141229552
1141231153
1141265975
1141404898
1141762180
1141930454
1141992638
1142030575
1142035704
1142074922
1142091361
1142194032
1142220304
1142229686
1142250527
1142427536
1142462771
1142548242
1142624053
1142728259
1142728912
1142729003
1143130736
1143317307
1143332434
1143473566
1143482157
114360439
114360619
1143655038
1143670534
1143690303
1143696899
1143707299
1143768802
1143775335
1143796262
1143819557
1143821951
1143831186
1143838124
1143840767
1143861493
1143891104
1143893450
1143915935
1143923241
1143923443
1143946891
1143972627
1143973216
1143996895
1144012331
1144060309
1144063518
1144070679
1144083109
1144125233
1144162225
1144170228
1144195265
1144205950
1144234223
1144286512
1144372962
1144394464
1144408353
1144417740
1144443724
1144503836
1144518085
1144546752
1144563404
1144564362
1144609798
1144644862
1144645001
1144656155
1144658356
1144677086
1144737316
1144759068
1144767614
1144792330
1144804850
1144828510
1144872101
1144909886
1144991309
1145022989
1145085699
1145124602
1145133564
1145140053
1145143013
1145180801
1145241959
1145242079
1145307152
1145366168
1145384761
1145437614
1145438690
1145453332
1145498741
1145511892
1145519997
1145552033
1145563893
1145574258
1145583670
1145589197
1145590249
1145598385
1145599872
1145652743
1145657255
1145712900
1145729467
1145760895
1145761558
1145768044
1145844045
1145913588
1145941020
1145969916
1146027657
1146043435
1146084711
1146110344
1146113942
1146145492
1146177403
1146248641
1146314601
1146442101
1146472032
1146524739
1146575651
1146600909
1146623920
1146639881
1146646768
1146666207
1146678905
1146681317
1146705967
1146735279
1146735529
1146736176
1146770400
1146782229
1146802351
1146802953
1146854849
1146857689
1146871490
1146907871
1146929122
1146938958
1147076154
1147131319
1147161023
1147171091
1147221280
1147229048
1147239610
1147246312
1147250927
1147285640
1147286575
1147334025
1147356670
1147373852
1147375906
1147397624
1147400345
1147402526
1147408599
1147410789
1147420333
1147425918
1147429992
1147437056
1147449920
1147450389
1147466748
1147469597
1147469623
1147488303
1147488566
1147489489
1147572320
1147594733
1147596250
1147601026
1147611557
1147633934
1147662442
1147666432
1147673207
1147698370
1147698772
1147710406
1147718200
1147732147
1147752942
1147830272
1147894446
1147928576
1147953433
1147963415
1147989793
1148059648
1148065825
1148079691
1148086522
1148125184
1148161883
1148163458
1148164960
1148183318
1148184443
1148190720
1148223481
1148258174
1148266589
1148298719
1148427821
1148442315
1148483892
1148500858
1148506389
1148521598
1148527452
1148551168
1148579961
1148587339
1148595437
1148597923
1148599160
1148603587
1148644086
1148649472
1148652992
1148691011
1148717113
1148721549
1148745519
1148746525
1148846080
1148913442
1148958876
1148977152
1149055648
1149272655
1149347710
1149348752
1149353984
1149373114
1149435858
1149445776
1149527080
1149534208
1149566914
1149571633
1149575732
1149579269
1149583360
1149588608
1149604370
1149613313
1149651433
1149652440
1149653206
1149681664
1149691037
1149710527
1149734833
1149759325
1149784760
1149800821
1149845504
1149846215
1149878272
1149918182
1149943808
1149970814
1149977228
1149992960
1150018067
1150020024
1150039079
1150045319
1150045601
1150068862
1150069128
1150122113
1150124032
1150152253
1150159417
1150174859
1150184733
1150221266
1150222575
1150241248
1150271607
1150273342
1150296323
1150311770
1150335466
1150348663
1150386225
1150386702
1150409235
1150433549
1150445914
1150489049
1150491586
1150518998
1150578060
1150622796
1150626558
1150633041
1150646117
1150671186
1150675084
1150688574
1150716210
1150718272
1150727307
1150735750
1150739786
1150768004
1150773395
1150774973
1150779740
1150786613
1150787806
1150795325
1150812402
1150813958
1150814068
1150816239
1150817276
1150818112
1150818922
1150819447
1150822457
1150834951
1150839165
1150863450
1150865185
1150874378
1150876431
1150882032
1150886305
1150891603
1150895128
1150899458
1150902149
1150907596
1150919349
1150920837
1150924332
1150924468
1150937975
1150941277
1150970818
1150997630
1151004013
1151020336
1151021007
1151022774
1151025969
1151031338
1151034132
1151037419
1151037507
1151041628
1151054458
1151054832
1151065210
1151076709
1151113567
1151133467
1151147549
1151166584
1151168239
1151184061
1151202236
1151216638
1151223073
1151228869
1151236044
1151267266
1151290178
1151334698
1151336747
1151348596
1151356044
1151369263
1151385086
1151391544
1151417995
1151549133
1151551214
1151608840
1151671647
1151684592
1151698025
1151759262
1151852365
1151884478
1151892244
1151948293
1151951156
1151963114
1151998014
1152040130
1152052965
1152061635
1152078139
1152092479
1152132066
1152133865
1152143749
1152159314
1152184765
1152191773
1152210285
1152237359
1152269942
1152367054
1152450220
1152521904
1152548858
1152556709
1152618110
1152652432
1152780956
1152782477
1152909791
1154023663
1154751691
1154779707
1154800670
1154859650
1155120444
1155122122
1155131095
1155141177
1155160907
1155172554
1155203551
1155286214
1155302557
1155385670
1155430043
1155440653
1155454887
1155474933
1155509906
1155511193
1155521102
1155535849
1155535881
1155569363
1155580072
1155596824
1155604422
1155606444
1155607688
1155609374
1155621068
1155628021
1155757663
1155769843
1155773843
1155774414
1155785940
1155789070
1155811303
1155811939
1155860032
1155867891
1155969382
1155970573
1155970742
1156180530
1156251887
1156613957
1156636002
1156652680
1156653850
1156763724
1156844691
1156851883
1156864132
1156897367
1157039704
1157118801
1157140394
1157141040
1157174667
1157206804
1157212154
1157230345
1157281729
1157303166
1157308203
1157340252
1157363169
1157365999
1157409600
1157423247
1157438667
1157444995
1157504919
1157628383
1157630580
1157635532
1157650210
1157653996
1157658194
1157683465
1157698566
1157724514
1157728073
1157789071
1157789941
1157864757
1157866059
1157900029
1157905520
1157973153
1157993458
1158035878
1158038777
1158052928
1158067664
1158072282
1158073035
1158087242
1158089888
1158091400
1158095097
1158100000
1158102046
1158102120
1158103510
1158103671
1158104318
1158106506
1158111913
1158114152
1158126669
1158129289
1158130666
1158133141
1158133306
1158133379
1158137862
1158138423
1158153015
1158165065
1158172416
1158185323
1158185398
1158186903
1158205852
1158219821
1158219840
1158225524
1158234347
1158234608
1158234685
1158236790
1158238075
1158241163
1158243516
1158248732
1158254263
1158305707
1158306271
1158324434
1158324447
1158324538
1158331313
1158334100
1158364207
1158365837
1158378613
1158381601
1158483417
1158567767
1158642934
1158667451
1158668223
1158685248
1158689915
1158693422
1158706041
1158706225
1158708126
1158708151
1158713111
1158734676
1158753878
1158782811
1158810017
1158812573
1158850203
1158853125
1158853924
1158854565
1158857719
1158857771
1158858623
1158860791
1158866172
1158871933
1158872189
1158876724
1158878183
1158897400
1158905692
1158909352
1158909532
1158927115
1158927243
1158929083
1158929573
1158929686
1158930566
1158930972
1158937078
1158942246
1158945793
1158967634
1158968132
1158968530
1158975928
1158979218
1158980419
1158984356
1158988191
1158991446
1158994431
1159038736
1159096288
1159134813
1159136536
1159137629
1159144953
1159410226
1159416047
1159417024
1159424575
1159448844
1159466786
1159470808
1159478513
1159550334
1159561778
1159570089
1159575165
1159588263
1159597012
1159648286
1159714718
1159748920
1159789822
1159804096
1159812891
1159845374
1159845581
1159855528
1159865423
1159867406
1159869276
1159870536
1159883771
1159895228
1159916194
1160239914
1160299308
1160308683
1160368741
1160425507
1160453300
1160708575
1160709774
1162346975
1162675974
116392895
1165886399
1170604511
1170670047
1172162292
1172339382
1173225951
1174667743
1177354419
117769630
1177830720
1179524120
1180127
1180287341
1181090271
1181090751
118163805
1182335935
1182663135
1183383851
1183509310
1183777966
1184235999
1184433926
118489147
1184956655
1185678271
1186398687
1187185359
119
1190176663
1190330667
1192187980
1192822174
1194852831
1194854150
1194918067
1195422658
1198
1199636539
1200
1200228701
1200751071
1201078451
1203765607
1204617995
1204683231
1205535199
1205730069
1206453123
1206846039
1208353247
1209336287
1210515695
1210712303
1213268087
121438687
1214908286
1215562926
1216349958
1216873347
1217331379
121896960
1219363415
1220280799
1224253232
122487383
1225392607
1226900894
1228604351
1229259051
1235484971
1236533487
1236861287
1237583622
1237993986
1238523067
1239102122
1239181218
1239613739
1239941239
1240076028
124190779
1242169823
124256435
1242694111
1243021551
1243415007
1245053167
124649951
1246823359
1246953951
1247609011
1247805919
1248985267
1250164975
1250952846
1251475635
1252196471
1252655583
1252656063
1254293623
1255669819
1256130310
125632751
1257373815
1258357934
1258619839
1259405491
1259667575
1259995375
1260847343
126093062
1261437407
1261634015
126227730
1263403487
1266155759
126683006
126754046
1268647326
127107652
1272062729
1272121214
1272381679
1272709359
1273364719
1274480510
1275399835
1275696252
1275846627
1275855327
127860855
127866729
1278804267
128
1281425467
1283981791
1284310790
1285424902
1285723121
1287784078
128975327
1290398099
1291780395
1296039936
1297029849
1297481967
1299906799
1300496503
1300693471
1301873239
1302135083
1303707887
1304233134
1305737163
1306003206
130679263
1306794353
1308164275
1308426539
1309418380
1311703999
1313865847
1314522047
131596767
1316749791
1319436467
1319502603
1320878559
132280205
1323073663
1324156078
1324286431
1325596851
1325596971
1325597151
1326646027
1327169775
1327217007
1330840451
1331822711
1332216767
1334116651
1334444271
1335821786
1338048991
133817647
1338180063
1339752507
1343095982
1343160439
1343226095
1345912951
1349648803
1349845891
1350303923
1350764294
1354170847
1356202883
1356579233
1358102767
1358103007
1358300934
135856427
135856847
135916046
135921723
1360724567
1360800187
1364283541
1364328687
1364475638
1365181135
1369310345
136972038
1373045215
1373964158
1376256059
1377632735
1377763567
1379774485
138
1380516319
1381828358
1381963505
1383335086
1383530615
1383530975
1384785115
1384972647
1385885867
1385891590
1386283487
1389167491
1389363379
1389690939
1389691059
1391789830
1394748443
1395392751
139657695
1398603895
1398604255
1398605574
1399063007
1399128363
1400373487
1401094263
140247099
1404502495
1406665183
140771807
1408041079
1409155671
1409155971
1409417695
1410568347
1412235323
1412563903
1412957838
1415119327
1417478383
1417806423
1418855359
1420558815
1422983647
142541998
1428489690
143000271
1430454751
143131103
143131223
1431633979
1431634399
1432682975
1433142207
1433403511
1434583339
1435501023
1435764486
143786463
1438253235
1438521193
1438581215
1439368127
1440458978
1440547775
1440678367
1441858015
1442381943
1443173051
1443883831
1444348203
144507359
144703967
1449525427
1451099610
1451229952
1452605739
1453233614
1454113307
1454164286
145424563
1454834143
1454966534
1455816943
1458570654
1459421423
1459618271
1460273631
1463086693
1463287987
1463419359
1463892763
1467285743
1467417055
1469057972
146997727
147128799
1472594399
1472726190
1473140396
1474626015
1475740127
1476133343
1476199299
1480065503
1482752479
1485774396
1486029998
1487929943
1489109231
1490158047
1492977414
1495204079
1495531819
1496318431
1497956531
1498
1498546295
1498808799
1499005167
15
1500
1501562630
1501626847
1501889411
1503199711
1505042877
1505100375
1507407737
1508180867
1510457475
1510670815
1510867423
1511784567
1512474304
151323103
1513619515
151388279
1514668511
1516437623
1517092983
1517094302
1517224535
1517617391
1519190495
1519387103
1521287647
1522467295
1522532831
1522992542
1523057119
1523318963
1524957243
152630599
152699359
1527644819
1528890303
1530855903
1532756447
1532887279
1533935675
1535901935
1537000417
1539387088
1539506655
1539572191
1539966962
1540021842
154009779
154010079
1540424159
1540867723
1541013683
1542455775
1542717679
1544618163
1544946143
1545340078
1546
1546383627
1548031849
1548484847
1549271939
1549327659
1549469446
1549861343
1550123487
1550255758
1550844803
1551827423
1551828742
1552482783
155387354
1555236014
1555303049
1556938871
1557107627
1557397563
1557856735
155910623
1559953707
1561592287
1561985143
1562839389
1565000159
1565716924
1566006497
156762351
156762591
1567883383
156894982
1569067707
1569194463
1569325115
1569961279
1571161862
157221043
157221343
1573519839
1573528954
1573537441
1573585075
1576010327
1577451579
1578632366
1578696883
1578697003
157941819
1580728799
1582123217
1582498990
1583153751
1583286022
1585053755
1585381495
1585840607
15860491
1586955139
1587021274
1587677233
158859623
1590297115
1590689792
1591935575
1592853439
1592984511
1593574095
1594819039
1596540347
1597114238
1597178275
1597768159
1600194310
1600848771
1602290143
160235759
1602486331
1602683479
1602814011
160564638
1606616958
1606879102
1607074810
1607139447
1607532723
1607860283
1608124166
1608255837
1608517502
1609762566
1610023151
1610023391
1610547259
1611990190
1612711086
1616787401
1617161316
1618544510
1619447127
1621230047
1622737375
1622808425
1623261303
1624407257
162463983
1625424351
162595295
1626407151
1627586679
1628440326
1628899198
1631793541
1631847598
1633092782
1635975347
1636959167
1637417439
1637744699
1639580127
163971191
1640366559
1643380795
1643762920
1643840087
1644954079
1646395871
1646592479
1647509683
1648296415
1650460422
165216735
1654260011
1654784059
1655505015
1657274847
1658257467
1658651583
1658781875
1660348622
1660355039
1661141051
1662859857
1665402510
1665926918
1667105007
1667957215
1668022751
1670119903
1672806879
1672872175
1672938670
1674772959
1675100639
1675351946
1676019582
1676804395
16777217
16777985
16778241
1677854590
1677984223
1678311663
1678442555
1679687739
1680801911
168165615
1682179846
1682270646
1682703295
1686046110
1686176643
1686498315
1686700511
1687357190
168821695
1689059387
1689126662
1689256055
169083179
1692083765
1692140479
1693581791
1693909891
1695547871
1696071919
1696073478
169608127
1696268767
1696334303
16974303
1699021279
1699023197
1699486744
1699742595
1701249983
1701380995
1701708255
1704055
1704263739
1705314054
170656043
170918847
1709253266
1709574014
1710098062
1711014007
1711407283
1711472879
1712521695
1714028723
1714749619
1717961183
1720255902
1721827507
1722155487
17236087
1723794606
1724121207
1724252639
172491711
1725235559
1725563359
1726349791
1727015797
1729692127
1730740463
173081055
1731789279
173605583
1737688958
173801951
1738821432
1739326638
1739522527
1740505207
1741095811
1742012330
1742471647
1744503383
1745551479
1745944815
1748435123
1748895614
174916063
1752498655
17528369
1753285327
1755513311
175571003
175571423
175574540
1756080193
1757414335
1758203051
1758396895
1759052075
1759248863
1761440064
1762132027
1763636629
1765736927
1765999071
1766457823
176685175
1767309791
176752390
176947379
1769865695
1770455159
1772749998
1772879931
1772880651
1773798574
1774846011
1774977263
1775436255
1775993550
1776224006
1777074355
1777074655
1777533407
177866502
1779565023
1780744911
1781270278
1781647282
1782317535
1782515462
1782841823
1784351069
1785006429
1785331891
178913339
1789134718
178913759
178913999
1789418019
1790640607
1790975000
1791688763
1791691101
1792083118
1792725783
1793130975
1793917407
1795163310
1795293903
1795949443
1797654877
1798
1799816966
1800470707
1801126367
1801191483
1801847263
1802569478
1803225437
180355611
180486743
1804993710
1805755795
1806106743
1807351867
1807680447
1808336646
1812857071
1813382618
1815150771
1815738120
1816134830
1817510367
1820852343
1822230278
1824588015
1824655110
1825309151
1825309631
1826443034
1827216894
1829319847
1829636445
1829699763
1829758280
1830420719
183069825
1831338883
1831929006
1833174910
1833960622
1835204847
1835534086
1835599502
1838940639
183894255
183960031
1839923499
1842152287
1842872799
184419862
1845429123
1846063020
1847066743
1847067343
1847199134
1849680425
185074143
185075162
1851167592
1853685879
1853948383
1857683456
1858995135
1861157343
1862336991
1862337710
1862795503
1863582175
1864518918
186581471
1868203850
1868367622
1870333342
1872167031
187302367
1873543287
1874723415
1875707294
1875707654
1876296159
187629807
1879377670
1881033628
1882391007
1884226015
1884750063
188547551
1885603710
1887175615
1887461587
1887502815
1888739716
1888891493
1889076998
1893140350
1896204061
1898185183
1898841023
189909179
1899167923
1899369974
1900151982
1900478943
1900937455
1900937815
190317023
1903427774
1904148719
1904466700
1906245871
1907491295
1908211951
1908998623
1909287748
1912734175
1914768308
1915421151
191562207
1915892679
1916928899
1917386811
1919943135
1922170999
1922205860
1922238214
1922892735
1923612821
192480310
1925073187
192545487
1927546630
1927874190
1929314903
1931084375
1932068254
1933246943
1935540583
1936061805
1936659101
1937899819
193986739
1940062327
1940391086
1941045487
194183647
1943798359
194512766
1946878191
1947599087
1947861471
1949173630
1949958623
1950023680
1950679519
1951038410
1952317679
1953842628
195428831
195429790
1955070851
195756511
1958612747
1961351390
1963302672
1966801375
1967063279
1968504891
1968505311
1968570607
1970602583
1972240863
1973158187
1974075631
197460867
1975517303
1975977734
1976172663
1977345396
1977975420
1979646071
1980170483
1980367567
1981755366
1982071743
1982248506
198312835
1984235150
198443967
1984627167
1986783280
1987904447
1989738975
1990068094
199033131
1993277559
1993277919
1993606198
1994256041
1994720131
1996226799
1997668591
20
200
2000
2002452779
2004287967
2004288207
2004463137
2005532911
2009006559
2009137391
2009400015
2009530607
2012333721
2012350094
2014184383
2014314735
2014502296
2015465378
2019820718
202113503
2021196015
2021982687
2023647264
2023686323
2023686443
202534842
2028668285
2029847101
2030240223
2032075231
2035220599
2035351731
2036269535
2036465723
2036596855
2038235315
2038301151
2038825199
2039350446
2040005087
2040157147
2040398423
2040990045
204145119
2041905871
2042757599
2043019743
2043200498
2044330883
2044723319
2045509811
2046165471
2047214047
2050687455
2051145847
2053375570
2053855673
2055340511
2055603674
2057635590
2057769719
20578603
205805552
2061238751
2061829894
2063598047
2064188590
2065629663
2066574095
2067334618
2068316639
206832095
2069037955
2070016700
2070096055
207028703
20709615
2071200223
2074290401
2075001071
2075132143
2075853279
2077529580
2077691404
207815135
2079523295
2079654127
2080571871
2080899251
2080964907
2081383064
2085290943
2085486926
2086862967
2086863327
2088173687
2089681075
2091319775
2091647215
2093220439
2094137583
2094570084
2095737900
2096890335
2097021407
209715319
2097348727
2098790639
2101544830
2101739999
2102396078
2103248646
2103443935
2103902267
2105213407
2106131391
2108227883
2109735391
2110259679
2110456287
2110718431
2111635935
2111636175
2113012551
2114519519
2115503878
2117861495
2117992507
2118058463
2118058943
2119106619
2120286687
2120352223
2121664382
2123301343
2124284143
2127102251
2128150647
2128283038
2130496990
2132739846
2133787103
2135556995
2137785758
2138702783
2140406239
2142110175
2142306423
21432190
2143355839
2143486431
2143487750
2143551967
2144076555
2144147305
2144802665
2145649119
2146762931
2147221983
2147418171
2147483648
2147483707
2147549243
2148336095
2148401451
2149319854
2149646395
2150430899
215154747
215285879
2153971831
2154037967
215417311
2154300291
2154497198
2154954931
2154955051
2155741783
2156134639
2156398941
2156921311
2157379643
2158626566
2158952927
2159084838
2160465960
2160590967
2162884667
2163213187
2164785271
216793567
2168062431
2168127847
2169700531
2172911795
2172911915
2173437102
2173764063
217514463
2175730143
2176319727
2176385503
2177499615
2177697182
2177762239
2178089439
2178744799
2179474040
2180710879
2180841951
2182742495
218274472
2182938863
2183004219
2183266363
2183266783
2185232863
2185757151
2188773246
2189689311
2190345151
2190673670
2190868599
2191340210
219152863
2194408323
2199978463
220135603
2201421456
2202010079
220202458
2202821354
220341404
2203759172
2204434911
2205615278
2207334557
2207842783
2208825523
2209729498
2209874039
2209874219
2214133999
2214659486
22151347
22152966
2215445379
2216886511
2216887710
2217017403
2217017643
2219114975
2220359979
2220558086
2221736835
222298171
2223702495
2224030655
2225799647
2226914239
2227372931
2229078964
2229207519
2231757561
2233403084
2234122719
2235590007
2235696003
2235761119
2236612787
2236612907
2237137375
2240545067
2241201087
2242119550
2242904543
2243429850
22439011
224461279
2245718254
2246705751
2246968195
2247231238
2248409327
2248587022
2248607134
2249326771
2249731473
2251292791
2251884893
2252210655
2252800119
2252866495
2254504175
2254897631
2256011383
2256013062
2256535671
2256865030
2257322043
225838254
2258452778
2259082804
2260009439
2261286481
2261694287
2262303319
2262434271
2262630879
2263680414
2265829294
2268202398
227214211
2272526815
2272659326
2273856568
2274165215
2274212456
2275148495
2275935406
2277088634
2280391135
2280915423
2281047934
2281308459
2283405611
2283693463
228458975
2284650975
2285126260
2285764847
2287798142
2288058847
2289239934
2289959691
229048559
2290549035
229115654
2291774221
2292647086
2293492212
2293498335
2293760239
2294546491
2296447455
2297423566
2297757815
2299986159
2300706995
2300721854
2302216541
2304312494
2305036987
2305418751
2305884279
2306045278
2307249417
2308310790
2309162158
2312176095
2312241331
2312503775
2314076639
2314469615
2316042419
2316043438
2316043738
2316173791
2317418975
2319057015
2320106431
2320630059
2321220063
2321940959
2322006195
2322268639
2323644595
2324496623
2324903540
232597866
2326462523
23265759
2327316010
2331115999
2331443439
2331967967
2332754219
2337165499
2337604063
2338914783
2340946099
2341470447
2341535923
2343436587
2344608023
2347434223
2348220895
2351038943
2351170015
2351301087
2352219550
2352350862
23527903
2352808415
2353201152
2353791455
235380776
235405551
2354315743
2355888427
2356216047
235628173
2358444151
2358444511
2358510047
2359100351
2359817998
2359821247
2360083630
2360380921
2360870062
2361459587
2362245839
2362835063
2362966915
2363031671
2363818103
2363884419
2364408287
2366506398
2366702527
2368471496
2370175275
2371551711
2372403679
2372436202
2372666842
2374304223
2376663279
2378172166
2378367455
2378694775
23790047
2381006488
2381054431
2381216253
2382430327
2382954975
2384995755
2385183199
2385510579
2386166659
2387411723
2391081079
2392129715
2393113055
2395078805
239534679
2395734255
2396652479
2397
2398159147
2400126726
2400256479
2400387551
2400388570
2401108447
2402287795
240321351
2403477380
2404319711
2405155616
2407924910
2409824735
2412790978
2412838912
2412838971
2412839031
2414281902
2416771551
2417271302
2417361855
2418540723
2418606199
2421096627
2422081406
2422736286
2423457841
2423719086
242652495
2426734342
2427126239
2429944287
2431287633
2432500611
243269871
2434878676
2435645559
2436432351
2437154686
2437349675
24379871
2439315755
2439347396
2441742086
2442199939
2444559834
2445870734
2446066862
2446525375
2446591750
2447376863
2447638528
2447704543
2448467590
2449277407
2449801395
245367683
2454913143
2455028504
2457010295
2458126206
2459500663
2459900952
246481495
2465917585
2466115364
2466578551
2466843255
2467105117
2468807555
2469134815
2469528750
2469659343
2469660542
2469986543
2470277783
2471887807
2473330138
2473377933
2475044065
2475885023
2479948255
2482197707
2485256371
2486965369
2487943467
2488467575
2489385679
2490434734
2490892467
2491154911
2491678959
2492337506
2494736606
2494859184
2497774527
2497840003
2498582571
25
2501248774
250152710
2503868895
250479071
2505441339
2505444876
250609963
250736662
2508016913
2508522371
2508785414
2511732975
2512912503
251331039
251331998
2513420896
2513633519
2514224063
2515140847
2515403231
2516123947
2516349236
251727372
2517368951
2518810743
2521694687
2522547135
2522677727
2525699533
252576043
2528312915
253034615
2535326655
2535706468
25362731
2537358031
2537555838
253821047
2538846868
2538930295
2539587454
2541224415
25428447
2543125379
2543518175
2545353902
2545617245
2545746039
2546925687
2547581887
2548957663
2549614462
2549875886
2550763460
2551775711
2551841906
2553086911
2553152686
2553931472
2554331735
255459447
2555773167
2557412526
2558853179
256
2562261111
2563442078
2563702843
2564686303
256574399
2565998462
2567706473
2567899939
2569733894
257
2570781571
2571108831
2571239903
2571568602
2574057591
2574844083
2577924575
2579431903
2579564414
2579759223
258015711
2582054542
2582839535
2582973364
2583102938
2583888771
2585659142
2586087079
2586378719
2587362718
2589524087
2590245103
2591228083
2591621599
2592932319
2594505003
2594833343
2595881199
2596182613
2597925721
2600796219
2600796639
2601320567
2604526233
2605056119
260506798
2605777135
26076885
2609512927
2609517842
2610430071
2612855743
2615542239
2620588271
2621178035
2621964407
2623144175
2623471795
2623670142
2626160390
2627797471
2627933458
2629108191
2630484567
2631533143
2633115311
2634481783
2636382687
2636382807
2638638085
2639726462
2640969907
2642477235
2643985343
264450463
2645951662
2647130591
2647785711
2648637919
2648638159
2650276739
2651652335
2652570079
265289728
265289787
265289847
2652975272
2655829783
2655846639
265618367
2656895095
2657060512
2657419743
2659714462
266
266010863
26607855
266089235
2662465655
266273067
2664282982
2666137949
2666594483
2666726275
2666815296
2669216942
2670199263
2670274905
2670920159
2673017011
2674065467
2677933830
2678320741
2679963947
2681776972
2682257647
2682388959
2684421055
2685597468
2687238623
2687981731
2688485605
268961542
2690360986
2691237038
269230444
2693464543
269355357
2693726327
2695102583
2696507238
2697920571
2699192188
2699560710
2700217954
2700476895
2700673983
2700936067
2701330182
2701983983
2704671199
2706178527
2706964959
2707330114
270991539
271057015
2712011231
2713519278
2714305471
2714634110
271844227
2719416559
2720137515
2720203231
2720793055
2721448055
2721448415
2722431455
2723676879
2724266463
2725249083
2725446111
2727608559
2728133087
272828645
2728788447
2730099167
2730761240
2730891293
273089710
273154527
273221382
2732458463
2733572575
2733768943
2733834359
2733834779
2733834839
2733834959
273547443
2737706857
2738815455
2742682079
2743861727
2744386015
274530483
2745304838
2745569379
2745697155
27461382
2747859063
2748515502
2749563059
2751215389
2752446943
2753626591
2753812628
275383231
2753888315
2754059650
2755002847
2755985887
2757034223
275775607
2758017503
2759000303
2759111771
2759918047
2761753654
2762540206
2762932523
2765357535
2765619319
2766275039
2766405871
2767783806
2769617015
2770010351
2770206899
277162457
2771911135
2772107264
2773483759
277414367
277479483
277479903
2775385023
2776891871
2777154375
277741627
2777940447
2778530091
2779775455
2779965345
2780436329
2782268221
2783774590
2784167806
2785871622
2786001195
2786723590
2789282187
2789345030
2789802343
2790000390
2790261215
2793341107
2793930931
2794389983
2794391302
2796945767
2798009337
2798784567
2799108575
2799763695
2801039303
2801271023
2801302048
2802385015
280251828
2803040495
2804089311
2805158690
2807498622
2808283255
2808742847
2808938615
2810906374
2810984108
2811560895
2812608991
2812936671
2814967987
2814968107
2819490271
2821153706
2822964159
2823948158
2827551199
2828206379
2830303351
2830696927
2830762463
2831417463
2832072823
2832466159
283247551
2833055923
2833056043
2833515455
2835940227
2836070639
2836398559
2837382079
2837907805
2839478391
2839894852
2840330539
2841118470
284492255
2846097467
2847146343
2847146583
2847801523
2849310590
2851013567
2851144159
2852394258
2852717503
2852983918
2855710613
2857173171
2858026158
2858680799
2858942643
2861629619
2862219743
286261727
2863333435
2863333855
2864775647
2865365951
2866021311
2869035967
2869232814
2870019846
2871263711
2871525435
2874015863
2874869390
2874933367
2875131953
28770543
2877773523
2878341599
2886402347
2886402527
2886664311
2886664431
2886729907
2886730027
2887385567
2890139518
2890990047
2892039103
2896298463
2897347039
2897740075
2898067695
2899182047
2900034734
2900035214
2900232062
2901161078
2901344435
2901737591
2901737951
2902589919
2903377670
290356772
2904490103
2905539039
2905867438
2906130781
2908226015
2908226435
2908226734
2908357806
2908815479
2909077983
2910126559
291045855
2911307526
2911568831
2911961267
2914583007
2915238367
2915565747
2916221407
2917140829
2918318559
2918580823
2921071551
2923496862
2923499020
2923764760
2924216799
2924413407
2925068767
2925630835
292618719
2927035327
2927230976
2927333934
2929918851
2932670943
2933130175
2934047199
2934964703
2935030239
2935481128
293601759
2937062155
2938110911
2938833245
294454207
2945057247
2946368387
2946957431
2947350707
29491259
2953773535
2954117131
2955215327
2955386870
2955937182
2956329139
2957815020
2958165166
2958270088
2959475167
2959999455
2960916659
296159102
2961965535
2962162383
2962554939
2963146502
2964390847
2965832159
2966160259
2966421983
2967863775
2969698543
2969936029
2973141694
2974155231
2976710835
2977825727
2980774607
2981036211
2981560559
2981757407
298254815
2984509919
2985165279
2985361887
2989162555
2989556311
2990932207
2991260127
2993357339
2994120198
2994275263
299434283
2995060975
2997094150
2997944379
30
300
3000
3000632075
3001745647
3003318451
3003646851
300417503
3005416323
3006267511
3007418407
3008052843
3008299487
300957786
3012952723
3013347078
3014197427
3015135
3015770171
3016294879
3017429148
3017540063
3017549005
3019263462
3021407167
3021734367
302252211
3022981169
3023569195
3024683487
3024696329
302580191
3025862715
3026190395
3030169275
3031433695
3031499471
3033386157
3034126620
3035824607
3037997206
3040280695
3041198679
3041263855
3042312671
3042312851
3042312911
3042509279
3043100422
3043586091
3046769119
3046900191
3046970580
3048735619
3048931387
3049194431
305179402
3052143071
30540435
3054895583
3055616479
3056108264
3057255119
3057913532
3058041431
3060006971
3061907935
3061973231
3062367167
306250207
3063415023
3065446699
3065523071
3068985823
3069773574
3070034039
3070493151
3071738335
30738781
3074228283
307429855
3076063351
3077047231
3077111987
3078160503
3078358910
3078423007
3079537119
3079734207
3079929975
308091040
3080980350
3081110942
3081708318
3081765103
3082224515
3084191134
3084779999
3085173335
308543607
30867935
3088056499
3089301983
3090157925
3092579023
3093100442
3094939398
3095265759
3095770665
3095986415
3096012066
3096379871
3098347689
3099197919
3099741500
31
3100508399
3100901555
3103261571
3106275807
3107324143
3107349678
3108896827
3111350873
311232262
3112632799
3112895542
31130079
3113615419
3113877983
3115516383
3115974835
3115976334
3116303235
311951479
3120038127
3120125199
3121014666
3121086703
3121807479
3121807539
3124298447
3124625467
3127248046
3127968403
3128492511
3129213707
3130918662
3131378013
3132358955
313328095
3134652895
3137470943
313917919
3141339810
314180063
3143237751
3144128659
3144286327
3148624855
3149660639
3149667352
3151495407
3151692255
3152609759
315293935
3154379231
3155427507
3156542638
3158245855
3158900795
3160146219
3162636407
3163292127
316342751
3164275587
316539839
316541277
3165718877
3166963462
3167490747
3169518527
31719603
3173974495
3174039731
3174695151
3174695391
3174695631
3175416047
3176923615
3177186239
3177580414
317784303
3178104582
3179217135
3182363103
3182428339
3182429119
3183479133
318374367
3183816832
3184068478
3184637440
3185315340
3185443295
318636991
3186819551
3187835371
3188882587
318898655
3189442430
3190948079
319094903
3191406651
3192259039
3192375273
3192521183
3192914099
3193503923
3194618335
3195797983
3196393321
3197386648
319750443
3197863541
3197960611
3198092223
3198300961
3198867136
3199230509
3199230512
3199992287
3200909611
3201505129
3201958487
3202678843
3203334623
3204055339
3204382899
3205038559
3205930904
3206611183
3207996016
3208249823
3208775550
3208970479
3209012696
3209101491
3209232623
3209299718
3209757151
3210346975
3210938118
3212116207
3212181983
3212902579
3213164723
3214067892
3214213719
3214480896
3215195536
3215392827
3215589615
3216901294
3217353784
3217424983
3217622910
3217656012
3217688326
3218015167
3218273554
3218735703
321914270
3219868674
3220182944
322109919
3221159995
3221225531
3221225651
3221225951
3221291067
3221291487
3221291727
3221291967
3221292926
3221356783
3221553631
3221574115
3221815355
3221910545
3222208751
3222666883
3222811060
3222933460
3223145700
3223493244
3223526772
3223651502
3223847871
3223896623
3224171580
3224241806
322437359
3224551559
3224611072
3224635597
3224851888
3224857512
3224987864
3225015839
322503854
3225094722
3225330731
3225338616
3225485791
3225524642
3225756678
3225944543
3226011398
3226027954
3226075375
3226319387
3226362153
3226402045
3226421937
3226500434
3226516548
3226550710
3227058355
3227100740
3227461458
3227523148
3227566672
3227728715
3227796590
3228029968
3228373820
3228400948
3228417010
3228510030
3228546332
3228597997
3228642596
3228971114
3228989262
3229038588
3229061355
3229164318
3229165294
3229483367
3229626469
3229741682
3229943192
3229984766
3230062386
3230158230
3230183130
3230199109
3230228474
3230298147
3230310389
3230343388
3230399017
3230400991
3230427398
3230492348
3230571332
3230578048
3230649972
3230683369
3230733356
3230824924
3230847050
3230879085
3230938983
3230967829
3230981146
3231037480
3231161323
3231186795
3231187123
3231188606
3231223617
3231241839
3231371080
3231383339
3231450531
3231501231
323152299
3231621805
3231629588
3231702284
3231815347
3231845754
3231920387
3231941677
3231973495
3232004678
3232123037
3232211141
3232268158
3232326339
3232350712
3232421754
3232433380
3232440962
3232512715
3232527821
3232607206
3232639916
3232681500
3232722682
3232867419
3232990199
3233082275
3233103137
3233146005
3233195674
3233260130
3233301074
3233303507
3233415287
3233454466
3233481183
3233518889
3233687661
3233692074
3233815967
3233840803
3233847154
3233905931
3233928486
3234006190
3234066827
3234104657
3234238873
3234398387
3234416648
3234594816
3234728776
3234728778
3234796221
3234815137
3234914342
3235013782
3235043499
3235114425
3235155316
3235231488
3235283622
3235488203
3235535112
3235610592
3235630465
3235716422
3235745079
3235840323
3236006988
3236169958
3236204536
3236233531
3236242006
3236287506
3236314411
3236461723
3236757683
3237165929
3237174315
3237218022
3237218026
3237240700
3237268668
3237287748
3237509419
3237544415
3237690214
3237698601
3237742304
3237750726
3237764988
3237871795
3237937391
3238205130
3238232824
3238534220
3238631706
3238787265
3238791888
3238844426
3238854895
3238860932
3239117519
3239253129
3239313467
3239350238
3239397250
3239418242
3239436228
3239445568
3239557564
3239648920
3239662302
3239690973
3239845057
3239900599
3239965692
3239981954
3240106912
3240107662
3240138080
3240154854
3240160610
3240197723
3240239712
3240275744
3240276545
3240286050
3240383312
3240405145
3240426733
3240445861
3240484305
3240519226
3240522177
3240592624
3240671560
3240702739
3240706665
3240766278
3240768945
3240781393
3240800607
3240833852
3240922216
3240923619
3240970490
3241001607
3241114550
3241135062
3241215150
3241225600
3241263713
3241295170
3241314870
3241326627
3241425579
3241514683
3241583749
3241608962
3241620747
3241710294
3241723434
3241745431
3241774418
3241776514
3241782807
3241793838
3241793839
3241817117
3241825843
3241829985
3241829986
3241829988
3241829990
3241829992
3241829994
3241830054
3241831680
3241858648
3241859257
3241869431
3241875572
3241880734
3242006120
3242050123
3242052288
3242055978
3242070335
3242092088
3242092115
3242092125
3242092127
3242092132
3242092134
3242092135
3242092136
3242092138
3242092140
3242092141
3242131453
3242131456
3242131457
3242131458
3242144569
3242198054
3242213269
3242213407
3242215094
3242215095
3242297256
3242375820
3242521612
3242571379
3242581172
3242584203
3242721999
3242763658
3242844195
3243002284
3243086316
3243089935
3243090784
3243114645
3243119617
3243179290
3243245807
3243273058
3243765081
3244090040
3244492550
3244622303
3244687419
3245191914
3245307244
3246113984
3246416476
3246491742
3246573331
3246587542
3246591500
3246817803
3246846288
3247105592
3247108105
3247113571
3247116392
3247243743
3247301645
3247562535
3247672562
3247833567
3247891115
3247921696
3248708131
3248708134
3248772981
3249322982
3249864883
3250651315
3250847983
3250883551
3250913399
3250951791
3251043772
3251669042
3252721534
3253037829
3253207159
3253993951
3254381796
3254483884
3255042107
3256362150
3256589924
3256877955
3257008607
3257398882
3257602011
3257610633
3258186932
3258340824
3258633826
3259934062
3260285407
3261140869
3261400958
3261837256
3261861632
3262119995
326238507
3263008330
3263037499
3263300063
3263630283
3264025147
3264137104
3264469280
3264576011
3265003819
3265467666
3265594303
3265793937
3265839710
3265861703
3266024262
3266063246
3266318916
3266375931
3266423161
3267101631
3267643130
3267645735
3267671955
3267675933
3267721062
3267744559
3267781199
3267806044
3267822047
3267849678
3268139432
3268518119
3268605040
3268645756
3268889550
3268937139
3269116474
3269302056
3269493221
3269546050
3269640187
3269889373
3270266655
3270409160
3270639795
3270702602
3270707070
3270932937
3271426107
3271627874
3271739264
3271922934
3272042006
3272173831
3272187820
3272226602
3272270119
3272388330
3272472754
3272541958
3272672131
3272845980
3272943754
3273021555
3273065946
3273096105
3273201400
3273304730
3273402050
3273494844
3273688202
3273818283
3273886446
3274065036
3274397232
3274578126
3274625921
3274778771
3274911198
3274968712
3274978267
3275103514
3275178079
3275251036
3275357278
3275490478
3275655957
3275686367
3275766310
3275835325
3276128225
3276188005
3276202544
3276534353
3276586825
3276625465
3276961485
3277037115
3277063043
3277156521
3277720746
3277866252
3277875688
3278059430
3278125214
3278169071
3278230148
3278277905
3278344745
3278489292
3278511849
3278615996
3278719384
3278805423
3278950054
3279612876
3280014073
3280101555
3280116284
3280218414
3280218843
3280273887
3280370854
3280470735
3280566518
3280570600
3280754906
3281063135
3281107136
3281260485
3281378222
3281405088
3281470370
3282030864
3282347378
3283292207
3283419195
3283852435
3283944083
3284664799
3285254923
3286368855
3286720832
3287875584
328794411
3287953398
3288245480
3288258087
3288268844
3288403901
3288452778
3288596659
3288682289
3288712426
3288823975
3288837660
3288916576
3288989333
3289042881
3289091728
3289143769
3289268811
3289275938
3289367944
3289415680
3289459880
3289546752
3289605775
3289621784
3289634265
3289704565
3289743360
3289746192
3289767677
3289769557
3289808896
3289815009
3289832005
3289841664
3289863202
3289949738
3289970545
3289986652
3290005504
3290018005
3290032592
3290038050
3290038344
3290051457
3290053938
3290058813
3290060421
3290073271
3290089143
3290091555
3290103808
3290104047
3290118289
3290132791
3290136576
3290137277
3290148445
3290161161
3290202112
3290215171
3290228590
3290234880
3290235359
3290263443
3290267648
3290300416
3290312203
3290333184
3290375733
3290464256
3290497106
3290603805
3290628096
3290638635
3290694591
3290870584
3290870732
3290882197
3290938133
3290970869
3291086848
3291162388
3291172600
3291275911
3291325353
3291349051
3292856439
3292856799
3293033997
3293061758
3293132845
3293201013
3293223025
3293308681
3293318756
3293321474
3293323964
3293347169
3293347183
3293354534
3293372168
3293411346
3293412147
3293513478
3293601973
3293774303
3293807589
3293839539
3294079586
3294111106
3294146852
3294231388
3294271955
3294298411
3294299071
3294354714
3294382174
3294659364
3294664954
3294669062
3294690303
3294888295
3294928630
3294959189
3295059954
3295281331
3295905000
329595395
3295959447
3296032352
3296387641
3296402855
3296435054
3296459894
3296477237
3296590008
3296831255
3296878671
3296886008
3296921350
3296961520
3297015020
3297026133
3297133593
3297138060
3297140308
3297221807
3297290275
3297291406
3297299097
3297342425
3297393925
3297455402
3297638477
3298231231
3298690822
3300196831
3300786535
3300787135
3302031839
3302063921
33030623
3303549026
3305279646
3305314236
3305382374
3305420009
3305425616
3305451288
3305453795
3305458208
3305482878
3305492879
3305493353
3305517606
3305537897
3305538567
3305580056
3305609432
3305620501
3305635500
3305669055
3305676334
3305680558
3305686416
3305695201
3305729119
3305872551
3305992779
3306011137
3306022171
3306024298
3306218938
3306279150
3306310985
3306620678
3306677478
3306687027
3306720482
3307539301
3308387208
3308524295
3308655221
3311198561
3311468663
3312058487
3312059087
3312060286
3312189499
3314090163
3314483679
3315226946
3316188934
3316450239
3316777439
3316843455
3317367263
331809667
3318743519
3319071199
3319201851
3319202751
3319494404
3319595487
332136927
3322806991
3323068655
3323528127
3323789791
3325362895
3326018015
3326478086
3327067910
3329361670
3329753687
3330605295
3330736187
3331480218
3332243935
3332375007
3332571615
3333751083
3335651567
3336111878
3336306867
3336569311
3336700383
3337290207
3337291646
3337748959
3342475095
3342992079
3343057375
3343515707
3343516127
3344236843
3344302559
3345285839
3346137567
3346321822
3347710431
3348301574
3348365791
3348627635
3349415566
3349610975
3349676511
3349742467
3350135623
3350790203
3350922714
3351052407
3351252492
3352297591
3352889094
3353018847
3354395403
3354658566
3355902431
3355968387
3356100478
3356496765
3357739357
3358327023
3364094431
3364422111
3364422531
3364553183
3364749791
3364880563
3364946159
3365077471
3365086031
3366651054
3367960815
3368026291
3368813023
337000030
3371172319
3371893215
3372025606
3372417623
3374186735
337446542
3375628767
3375891151
337707187
3377203070
3377922527
3378185990
3378970803
3378971103
3379631977
3380347359
3380609503
33818374
3382051175
3383034155
3383624639
3383886603
3385065951
3385066371
3385283766
3385459167
338559935
3387229358
3387490423
3388343171
3388473463
3388868058
3388998531
3390376285
3390701807
3391554435
3392536935
3393585631
3394110159
339673567
3399221487
3399615902
3400211480
3401253343
3401515487
3401842807
3402105791
3402170847
3402432751
3402499066
3402629359
3403941338
3404792287
3406168123
3407020271
3407085807
3408069087
3410428503
3410429102
3410889652
341120754
3411216733
3414884531
3415040078
341508155
3416000382
3416785015
341770479
3418423415
3418488951
3418490750
3418685919
3418953577
3419932422
34210271
3421766111
3423470047
3425175422
3425632555
3426812143
3427533279
3429329387
3429696387
3430389618
3432186455
3432710623
3433103839
343540191
3435726718
3436236370
3436314803
3437035999
3437756895
3438215647
3438281603
3438872146
3439068334
3439985599
3441361855
3441426731
3441819887
3441956430
344260907
3442803167
3443198900
3443392991
3444572459
3445818063
3446670211
3446802182
3447194079
3447455983
3447719686
3449684267
345192749
345374779
3460432111
3461415031
3461546763
3463053791
3463709571
3464406315
3465679247
3466985651
3467248095
3467472157
3467509939
3468952031
3471507935
3471770079
3472098718
3472293947
3472490975
3473577763
3473801695
347408134
3474718959
3475047359
3475833011
3475833311
3476226947
3477079934
3477930463
3479488658
3480617199
3481011075
3481665715
3481798406
3483828703
3487041286
349112190
3493069998
3493789935
3493925508
3494772795
3494773695
3495823110
3496084175
3497853107
3498706814
3499753951
3499763311
35
3501064671
350136611
350159087
3502148365
3502245638
350291118
3503741086
3505455583
3505651951
350680936
3506952798
3507486959
3507553454
3507618271
3509977567
3513189311
3514302943
3514630623
3514631103
3516008557
3516177982
3518103731
3518759391
3521577439
352263192
3523805243
3525247455
3525575615
352584159
3526754783
3530153004
3530621407
3531145335
3534816670
3534946783
3535995119
3536193286
3536652038
3536847027
3537961439
3540322653
354223878
3542941935
3543795102
3545586841
3547268031
3548053743
3549603448
3549823875
3550640878
3550892889
3551682345
3552051379
3552772575
3553886447
3554335838
3556050334
3556901942
355730367
3560822114
3562296483
3564241375
3564699887
356503687
356778043
356778463
3567911391
3568698303
3572498911
357302511
357303231
3573744335
3575186367
3577480127
357761503
35783555
3578462327
357892575
357892815
3579068577
3579183163
3579184902
3579185022
3579511023
3580494423
3581806342
358220974
3586524934
3588687262
3588751839
3589931127
3590193631
3590260186
3591373279
3592161030
3592321872
3592882046
3593077695
3593929303
3594602684
3595345254
3599106287
3599349983
359990207
36
3600434557
3601531359
3604414943
3605463519
3605510199
3605856495
3607562589
3608347523
3608353816
3609200390
3609593246
3617194463
3618963575
3620995971
3621193178
362349503
362414379
3626631407
363201471
3632438063
3632727454
3633775551
3634823647
3641050286
3641544758
3642004129
3642753263
3645505835
3646095479
3646554351
3647007291
3647471975
3648651743
3649569247
3650063299
36504031
365101295
3652323078
3653305039
3654025395
3654167506
3654615819
365887967
3659945647
3659989471
366019039
3660449182
366084335
3661693887
3662086623
3663266271
3664249071
3665494495
3668443495
3668443615
3669203449
3669557367
3669754035
3671035967
3671066374
3671851487
3672506427
367263983
3673278433
3675457286
3675783647
3676505023
367713220
3679125563
3679981068
3680436463
368378335
368379654
3684040763
3686253551
3686532031
368705938
368772750
3687843590
3688104415
3688562867
3689088414
3690595203
3691055453
369165247
3693660529
3696624095
369819767
37
3701932511
3702063343
3702458417
3703375022
3704226391
3704488055
3707831193
3708487130
3710075996
3711566183
3712483567
3713860543
371502330
3715367031
3715367391
3717661151
3720675447
3720808797
3721658847
3722117599
3724280287
3725394039
3726246067
3726246187
3727819051
3727884587
3728540127
3729064415
3729653939
3730833527
373096687
3731227103
3732734131
3732865263
3738489625
3739680887
3740008687
3740795359
3740795839
3740926431
3741190014
3746759615
37487071
3749052895
3749578502
3750453218
3751805407
3752460407
3752658694
3754624774
3754820543
3755081907
3755868999
3756922130
3758096863
3758163838
3760062523
3763539114
3763653885
3764125875
3768124590
3768791737
3769600473
3770274608
3771269179
3771728711
3772121567
3773432767
3775988191
3776905695
3777302028
377947310
3779679569
3779920351
3780772019
3781171049
3782213751
3783524531
3784447670
378537734
3787877981
3788571103
3790406111
3790929979
3793817340
3794403807
3794404766
3794667330
3794726911
3795788771
3796107743
3796500959
3796632031
3797156439
3797287391
379781359
3797961351
3798204775
3799062377
3799065198
3799384543
379978687
3800039723
3800629727
380111197
3801874491
3804037599
3804705268
3805152670
3807227664
3807248503
3807250302
3807314938
3808124789
3808537292
3810984175
3814719607
3814719967
3815899615
3815911691
3819045343
3819700703
3820552311
3820802894
3821668401
3823960543
3824485850
3825140191
3827258893
38273083
3827761631
3828925098
3829185323
3830317535
3830645215
3834373749
3834839219
3836608571
3836740063
3836805239
3837264351
3838968287
3839889148
3840540791
3841065019
3841701218
3843621703
3843668041
384434295
3844997599
3845286314
3846898563
3848720646
3849971772
385025798
3850568159
3852009591
3852272575
3854369247
3857651561
3858629087
3859104775
3859415519
3859677303
3861512491
386271581
386401155
3865117151
3865184006
3865510367
386601359
3866624119
3866954382
3870097887
3873963168
3874160759
3875406183
3878945127
3879594430
3881500851
3882090735
3883073655
3883142668
3883401695
3885761291
3887333495
389022175
3892114312
3894281031
3894477699
3894647223
3894870315
3895460439
389743071
3897558490
3899130335
3899318822
3899719979
3900561310
3901620703
3903062495
3904016814
3904176187
3904569583
3905159407
3905814647
390857183
3908716878
3909288415
3910337471
3913730064
391512543
3915189892
3915647325
3915907251
3919972222
3920299902
3920429115
3920429175
3920429955
3922526567
3922591863
3924623539
3924623779
3925082591
3926459327
3930128863
3931266172
3933274411
3933406023
3935455917
393610115
3936223711
3936618246
393675231
3937075259
3937077118
3937141215
3938153659
3939241484
3939960582
3941992797
3942252783
3943011577
3944350175
3945238569
3945594939
3948019891
394949231
3950052287
3952033348
3952935391
3953459679
3953918431
3954181534
3954508675
3955032963
3955294627
3956
395613
3956343263
3957982083
395904894
3959685359
3960144351
3960407814
3960865247
39620415
3962110431
3962241503
3962831027
3962896863
3963683775
3964862943
39649579
3967812063
3969646831
397017567
3972858335
3975151795
39766453
397674246
3977774854
3979122747
3979739615
3980787951
3981360310
3981641478
3981705695
3982295279
3982819807
3983868383
3985179103
3985244639
3985336386
3985441067
3986221001
398655967
3988455903
3989054852
398918591
3989307871
3989410704
3990276378
3991980890
3992520454
399376503
3995473769
3995722011
3996123615
399723397
3997303023
3997696959
3998811910
3999400895
3999465711
40
400
4000
4000514647
4000581382
4004053051
4005298655
4006357305
4007657951
4008640991
4008642430
4008838019
4009755583
4010607071
401080799
40108271
4012704643
401276987
401408239
4014211131
4015784415
4016112095
4017553887
4017815671
4019716215
4021748910
4022600159
4025352251
4028381594
4031905851
4032233951
4033085559
403505211
4035381597
4037346478
4037607903
403767775
4038263982
4038596693
4040898210
4041278458
404292902
4043309056
4044025462
4044031450
4044489183
4046520799
4046523193
4048027887
4048486579
4048486879
405012959
4050321647
4050779934
4050977487
4051697903
4052420358
4053706860
4053795055
4054319583
405536827
405538566
4057072814
405800350
4059496567
4060414431
4063334561
4063363551
4063494383
4063951
4064208024
4065394927
4065394987
4065526359
4066902495
4068149118
4068540895
4070638047
4070672658
4071227871
4072341743
4074176811
4074439135
4077650399
4078044035
4080665055
4083483523
408354935
4084335071
4084924895
4084990431
4085843408
4086039966
408647667
4088725803
4089251749
4092854511
4093511550
4094034159
4095673279
4095935183
4096394175
4096525007
4098294719
4098675156
41
4100218603
410191262
4103460512
4103632476
4104722281
410583189
4106223735
4107796719
4108059103
411304415
4113090604
4113105375
4113563767
4114088415
4114547167
4114709970
4114940383
4116054495
4116447951
4118086111
4118784555
411895558
4119200223
4120381190
4121035231
4121625415
4122148983
4123721847
4123854298
4124116142
4126148358
4126343287
4131062479
413140742
4131522310
41358610
4136239583
4138663995
4138664895
4139123167
413985692
4139980312
4141395676
4142153720
4143055087
4144462701
414777403
4149712684
4150591967
4151771615
4151837151
4153018118
4153934543
4154852287
4155572703
415826399
4161601905
4162388447
4164550775
4165068385
4165337147
4167622542
4168027660
4169007343
4169531871
4170318783
4170842231
4171235507
4171235627
417201042
4172218427
4172546347
4173791411
4173948604
4174075240
4177658815
4177723631
4180083647
418251231
4185587831
4189062079
4190852500
4193443748
4193649599
4193911263
4194042815
419496415
4195156327
4196925499
4199743967
4202955711
4205707623
4205707863
4209771455
4210487289
4210491631
421068859
4212196526
4212785331
4214817067
4216879525
4217289559
4218063494
4218946974
4219404527
4219741782
4222093661
4222484959
4223467999
4225579276
4227399739
4227858911
4228514091
4230611183
423100655
4232249823
4232315779
4232518680
4233812152
4234412091
4235722871
4235722991
4236509663
4238541039
4238672771
4238737887
4238804382
4239132542
4239196399
4239458783
4241032127
4241194291
4241490879
4241883615
4241920689
4242931891
4244766899
4244897971
4245278512
4246339823
4246668163
4248371319
424870367
4251583423
4253942239
4254925039
4254925699
4255252959
4258267615
4259513099
4259840479
426115251
4262529373
4263510135
4264886451
4265607347
4266655983
4268234601
426837766
427032695
4270982019
427163707
4271956224
4272620479
4272917631
427294899
4274848942
4275163183
427622879
4276945375
4277535199
427819487
4282818844
4285071839
4286971963
4287038339
4288348639
4288414655
4288809309
4288873407
4290773051
4290904183
4294181103
4294312175
429457887
429458367
430114566
432144863
433127903
43385311
434635711
435290351
435748923
435880415
438241030
439157695
440729659
440795375
445514207
44564959
4457514
446957438
447939039
448725951
449185662
449380831
452173207
452396806
453903055
455868595
457311406
457506935
457533666
458228191
459152408
459210931
459490731
46180012
464126431
464781791
465240783
465766150
467775762
468189423
468191102
468599500
468910139
470680511
471926174
472973791
473235935
473367007
473628851
475282759
475595231
476512315
476512735
477298927
477364703
479
479593407
479766361
479817179
485359855
487872570
489029991
490407806
49087902
491040570
491061487
492175839
492241135
492634411
493551735
494864134
495452339
495911391
495976927
496717012
5
500
500106414
501023199
501088735
502661239
50365857
505994498
506332095
507709190
50923390
510460023
510460383
511902175
512296830
512426043
512426883
514001245
514654267
515637727
518556051
519045299
519308762
519504111
519525266
520553407
522
523239723
525467827
527434027
527434207
527435526
527664835
527696111
528875999
529924575
53020062
5308895
532218335
532678406
533332807
533594591
534185734
535363883
53608927
537265926
537447090
538116995
538445274
539164911
54133215
541721055
54265606
542836606
544015295
544211423
544473567
546860426
55
550699247
553223312
553975927
554352614
554763199
55509951
559679358
559874527
560464351
561382335
561709175
562823647
5637055
569311831
569508079
572588331
572654047
572916191
57344479
575668224
575668523
57606623
578289723
578553486
579797471
584253499
584843383
585236719
585564639
586285115
586285175
586285595
586285655
586285715
586809823
588430877
589824359
58982579
59
590676447
590807999
593953247
595132895
595919327
59703775
598344159
598868207
599
59920131
600
601229182
603110481
604766687
606208239
606405087
607519559
607519679
608371167
608436703
609092543
609485039
610599151
611451119
611779039
613154935
614924527
615645903
615711199
616564486
617677279
618921063
620429551
620451611
620626159
621674975
622461407
622484996
62324855
62325035
627246015
630327166
630915551
633148450
634388959
635568607
635700398
636487550
637075935
638058975
63832543
638779871
639500347
639503884
640617996
640745951
641335775
641466487
644022571
645791923
648742542
648937951
649545776
650314687
651166175
652711627
65405047
655294943
658833887
660865503
664994271
665243854
665846958
666827801
667418803
667418923
675152351
675348959
67568095
677642479
677970399
680331014
680591839
680853923
681050591
681574879
682025502
684655790
685506739
685506859
686036242
68682207
687211395
688128899
688587231
688719622
688980447
690095039
690422059
693174751
694551007
694813631
696975839
697041375
698024055
700
700185737
700252339
700317875
700581278
701370984
701497463
701825143
701827901
703070267
703136703
70452638
704905695
705036347
705036767
705167871
706084983
706937071
708510175
70871059
709690063
711197151
71303168
713164670
713884846
714080435
714245907
714540566
715392774
71565791
715784251
715784671
715916462
717357235
718668255
719
719651295
720176602
729089918
731906527
733453934
735379935
735838327
737149107
737149227
737411551
737664263
738329055
738984175
739247039
741016031
741083485
741867999
745013727
745015166
747439039
748224991
749012742
74908127
749338743
749340422
750190831
750454534
751894827
751896326
752145954
75235807
752751781
753533887
753795251
754150678
754647399
754713055
756940919
758449806
758907359
75891167
75921097
759629574
759824776
762709166
76349919
76350339
763627569
764936251
765002207
765920430
766416185
768
768344963
769
769506161
772017076
773007160
773653678
776405471
777979654
77988019
781123703
781779123
783290108
784663007
785187295
785252831
785908191
7865279
787349983
788464095
789776134
791019520
794682646
796262879
796590379
798295814
799277535
800
802031965
802752262
803537135
80413631
806879711
807207391
807928287
810418415
813105271
813367475
813629859
816120287
818217199
818415366
818844149
819921135
819928088
819929816
822936031
823002886
823133119
823329007
823524284
824116099
829883327
831259103
831586783
832842742
833094591
833421791
833553522
834340614
834994415
839188659
839386886
839534226
839647711
839778396
840823936
841351647
842334687
842924271
843319046
843581190
844380222
8454623
846660543
847119175
847511791
849277761
849871147
850395195
850920622
852267
853738670
854656774
85590075
856097247
85852639
858981071
860489118
861077983
861798879
861929711
862047286
86378366
865206331
865403359
867959263
868746894
869597303
870318559
872284399
872416131
873072510
87490739
875169542
87623550
876544119
87688007
879232774
880280031
883229631
883991098
884450075
885391539
886243807
887291963
887488991
888341918
888678468
889653118
889848287
89063603
89063723
891290079
8912955
891748651
893714671
894501163
894632415
894763067
894763487
894764206
894764806
894829023
894931170
896532959
89667794
897189638
89719263
897908855
898958990
899219575
900552652
900727263
900891941
90112239
902365303
904952171
905969723
906290701
906887287
906952823
907083835
907211331
907346039
908066875
908067295
908460091
908642003
909117190
909529959
910623679
911690047
911999155
912262079
916195198
916785022
9177437
918291630
918554494
920000361
920453299
922026703
922288607
924451295
925303263
929562803
930546143
930546623
930611679
931858541
936248374
94176191
943063939
94458708
944899246
94896607
953352371
953664878
953956968
95420895
955122143
956957151
958596870
959
95948300
960299907
964559807
965608383
969408661
969999774
970523103
972148719
972488943
972620015
974258355
974901865
975111582
975438723
975569135
976486879
97649119
977077183
978321587
979370463
980484995
981664703
981991903
982126991
982583046
983305140
984744175
98697335
987234363
987235263
987890143
988680831
98894303
991887539
992346591
994181599
994182019
998179055
998452494
