0
1
1000
1005453551
1005453671
1008009695
1012007391
1023398784
1024
1031798784
1032189888
1037959647
104006111
1048576000
1048576032
1050345831
1052842544
1053491559
1054343527
1054684960
1061431392
1063059695
1065353216
1066074112
1066860663
1070006751
1072431583
1073676767
1074462720
1074530174
1074531252
1074921831
1075052544
1076155750
1077459982
1079060662
1079631587
1081999404
1082000408
1082101072
1082130428
1082130432
1082130434
1082130440
1082134624
1082260776
1082606517
1082606519
1082654720
1082717958
1083248340
1084078774
1084227584
1084315984
1085192600
1085786850
1087130356
1087352153
1087659683
1088230789
1088327645
1088390558
1088422016
1088422032
1088856319
1089384808
1090407891
1090519036
1090519040
1090519041
1090519046
1090519197
1090521137
1090623961
1090705848
1090757082
1090757083
1090912735
1090956457
1091567616
1091596090
1091596976
1091613818
1091629644
1092006081
1092616192
1093009887
1093391732
1093429952
1094165106
1094680838
1094697615
1094713343
1094713344
1094715441
1094764308
1094764788
1096988565
1097285668
1097326460
1097757422
1098580387
1098817630
1098874887
1098875140
1098875142
1098904259
1098907646
1098907647
1098907648
1098908697
1099170031
1099262623
1099299320
1099410964
1099431968
1099636441
1100085282
1100237274
1100280847
1100294422
1100339558
1100353717
1100412911
1100447700
1100480544
1100533544
1100536166
1100865419
1100878476
1101004832
1101004880
1101249198
1101254917
1101312062
1101324691
1101342521
1101478264
1101820667
1101883540
1102042468
1102069661
1102085387
1102151965
1102274658
1102289910
1102345958
1102639562
1102640614
1102811577
1102867675
1102898086
1103038021
1103103614
1103132441
1103196404
1103202806
1103244638
1103267704
1103272423
1103280242
1103474276
1103483666
1103541338
1103545060
1103564977
1103731827
1103789326
1104425811
1104478812
1104498736
1104540629
1104540630
1104616177
1105224052
1105373724
1105499076
1105499290
1105507415
1105855885
1105875142
1105999280
1106018538
1106103069
1106247714
1107296297
1107332802
11076063
1107684099
1107768581
1107803088
1107820562
1107899653
1108032923
1108082704
1108082728
1108177882
1108502399
1108746986
1108869135
1108998111
1109393448
1109590495
1109733684
1110245615
1110704144
1111228455
1111490578
1112014864
1112014889
1112539152
1112797164
1113325608
1114124570
1114309942
1114527203
1114557623
1114571111
1114636304
1114964447
1115558732
1116078100
1116341287
1116572995
1116581242
1116747693
1116799335
1116820274
1117000192
1117036411
1117064788
1117257736
1117257737
1117380922
1117388808
1117439308
1117500196
1117531676
1117609245
1117681826
1117974702
1117978596
1118055909
1118285404
1118285484
1118505272
1118744033
1118797366
1118897634
1119286192
1119487750
1119488049
1119773970
1119861463
1119909439
1119959219
1119972249
1120405385
1120651004
11207375
1121324378
1121339114
1121342818
1121371015
1121803951
1121882770
1122107270
1122226596
1122257043
1122334600
1122646378
1122728505
1122782631
1122909703
1122992712
1123158774
1123662510
1124115975
1124168590
1124201904
1124204190
1124236767
1124291397
1124308564
1124327635
1124354904
1124586610
1124624242
1124823545
1124937384
1125188003
1125397241
1125606101
1125620058
1125914967
1126172849
1126648444
1126648451
1126652571
1126735796
1126772087
1127081603
1127127788
1127166572
1127202863
1127367061
1127504651
1127504691
1127679599
1127934617
1128005046
1128248936
1128292681
1128316670
1128341558
1128348075
1128858079
1129033360
1129047458
1129243542
1129263925
1129415585
1129529249
1129685138
1129726202
1129753265
1129816802
1129858306
1129984999
1130527117
1130529406
1130541090
1130561980
1130616610
1130652851
1130949456
1131945272
1132222988
1132240181
1132480071
1132719932
1132761545
1132779690
1132845476
1132934448
1132957541
1132976933
1132995078
1133145973
1133145993
1133233446
1133360956
1133396171
1133462374
1133518115
1133535349
1133539987
1133551981
1133564427
1133567684
1133593068
1133658170
1133894285
1133904351
1133910326
1133917377
1133969575
1133992760
1134101439
1134147081
1134158273
1134236218
1134256749
1134270279
1134302048
1134322801
1134657205
1134674637
1134692518
1134868375
1135152367
1135366283
1136396054
1136523563
1137574367
1141178847
1141703135
1149436383
1149764063
1152
1153106159
1153106339
1153827295
1157169631
1162086150
1166475743
1173029343
1181286639
1181286819
1191644084
1198
1200357555
1200357615
1200357795
1200357855
1204748767
1207173599
1207632351
1213531910
121439406
121440006
1232077279
124453103
124518879
1251344863
1252655343
1252655583
1263731167
1263796463
1263796703
1263797183
1273758175
1273823711
1278411231
1284833759
1294205167
1304101103
130809856
1311772172
1313
1315111091
1320550579
1320550759
1323106783
1327235072
1337065951
1370358958
1378353331
1386611167
1389756895
1395851743
1408
1410
1415118848
1415250279
1419903215
1419903455
1420755423
142475983
1424950446
1431634399
1432092911
1434059231
1434059830
1436090487
1442709983
1446379699
1446379939
1456275935
1457848799
1458569935
149029343
1490682275
1497170099
1497170279
1498
15
1501626847
1530988294
1537147059
1537147299
1547305439
1547370975
1548878303
1561199071
1565852007
1566115290
1570111967
1570767327
1573586694
1573587293
158138847
1591214439
1593377247
1606877663
1608188263
1608908800
1608909279
1610547679
1611401086
1611402164
1611792743
1615069663
1628111327
163578035
163578215
1651442023
1655439839
166199775
1664
1665728991
1669792223
1674
1674445279
1682571443
1682571683
1686307295
1691485958
1694040543
1698957062
170525031
1705902559
1723203943
1723204063
1728514996
1731635570
1738997999
1738998239
1742012416
1746863278
1746863878
17498591
1756430815
176816607
176817087
1779433951
178913699
178913759
1789526495
1792278707
1792278887
1796341939
1796342119
1796342239
1807024607
180748288
1810629087
1815019999
1829441036
1829503455
1837629799
1837629859
1837629919
1841926314
1848643084
184877415
186253551
1864105984
1870528991
1881801902
1882325471
1888289007
1896677855
1899823523
1902445023
1905
1916797167
1939014111
1950351779
1951989760
1952057993
1956382470
1957626335
1958715584
1961821358
1968505071
1968505311
197787767
1993146847
1993998575
1995440847
20
2000
2014502296
2021458159
2036793823
2038497759
204407263
2046951783
2069561523
2071331055
2071331295
2084176351
2085423453
2093220799
2098069983
2101936607
2102722919
2104885427
2104885487
2104885607
2104885727
2106982879
2107638239
2122187231
2127299039
2140995823
2140996063
2142175471
2143748575
2144862687
2145059175
2147418591
2147551102
2147552780
2148337534
2148339212
2148860263
2157838575
2165047775
2166882543
2172977631
2177106399
2178744799
2182415235
2188444007
2188640615
2189952774
2203648479
2215969247
2223374815
2227044831
2235957727
2242839007
2250178919
2267350790
227672543
2277088634
2278097375
2278359519
2278948864
2281439411
2281439591
2290745583
2290745823
2292515235
2293367263
2306343391
2316370399
2317879046
2318467791
2319319279
2319319519
2326462703
2326464262
2326465161
2336162031
234817286
2350383823
2366377484
2367095143
2379525915
2384265575
2397
2398093791
2406744243
2406744423
2408972767
241107063
2418738350
2434335199
2434597103
2435711455
2437483145
2446590011
2447179895
2460877159
2461008111
2461008351
2465006047
2477195503
2477195743
24773327
2485322207
2488994441
2490106335
2496725231
2496725411
2500
2501968591
2505441759
2505443078
2515141087
2517107047
25428447
2553151967
2559443303
256
2563178855
257
2572419431
25821303
2586378719
2591688154
2591688454
2591752431
2593849823
2607022439
260768223
2607874287
2611609779
2611610019
2615148903
2615411167
261621510
2622685423
2637955431
264372703
264700263
2650734951
2652700851
2652701091
2658795999
2662334943
267387359
2679767519
2684355039
2684420575
2684422014
2684423692
2685140992
2685208446
2685210124
2685731175
2686779871
2687303799
2688418271
2688811367
2691170783
2691171263
2694709487
2695496039
2703950303
2710372831
2713780703
2716860775
2719286147
2724004319
2725314919
2725511527
2726823686
273219584
274399711
2745762031
2745762211
2751594855
2759393759
2770797023
2772828639
2787049831
2787180723
2787180963
2789867699
2793734503
2815230431
2830500319
2830500799
2834694623
28418
285147495
2854749958
2859860087
2863202423
2863333855
286458335
2880635119
288555247
288555367
2887254735
2888237235
2889352127
2896297984
2897412575
2903966055
2905866719
2919563743
2921136487
2932933027
2933326063
2934964703
2963080067
2972582367
2976252383
2982346931
2982347111
2997748071
3000
3001286835
3001287135
3002335591
3010986223
3010987482
3010987782
3026846055
3028091599
3032220127
303235311
3032613343
303432159
3036021934
3036022534
3038839503
3042312671
3045064704
3047161856
3049652703
3053388255
3053453312
3053977959
3057320415
3058696192
3061841920
3063873775
3063874015
3064725983
3067806175
3074818527
3076391391
3076522463
3087729119
3090022879
3096314215
3100049767
310116591
3102213294
3109290343
31414
3143893351
3149939461
3152282079
3159556335
3159556695
3159557654
3161570048
3161653727
3170889216
3171363584
3174826343
3176448000
3178563334
3178563633
3179282791
3182952687
318701687
3187605863
3195666911
3196059887
3196060067
3199205855
3201093120
3204914912
3205930904
3206662736
320864495
3208839347
3208839647
3210543343
3212431744
3213543632
3213691248
3214774098
3216704248
3218590160
3221225951
3221227270
3221291487
3221292446
3221292926
3221294004
322175215
322175455
3222011904
3222030139
3222323736
3223170982
3223779158
3224371192
3224371200
3225289183
3225752736
3226039894
3226883334
3227983752
3228565500
3228565743
3228565983
3228883340
3229820288
3230038013
3230073311
3230662656
3231641892
3231710955
3232004510
3232366951
3232669305
3232751291
3233829035
3234645016
3234980564
3235081035
3235498359
3235619406
3235840280
3236168159
3236265928
3236840738
3237725500
3237998475
3238002564
3238002688
3238035448
3238035449
3238044568
3238337025
3238433591
3238836856
3239036284
3239051104
3239051108
3239389965
324010463
3240332560
3240423788
3240550574
3240598636
3240624367
3240686979
3241298298
3241521647
3241774346
3242016882
3242020756
3242144500
3242147645
3242196828
3242299050
3242328543
3242812442
3243821348
3244406282
3244622183
3244785866
3245206631
3245457384
3246208698
3246387692
3246658078
3246727336
3246732560
3246915506
3246915554
3247003108
3247344416
3247492271
3247581874
3247621721
3247630030
3247698313
3248284992
3248285470
3248365208
3248419729
3248473550
3248474732
3248488414
3248997501
3249012659
3249261691
3249261694
3249271699
3249300539
3249301057
3249339643
3249536944
3249710483
3249772349
3249928496
3249944243
3250039736
3250045546
3250061278
3250061280
3250107943
3250139410
3250276239
3250344870
3250370611
3250512644
3250625940
3250716320
3250783179
3251001805
3251109808
3251140860
3251192168
3251318324
3251884980
3252100188
3252123572
3252127648
3252155318
3252158384
3252728868
3253302280
3253554544
3253604371
3253613283
3253622197
3253656100
3253731290
3253731687
3253778866
3253899028
3254245575
3254420688
3254666573
3254710094
3254925808
3254932028
3254935740
3254945404
3254952240
3254961061
3254974114
3255072267
3255150272
3255172318
3255184735
3255566296
3255600936
3255616182
3255718979
3255828442
3255878015
3255967670
3256352728
3256353547
3256407157
3257038394
3257309457
3258422221
3258449880
3258542256
3258756922
3258928738
3258962281
3258962291
3258996187
3259481571
3259498458
3259570943
3259580299
3259598633
3259815895
3259947441
3260103371
3260136802
3260189591
3260560299
3260568601
3260668854
3260762678
3261071346
3261275973
3261301754
3261595630
3261640394
3261771940
3261857752
3261926034
3261949885
3262119896
3262382036
3262382039
3262565230
3262644208
3262662283
3262794311
3262817215
3263168469
3263168472
3263299564
3263532685
3263561708
3263878285
3263906221
3264217078
3264459507
3264524861
3264610296
3264678605
3264741358
3264742014
3264835659
3264872428
3264922906
3265265656
3265592230
3265672219
3265978236
3266183159
3266314221
3266314232
3266445293
3266492852
3266498511
3266650559
3266683874
3266850412
3266969580
3267054605
3267564272
3267756023
3267913160
3268101204
3268579061
3268886957
3269047179
3269057254
3269232544
3269317939
3269442676
3269464329
3269680387
3269781279
3269984238
3270074140
3270085042
3270101814
3270101818
3270118766
3270172992
3270284066
3270354718
3270406144
3270419990
3270508536
3270528621
3270594394
3270705631
3270895241
3270904974
3271002012
3271440870
3271445802
3271506643
3271570406
3271576368
3271645706
3271657136
3271730204
3272526515
3272559199
3272636071
3272667775
3272989931
3273092884
3273132878
3273622050
3273709625
3273916751
3274253348
3274347372
3274586298
3274825396
3274955738
3275018106
3275054032
3275136962
3275167952
3275187407
3275214301
3275250981
3275339291
3275347676
3275347679
3275356153
3275383265
3275438802
3275474128
3275499842
3275506765
3275561080
3275593967
3275744390
3275749257
3275797775
3275927163
3275980785
3276010346
3276017204
3276019670
3276050091
3276050362
3276088616
3276094578
3276163914
3276175344
3276248413
3276604351
3277077408
3277154281
3277185986
3277198882
3277400896
327745715
327745955
3277651087
3277843346
3278771558
3279104508
3279343606
3279473948
3279536316
3279655172
3279705617
3279901474
3279951370
3279969032
3280104164
3280241804
3280313926
3280319641
3281781215
3288465767
3297116519
3300065759
3307667935
3309699551
3315531776
3315532255
3318481375
3330605415
3332440303
3333620071
3343384576
3367174144
3367174743
3368026831
3372941551
3394830395
3400204767
3407544799
341246191
341246431
3414032863
3425698271
3429268937
3433168896
3433562591
3434349023
3447325151
3452043743
345637223
3470196975
3474981043
3477733555
3477733735
3479240943
3499819487
3499950979
3514827231
3525836979
353632495
3539206503
3555066335
3564962511
3566862515
3569091039
357171679
3573874927
3578200423
357892575
3579183583
3590259167
3592290783
360514015
3605791199
3614114271
3615884462
3626893791
3652976999
3652977958
3657564399
3661824479
3681747423
3698524639
3700359647
372572519
3737552174
3744858351
3749381594
3751347374
3751347974
3751608679
3756457984
3756458463
3757048167
3758096863
3758162399
3758163358
3758163838
3758164916
3760260031
3765436895
3766944223
3769369295
3773039071
3774415027
3775660511
3776512239
3777300230
3792175583
3805282783
3811180903
3816161519
3818652127
3833987431
3839754479
3870490983
38732135
3880255488
3883139251
3883139491
3892904415
3895241729
3900637903
3904045056
3904045655
3904897743
3908960735
3910598715
3924361695
3925410271
3928686951
3931504879
3934978527
3934979007
3938910208
3943039335
3944415711
3950903775
3968532959
397738223
4009885935
4009886175
4011065583
4011065823
4016111855
4018930143
4022534623
4022862183
4035969203
4035969383
4036690399
4041212383
4068278511
4073652583
4090888671
4090954207
4091937247
4098294239
4102226399
4103931654
4105371887
4111204831
4116054495
4123066607
4123394527
4128768179
4128768359
4129161695
4139450847
4141547999
4147249631
4150985183
4152755374
4155900143
4159570279
4163699167
4164813039
4173398495
417464799
4175626719
4186505695
4194238703
4194435311
4198695391
4203086303
4203087022
4227203551
4237033951
4240967430
4240968329
4249223527
4263903351
4271571183
4271571423
4274258399
4281089606
4287889887
4290971398
4293525623
4293919079
429523423
434307311
43494
436469939
436470239
442302943
4653535
469041391
47710687
479
493879715
496717012
513540455
515506535
515507135
516620647
520
521074999
524681695
524746931
524747111
529203200
529727967
529728686
533135839
535757159
536805855
537591808
538181632
543817967
547946975
553648607
55836911
55837151
561644239
5636275
5636575
569311471
569508319
569508799
572719583
575275127
575930847
579928423
584581599
588644831
59459
598343799
599916723
599917023
61732
623247599
630523654
639697135
639697375
644415727
65995231
667680768
66847199
670761439
680067311
681050471
681050591
688390623
703660391
715784671
723124703
724435423
726860255
726925551
726925791
726926271
730792415
738854662
738855261
740688051
741277935
741540319
752877807
761201119
764674527
771688198
777977975
800195039
804258271
811270623
81592559
822018407
833488046
840237295
849740255
852885983
853279079
860881375
86376687
878379367
879428063
888930483
894763487
894764806
894765405
895484143
902103519
905839071
916914535
920977887
923271168
924844032
928973279
933232640
935854080
947912704
952762607
952762787
9654
966394335
970326495
974127343
979173855
979502254
979503453
98304479
990052352
990056448
990060544
994117382
998445056
