0
1
1000
1002307823
1002373359
1010434527
1015255040
1015939551
1020068799
102106286
1023398784
1023413248
1024
1024328159
1028981095
1029244378
1031014150
1031014449
1031798784
1032189888
1033241055
1033896415
1037895430
1038354182
1048576000
1048576032
1051263455
1052842544
1063256543
1063343692
1064849424
1067198464
1067450368
1070006751
1070989551
1071317351
1072037888
1072038367
1073615995
1073676767
1073742303
1073743742
1073745420
1074530174
1074531852
1074790098
1075052903
1075577071
1076717586
1076887552
1078919407
1080689119
1082029652
1082067508
1082067516
1082126079
1082130432
1082130440
1082134624
1082134632
1082134636
1082166700
1082182860
1082182872
1082235288
1082606517
1082606519
1082654720
1082774932
1083554980
1084031215
1084227584
1084346683
1085014255
1089143743
1090470834
1090470838
1090519036
1090519037
1090519040
1090519042
1090757082
1090757083
1091011839
1091185590
1091240415
1094713341
1094713342
1094713343
1094713344
1094765783
1094779359
1094975486
1096948110
1098907647
1098907648
1098907652
1098908696
1099038720
1099038721
1101004797
1101004799
1101005818
1102448390
1103101950
1103116138
1103234067
1105198084
1105199107
1105199675
1105199676
1105330174
1108607875
1114636647
1114767719
1114898671
1116145414
1127678431
1133380063
1133380543
1135152367
1138667948
1139203669
1139300687
1139344290
1139362410
1139465812
1139624413
1139643778
1139959464
1140156067
1140184293
1140263291
1140271220
1140282662
1140285012
1140312882
1140330037
1140336125
1140336812
1140361280
1140361341
1140392042
1140428442
1140437735
1140447809
1140480606
1140481851
1140488153
1140500004
1140511690
1140524542
1140524873
1140526445
1140539502
1140563395
1140566483
1140571212
1140571297
1140584628
1140592261
1140598340
1140601947
1140611206
1140624801
1140634404
1140647477
1140650279
1140654819
1140656927
1140666003
1140700074
1140711697
1140721427
1140739387
1140741738
1140762481
1140776997
1140781874
1140791648
1140794839
1140800019
1140809299
1140842639
1140845423
1140882916
1140891449
1140894280
1140894539
1140900800
1140900810
1140901221
1140907462
1140907712
1140921417
1140925149
1140944013
1140945952
1140948682
1140949137
1140950161
1140961065
1140961066
1140963857
1140969755
1140977632
1140977709
1140978183
1140978466
1140983030
1140985084
1140991362
1140997798
1141000626
1141002981
1141004879
1141007052
1141008005
1141012753
1141016353
1141020926
1141023800
1141025898
1141026600
1141035008
1141036836
1141037555
1141042765
1141053101
1141057170
1141064788
1141066953
1141066959
1141070375
1141075027
1141075754
1141079273
1141086870
1141097806
1141101208
1141103779
1141103803
1141105494
1141110025
1141111652
1141113350
1141117112
1141120605
1141122925
1141123552
1141124648
1141125151
1141126187
1141135262
1141138616
1141141289
1141142201
1141150916
1141151246
1141151716
1141158483
1141163820
1141167493
1141172616
1141175568
1141177762
1141183178
1141188531
1141201487
1141202438
1141204079
1141205001
1141207932
1141208896
1141213716
1141218643
1141252904
1141253815
1141256634
1141270859
1141276100
1141276722
1141277861
1141282671
1141282975
1141285308
1141286499
1141307180
1141310570
1141310798
1141320859
1141324314
1141326543
1141327904
1141340302
1141356103
1141358271
1141361129
1141366163
1141368197
1141368570
1141368571
1141370500
1141370665
1141378532
1141389816
1141406948
1141418298
1141419708
1141441932
1141445921
1141451436
1141454700
1141456187
1141461573
1141461580
1141462951
1141467331
1141471155
1141478834
1141479327
1141489212
1141496861
1141501539
1141501738
1141520927
1141524442
1141530934
1141532296
1141533156
1141535370
1141537360
1141546703
1141561734
1141573239
1141573251
1141574777
1141591934
1141595991
1141596163
1141606923
1141616424
1141623572
1141623815
1141624658
1141638010
1141648390
1141651924
1141656415
1141658818
1141664114
1141665130
1141665519
1141666257
1141670803
1141671269
1141675608
1141677067
1141677708
1141681960
1141689937
1141694663
1141720957
1141720997
1141721403
1141751170
1141760298
1141761950
1141761999
1141781011
1141781019
1141786379
1141789948
1141790740
1141793208
1141815766
1141817976
1141820133
1141826168
1141863841
1141867577
1141879126
1141894952
1141901398
1141910597
1141940795
1141956537
1141996504
1142010950
1142070604
1142110178
1142124328
1142132135
1142137413
1142139569
1142145605
1142153938
1142162996
1142183275
1142191780
1142198563
1142233448
1142260231
1142400625
1142429086
1142501160
1142524751
1142525836
1142539659
1142558193
1142559826
1142589591
1142624298
1142730940
1142744230
1142765034
1142774107
1142843656
1142844185
1142847462
1142851484
1142859093
1142863032
1142872727
1142881800
1142894295
1142943532
1142957249
1142957259
1143009657
1143075113
1143082344
1143112578
1143125982
1143133373
1143143316
1143143377
1143148681
1143154252
1143160252
1143166472
1143168101
1143280705
1143290297
1143339422
1143342945
1143354588
1143368798
1143378461
1143434978
1143463395
1143481010
1143496234
1143502368
1143512633
1143519398
1143535283
1143545658
1143712861
1143721577
1143751110
1143818445
1143890134
1144067399
1144259863
1144392154
1144573487
1144582282
1144646037
1144654842
1144661374
1144667211
1144674932
1144687762
1144718872
1144734144
1144738018
1144764565
1144778643
1144787503
1144790601
1144811992
1144821465
1144823563
1144825681
1144828629
1144844264
1144853974
1144861602
1144863334
1144868946
1144876913
1144885135
1144915821
1144922937
1144923958
1144936086
1144957944
1144959848
1144978312
1144983670
1144987918
1144990942
1144999164
1145002222
1145008797
1145009322
1145010288
1145012711
1145026830
1145030882
1145048747
1145065905
1145097482
1145106425
1145121759
1145131065
1145140880
1145148645
1145164061
1145164739
1145176451
1145178031
1145181054
1145182110
1145183770
1145204472
1145210576
1145218129
1145220629
1145223112
1145228642
1145242106
1145243690
1145244819
1145245483
1145246617
1145247507
1145248686
1145255994
1145260545
1145261329
1145261737
1145270845
1145272301
1145273717
1145275214
1145283138
1145284712
1145295100
1145297201
1145309655
1145315449
1145319697
1145327317
1145328317
1145332162
1145337545
1145339738
1145352915
1145362144
1145374687
1145385772
1145399413
1145413820
1145416752
1145420668
1145421990
1145431761
1145436492
1145438847
1145441962
1145443493
1145445175
1145446636
1145448906
1145450662
1145464399
1145486692
1145488707
1145491548
1145502416
1145517697
1145518195
1145522313
1145544006
1145546084
1145560796
1145577446
1145583188
1145598185
1145610777
1145614650
1145618683
1145619937
1145624884
1145626479
1145627867
1145634468
1145637357
1145641692
1145645568
1145654615
1145668769
1145679530
1145703682
1145705035
1145714070
1145720758
1145721664
1145728596
1145745305
1145762769
1145764219
1145783501
1145798678
1145815522
1145822541
1145848084
1145855126
1145855812
1145855813
1145870719
1145876254
1145885313
1145897200
1145900432
1145905199
1145906549
1145912992
1145913044
1145931324
1145942750
1145962009
1145975894
1145984725
1146000680
1146052288
1146121110
1146122495
1146157168
1146160027
1146180411
1146278715
1146467392
1146491706
1146623280
1146628023
1146851125
1146851726
1146855606
1146856207
1146867352
1146867360
1146875954
1146917689
1146947460
1147016494
1147097915
1147130681
1147156984
1147160977
1147173480
1147212601
1147226750
1147234496
1147243806
1147279708
1147281941
1147288193
1147289024
1147355651
1147452989
1147492980
1147507119
1147529338
1147533686
1147597571
1147701021
1147710464
1147714845
1147732783
1147769307
1147776761
1147795676
1147802175
1147821479
1147824654
1147869279
1147869511
1147870116
1147878045
1147917541
1147928405
1147949881
1147958123
1147961475
1148014665
1148015415
1148039355
1148064569
1148087416
1148192488
1148384250
1148392248
1148767988
1148768589
1148772468
1148773069
1148784214
1148784220
1148792814
1149056543
1149066324
1149142170
1149143612
1149196570
1149198802
1149201098
1149205054
1149255905
1149304571
1149331636
1149338739
1149342746
1149344923
1149346838
1149356815
1149372732
1149373554
1149376864
1149422961
1149444471
1149462731
1149466458
1149475917
1149488818
1149490404
1149512718
1149512833
1149513136
1149513625
1149517101
1149542279
1149546221
1149555835
1149557141
1149558815
1149565954
1149566958
1149584335
1149621788
1149637616
1149638663
1149638664
1149639724
1149657685
1149658550
1149665338
1149669449
1149674323
1149688862
1149694927
1149722355
1149726466
1149727860
1149731282
1149732026
1149751255
1149810247
1149854881
1149864488
1149868173
1149868452
1149870014
1149873626
1149901559
1149902800
1149906682
1149908596
1149926589
1149927418
1149989515
1150002722
1150017152
1150035396
1150036963
1150059329
1150066649
1150070914
1150108268
1150115684
1150122393
1150138153
1150154448
1150162243
1150169388
1150177100
1150183404
1150207886
1150214828
1150219243
1150253027
1150287436
1150296826
1150305468
1150306897
1150315356
1152
1163329775
1169031647
1176371559
117902260
1180007
1183121647
1183122367
1187053807
1195181230
1195181830
1198194927
1198260703
1198981359
1204552159
1205141504
1219559903
1235157231
1235157471
1242563039
1244071686
1252655583
1264517479
1276576463
1278149087
1286799839
1292570124
1293287783
1295188447
1301414367
1310458215
1310720
1312361097
1313
1322910175
1324286431
133628143
133890527
1344930990
1361904095
1365574111
1377173983
1387069799
1408
1410
1415187081
1417806303
1428161231
1431634399
143196399
1434452207
1443299687
1446642143
144835519
1457127663
1479147759
1479344607
1485635943
1485636063
1489371495
1491272159
1491274377
1496514799
1498612071
15
1533215079
1534460143
1534460383
15401919
1541603807
1548878063
1552810463
1553334511
1564148071
1570111967
1570767327
1576403183
1576468719
1576927591
1577977606
1584988639
158794207
1588134367
1588527583
1590755567
1593378566
1600061679
1600127215
1603470510
1605304559
1610547679
1610613215
1610613934
1610614234
1610614654
1610616332
1611333632
1611401086
1611402764
1611923815
1612448703
161415407
161415647
1614610911
1618674023
1620902127
1621688679
1624966079
1629487463
1629946095
1630142823
1636041183
1639711079
1643053415
1643512047
1645478787
1649869759
1651507559
1651704167
1653016326
1664
1665204463
1670250855
1670250975
1674
1677787495
1679032799
1680867807
1684603119
168821215
1696989663
1713242471
1719927143
1720975599
1731635570
1741423071
1741750511
1743716831
1753809135
1753809375
1780942598
178913759
1789526495
1808664925
1813447375
1819738351
1819739071
1822490624
1830158695
1841926314
1843528159
1847329127
1859518703
1861157343
186253791
1889272707
1892155871
1898775007
189989343
190054639
190054879
190055359
1905
1913979119
1919287535
1923940711
1928069599
1928528231
1930232287
19530207
1954284239
1954677215
1958412767
1958715584
1963459519
1965032143
1968505311
1970340319
1974141407
1979580895
1980170599
20
2000
2014502296
2016215519
2022506855
2022506975
2026242407
2028143071
2035482983
204407023
204669407
2052522343
2053244078
2053245277
2070085991
2071333513
2078474719
2085748975
2087846367
2097
2099773919
2101018983
2113798503
2121859551
2121990623
212271583
2125398495
2125529327
2147418591
2147549663
2147550382
2147550622
2147550682
2147551102
2147552180
2148270080
2151481823
2151547359
2153119983
2156331487
2158625127
2161377519
2162426335
2166817247
2179989863
2199323103
2207187423
2208039391
220922095
221381567
221382406
2214723943
2223374695
2224621617
2233926111
2237661423
2256863591
2258501871
2258502111
2259878247
2266825663
2266826622
2266827700
2269642752
2277088634
2278556127
2293432320
2293432919
2293629407
2293629887
2294285007
2304902618
2308047087
2326462943
2335835071
2340291039
2359427072
2365784303
2379525915
238030348
2380464607
238551519
2386100463
2386100703
239
2396455151
2405499119
2426077663
2426209155
2465464679
2481324511
2491220687
2494890943
2495349215
2499151022
2499151622
2505441759
2505443078
2505443677
25101247
2512781791
2516517343
2518548959
2527002863
2527003103
2530935263
253493248
2536636895
2540372447
2542142638
2550858207
2553151967
2559443423
256
2565079519
257
2583822575
2588082655
2603221951
2603222790
2603222910
2605253567
2624782815
263324127
2639922650
2643329503
2649031135
2681340263
2682716160
2682716639
2683306343
2684355039
2684420575
2684421534
2684422014
2684423092
2688811367
2691694831
2691695071
2692415727
2693202399
2695627471
2696675687
2699297247
2701918687
2703753455
2733113823
2733834719
2736194015
2738356703
2739733439
2744910303
2760245607
2766012655
2777154015
2796749159
2806513664
2824536303
2826896079
2830303232
2830303831
2831155919
28418
2842755551
2844393951
2850619871
2854945127
2861236703
2861237183
2863333855
2865168384
2869297511
2870673887
2877161951
2877686239
2877686719
2884501983
2888827359
2896691679
2917335519
291832287
2922971615
29360607
2936472031
2939094790
2942370031
2945188319
2948792799
2949185895
2953511151
2960589759
2961180422
2962948575
296617134
2994536687
3000
3002663151
3002663391
3004957031
3017671135
3018195423
3018260959
3022848239
303366383
3037004015
3042312671
3042313990
3042314589
3045064704
3051619263
3053846887
3055419871
3056665535
3061841920
3063939072
3077243359
3079013550
3082223855
3090022879
3096314335
3101884895
3101950431
3120693487
3124953567
312869343
3129425920
3132293359
3140813759
31414
3145138415
3145138655
3149939461
316015071
3161852253
3165651183
3165651423
3170828767
3171342080
3171344000
3171416192
3171417088
3171454464
3180201734
3198081408
3204914912
3205930904
3209146368
3210281199
3212510682
3214148063
3214476462
3214477062
3216704248
3218867974
3219587072
3219587551
3220177255
3221225951
3221291008
3224371192
3224371200
3227655004
3228238783
3228565500
3228565983
3229679639
3229679647
3229820288
3232367071
3232498383
3235498359
3235840280
3236098061
3237144051
3237998475
3237998481
3238002670
3238002687
3238002688
3238035447
3238035448
3238035449
3238035460
3238789599
3239641327
3246064335
3269001695
3275227615
3280929247
3289711071
3302883567
3307667695
3314024927
3346858223
3346858463
3352100864
3357541550
3357542150
3363766991
3375497695
3375563231
337773023
3379626463
3381133791
3387490783
3391816039
3398107615
3398108095
3400204767
3402039296
3406168423
3407544799
341377024
341508455
3415212511
3419275503
3419275743
3421372895
3429268937
3448963551
3456108294
3462398071
347013599
348193247
3482059231
3485663711
3485991271
3486056807
3493003743
3495690719
3506438503
351208622
3527540975
3528851695
3531407599
3538747871
3545301471
3561423327
3568500975
357892575
3579183583
35848671
3586523615
3604677087
3619029231
3619094767
3627811775
3627942127
3636527583
3638300172
3638755807
3638821343
3650814431
365232607
3657367791
3663593951
3666215391
3666216110
3677684671
368968159
3701211615
3721527655
3723429038
3734831463
3737552174
3737911655
3737977311
3740664047
3740664767
3750494208
3751018975
3754426847
3755540959
3757048167
3758096384
3758096863
3758162399
3758882816
3759472640
3765043679
3769237983
3769303399
3772514783
3772515263
3772711391
3782935247
3783590367
3794010591
3801219431
3805872607
3817800159
382534111
3833987551
384106975
3844538607
384828111
386334959
3867542463
3879601326
3879601926
3882615023
3882680799
3883532527
3888840943
3888841663
3888971776
3891593695
3892052447
3894412462
3894413062
3895241729
3895656927
3916956127
391971295
392102367
3926983135
3937075679
3942187487
3944415471
3948151263
3948216559
3948216799
3948217279
3951427823
3951428543
3962569183
3962831327
3985834463
3986882799
3992979206
3996713439
3999268983
400361222
4017488351
4021486047
4029874655
4032561631
4038919103
4040229823
4043309415
4054779054
4061594079
4071031263
4074176991
4082172383
40829287
4095934943
4097114591
4098556383
4099670375
4109763758
4109764358
4115595743
4116054495
411894239
4127130079
4137615599
4137615839
4142268895
4148953567
4161470943
4163764583
4170056159
417529856
4175692255
4177723631
4187685343
4190437735
4200464863
4215408390
4221698287
4233298399
42469126
4264101638
4271636839
4271702375
4274782567
4274848223
4275634535
4277535199
427885023
4281089606
4287365120
4287890606
4291297759
4292411871
43057511
43494
442631342
442632541
442695919
450824841
455148479
457246470
467338175
473563615
475136479
479
487457247
488702311
491323871
492110183
494143238
494143537
496717012
49676527
501088735
512623551
512624510
512624989
517472615
520
520618223
521074999
524288359
524878183
526188783
528090586
530056366
530056966
533135839
534446439
535166976
535167455
536284684
536805855
536871391
537659262
537660340
538050919
53936607
548143583
55116255
554041823
554369503
556138975
556401119
557908447
562299119
566231519
568066527
577700199
578093535
580061833
584778087
590807519
591987167
593756639
59459
59640457
596509151
600703455
604832223
612565471
61732
620298719
625215238
632160735
63832543
642515183
644677871
654773172
667877855
668270592
682688991
6947055
6947295
698155247
698286559
699336454
699337353
701759727
705692127
709820655
715784671
720896
749928927
755699212
75694559
75825631
769786335
774900361
774901260
775422431
788350
789428
790364160
798294495
808060078
83427807
835127046
858980831
878247936
878316169
88344326
883884511
885064159
888079534
894763487
894764806
895221999
895550399
895551358
895553036
897581056
905969664
909116351
914358272
915406848
917504000
918552576
919405023
919601152
921698304
921699023
922419439
922419679
922746880
923271168
923795456
924844032
926416896
926941184
928842207
929038336
930218343
931135488
932184064
932708352
933232640
933756928
935329792
935854080
937231295
939524096
943522031
952107487
954401247
957219295
964755935
9654
978256231
981795295
981796014
990040064
990052352
990056448
990060544
990109696
