0
1
1000
1010434527
1023384064
1023398784
1024
1024328159
1028981095
1031798784
1032189888
1048576000
1048576032
1049495422
1049495901
1050210944
1052842544
1063343692
1067597488
1068433647
1070006751
1071317351
1072037888
1072038367
1073676767
1073743742
1073745420
1074530174
1074531852
1075025008
1075052903
1075839935
1076329952
1076329956
1082130432
1082130440
1082134624
1082405288
1082606517
1082606519
1082654720
1082868268
1082868270
1082868272
1084031215
1084227584
1084371586
1084371588
1084371646
1085538543
1085538783
1085680344
1085680352
1086838242
1088403546
1088421887
1090757082
1090757083
1091240415
1092092522
1092092523
1092092525
1092223548
1092223550
1093762496
1093762498
1093762500
1095290001
1095290481
1096521288
1097514481
1099170271
1099764133
1102223286
1102223287
1102674929
1103994691
1104026407
1104026408
1104541864
1104541865
1104578142
1104578144
1105421831
1105676966
1105775503
1106023472
1106365941
1106837743
1106837983
1107464234
1107616613
1107756411
1107815551
1107900009
1107934517
1108031083
1108164379
1108309338
1108607875
1108633833
1108878416
1109807336
1109865123
1110405458
1110560383
1112020242
1113068828
1113085874
1113326047
1113885328
1114636647
1114658706
1114767719
1115516460
1115671377
1115687547
1115687561
1115709609
1115711916
1115717418
1115727289
1115799043
1115804601
1116092496
1116145414
1116145534
1116469937
1116594280
1116645682
1116646978
1116653302
1116813428
1116886009
1116932745
1116940868
1117433227
1117440614
1117446643
1117505055
1117565917
1117580774
1117597423
1117674977
1117726882
1117747558
1117929216
1118154074
1118351136
1118351216
1118354541
1118391276
1118770425
1118862718
1118886355
1119025444
1119075657
1119149785
1119183798
1119201183
1119208805
1119226507
1119351944
1119669537
1119707768
1119839720
1119927211
1119975191
1119975286
1119988728
1120005746
1120024969
1120038002
1120226876
1120282390
1120358502
1120484724
1120756668
1120784776
1120854499
1120907462
1121175289
1121272828
1121358549
1121408567
1121436764
1121620640
1121631163
1121739305
1121913092
1121913096
1122010937
1122108768
1122173018
1122263173
1122263274
1122400335
1122519664
1122712114
1122782384
1122794241
1122798231
1122828498
1122837357
1122837418
1122848376
1122912761
1122914008
1122975438
1123058448
1123108192
1123158676
1123312179
1123322310
1123340287
1123410010
1123549988
1123617036
1123730798
1123914062
1124234772
1124269637
1124271436
1124317398
1124319958
1124368874
1124480454
1124599116
1124613804
1124657112
1124721328
1124733170
1124733200
1124772087
1124881031
1124889658
1124913799
1125064488
1125125632
1125164353
1125173986
1125372310
1125595156
1125652927
1125891560
1126049846
1126158790
1126167417
1126191558
1126241408
1126342244
1126403392
1126650068
1126925450
1127678431
1127708133
1127712468
1127767770
1127967487
1128301710
1128985896
1129045534
1135152367
1142161887
1147557799
1147673165
1147794977
1148139875
1148447568
1148494857
1148523612
1148524213
1148528092
1148528693
1148539836
1148539843
1148546603
1148548438
1148557455
1148558523
1148586792
1148626435
1148646883
1148787061
1148899238
1148952196
1148954426
1148960678
1149028137
1149081922
1149084405
1149096932
1149125473
1149179605
1149201826
1149206174
1149207023
1149229957
1149253966
1149254678
1149268292
1149294936
1149298800
1149300161
1149300772
1149301024
1149304439
1149311146
1149314334
1149316495
1149322284
1149340545
1149344273
1149351821
1149353730
1149357878
1149366632
1149367472
1149367699
1149368218
1149370531
1149371525
1149376756
1149384256
1149390532
1149390647
1149390949
1149391439
1149394914
1149420093
1149434954
1149436629
1149473731
1149499599
1149515427
1149516475
1149516476
1149517534
1149535495
1149536361
1149543151
1149547262
1149552135
1149566672
1149572738
1149600167
1149601169
1149604278
1149609091
1149609838
1149629068
1149648164
1149654872
1149699643
1149711229
1149728606
1149732692
1149733592
1149742300
1149746263
1149781040
1149804403
1149896931
1149902386
1149944460
1149986079
1150015968
1150032259
1150040055
1150047352
1150054911
1150058785
1150061218
1150085701
1150092643
1150097059
1150105036
1150130841
1150165251
1150165941
1150183283
1150184711
1150186223
1150224336
1150276821
1150338390
1150411735
1150413184
1150448854
1150530258
1150530559
1150530673
1150532499
1150532800
1150538371
1150538374
1150538965
1150542672
1150564315
1150604502
1150612694
1150657102
1150667219
1150718072
1150731331
1150744551
1150745665
1150748792
1150755941
1150778582
1150782522
1150792543
1150801109
1150831190
1150849501
1150850324
1150858256
1150869365
1150871539
1150884317
1150903482
1150903830
1150913402
1150923990
1150935934
1150959126
1150971089
1150989350
1150993078
1151002535
1151005784
1151015436
1151017023
1151039337
1151039452
1151039755
1151043720
1151063468
1151068898
1151070246
1151075137
1151083759
1151085434
1151124375
1151148405
1151200941
1151296825
1151317173
1151399093
1151440053
1151488691
1151488992
1151490931
1151491232
1151496805
1151496808
1151501106
1151676505
1151702984
1151704098
1151707225
1151740955
1151789624
1151800502
1151816689
1151827798
1151829972
1151861915
1151898806
1151929523
1151947782
1151951512
1151960968
1151973869
1151975457
1151997769
1151997885
1151998187
1152
1152002152
1152027332
1152042192
1152043867
1152106838
1152159374
1169031647
1176371559
117902260
1180007
1204552159
1205141504
1209992366
1209992966
1219559903
1224016351
1241186543
1241186783
1242563039
1244071686
1247084783
1252655583
1276576463
1278149087
1290076399
1290076639
1292570124
1293287783
1306657247
131006943
1310458215
1310720
1313
1324286431
133890527
1344930990
1345454559
1361904095
1365574111
1371997958
1387069799
1391198687
1408
1410
1415187081
1416298975
1428161231
1431634399
1431635718
1431701254
1431701374
1432422749
1438646511
1443299687
1443430639
1443430879
1445331183
1445331423
1454047711
1457127663
1464140255
1467025278
1474824062
1474824841
1479344607
1485635943
1489371495
1491535022
1498612071
15
1533215079
1541603807
1542783455
1548878063
1556547334
1556548233
1564148071
1565065695
1576927591
1584988639
1588527583
1589838303
1590428127
1600323823
1600324063
1605304559
1607991775
1610547439
1610547679
1610613215
1610614654
1610616332
1611333632
1611401086
1611402764
1611923815
1614545375
1620902127
1621688679
1636041183
1641808351
1643053415
1645478787
1651507559
1651704167
1653016326
1664
1664549343
1674
1677787495
1686438367
1689387487
1696989663
1707803103
1713242471
1719927143
1731635570
1741423071
1756692959
1756693439
1768751583
1769406943
1771374941
1779433951
1780942598
178913519
178913759
1789526495
1801322735
1801322975
1813447375
1822490624
1823605215
1830158695
1836646879
1841926314
1847329127
1849232009
1859518703
1861157343
1867710823
1872036319
1889272707
1898775007
189989343
190054639
190054879
190055359
1904148959
1905
1923940711
192610543
192610783
19268063
1928528231
193921503
1948385759
1950287742
1954284239
1958412767
1958715584
1962214574
1962215174
1963196775
1965032143
1968505311
1969553767
1979580895
1980170599
1990066415
1990066655
1993998815
20
2000
2013921759
2014502296
2016215519
2022506855
2026242407
2035482983
204407023
204669407
204932031
2070085991
2071069151
2078474719
2079654127
2085748975
2087846367
2101018983
2113798503
2121859551
2125398495
2145255783
2147418591
2147419910
2147549663
2147550622
2147551102
2147552180
2148270080
2151481823
2154496239
2156331487
2158625127
2162426335
2167079391
2176909791
2179989863
2180186591
2180187071
2196963807
2202862527
2208039391
2214723943
2223374695
2233008367
2233008607
2233926111
2256863591
2259878247
2267021791
2269642752
2277088634
2280653279
2293432320
2293432919
2293629407
2293629887
2294285007
2326462943
232915423
2340291039
2349532934
2349533533
2351956447
2359427072
2359820767
2368995807
2378301919
2379525915
238030348
2380464607
239
2396455151
2405499119
2426077663
2426209155
2430599647
2439381471
2465464679
2480275935
2480341471
2481324511
2491220687
2493318918
249364959
2495349215
2495742431
2500
2500133103
2500592095
2505441759
2505443198
2505444276
2506162415
2516517343
2518548959
2520449503
2528838111
2530935263
2531786991
2531787231
253493248
2539520479
2540372447
2542142638
25428207
2553086431
2559443423
256
2565080958
2565082036
2568028399
2568028639
257
2583822575
2588082655
25952735
2624782815
2626421215
263324127
2641692422
2641692721
2646083454
2672885999
2672886239
2675639770
2677605550
2677606150
2682716160
2682716639
2683306343
2684355039
2684420575
2684421534
2684422014
2684423092
2693202399
2695627471
2699297247
2701918687
2705457631
2718433759
2730100486
2730100785
2733834719
2739733439
2744910303
2750415327
2751267295
2760245607
2766012655
2782724575
2796749159
2806513664
282263791
282264031
2826896079
2830303232
2830303831
2831155919
2833449439
2835546351
2835546591
28418
2850619871
2851668447
2854945127
2861171167
2861171647
2863333615
2863333855
2864906479
2864906719
2865168384
2869297511
2877161951
2884436447
2888827359
2897478111
2917335519
2942370031
2945188319
2946041606
2948792799
2949120359
2962948575
296617134
2994536687
3000
3016884463
3016884703
3018195423
3024552415
3031630063
3037004015
3041591775
3042312671
3043885295
3043885535
3045064704
3047161856
3053453312
3055419871
3058696192
3061841920
3067806175
3070230528
3070689639
3077243359
3079013550
3082158319
3089957343
3091071215
3096314335
3099656671
3101884895
3112763871
3120693487
3124953567
312869343
3129344479
3129345198
3140093702
31414
3149939461
316015071
3161570048
3163488735
3171342336
3171457280
3171573504
3184264966
3184265565
3188048064
3199796998
3199797118
3201093120
3204914912
3205930904
3214148063
3216704248
3219587072
3219587551
3220177255
3221225472
3221225951
3221291487
3221293405
3223649973
3224371192
3224371200
3225881152
3226780577
3228565500
3229679647
3229820288
3232367071
3232498383
3234568036
3235498359
3235840280
3236577988
3236674056
3237998475
3237998481
3238002687
3238002688
3238035447
3238035448
3238035449
3238789599
3241491229
3243308297
3243308343
3243308344
3244570504
3245682979
3246064335
3246469698
3246719455
3248141746
3248141751
3248730763
3248730764
3248730766
3251055470
3251864792
3253039422
3254472884
3254472885
3254833270
3254833272
3255160340
3255469510
3255484754
3255587552
3255836240
3256109322
3257178032
3260005381
3262530872
3262685792
326566127
326567386
326567686
3269001695
3275227615
3302883567
3307667695
3325297119
3342730414
3342731014
3345744111
3345809887
3352100864
3363766991
3372810719
3387490783
3388735727
3388735967
3391816039
3398042079
3398042559
3400204527
3400204767
3402039296
3406168423
3408855519
341377024
341508455
3421307359
3425698271
3429268937
3448963551
3454206431
3456108294
3462398071
347013599
3482059231
3485663711
3485991271
3495690719
3502376710
3506438503
351208622
3524723167
3531407599
3545301471
3561423327
3565355487
3568500975
357893894
357894014
357894493
3579183343
3579183583
35848671
3604677087
3610378719
3619029231
3632136431
3633185247
3638755807
3650814431
3663593951
3681289990
368968159
3692429791
3698655471
3698655711
3703899071
3707699679
371589359
371589599
3718775023
3718775263
3730374895
3730375135
3734765927
3737552174
3737911655
3746627823
3746628063
3750494208
3751018975
3751019694
3752919279
3752919519
3754426847
3757048167
3758096384
3758096863
3758163118
3758163418
3758882816
3759472640
3769237983
3782935247
3783590367
3794010591
3801219431
3805872607
3812098527
3814261215
3818324447
382534111
3825598943
3834184159
3838247391
384106975
3844538607
384828111
3857449439
3860268926
3860594927
3860595167
3888971776
3892052447
3895241729
3897952006
3910732425
392102367
3935764959
3937075439
3937075679
3937076998
3937077897
3948151263
3948216559
3948216799
3948217279
3962568943
3962569183
3962831327
3980591463
398196975
398197215
3992979206
3999268983
4021486047
4032561631
4043309415
4054779054
4061528303
4071031263
4074176991
4082172383
40829287
4099670375
4100719071
4116054255
4116054495
41222623
4127130079
4142268895
4150264287
4159244937
4187685343
4200464863
4200793262
4200794461
4202300890
4202301190
4215408390
4231791071
4233298399
426181087
4267245807
4267246047
4271636839
4274782567
4275634535
4277797343
427885023
4281089606
4284350703
4287365120
4289134831
4289135071
4291297759
43057511
43494
4456927
457246470
458948847
458949087
460325103
460325343
473563615
474810717
475136479
477364703
479
487457247
492110183
492373466
496717012
497025503
509083887
509084127
511574495
517472615
517669823
51773919
519702398
520
521074999
526188783
533135839
534446439
535166976
535167455
536805855
537659262
537660340
538050919
550568175
550568415
55116255
554369503
562299119
566428127
577700199
578093535
579340038
590807519
591987167
59459
59639558
600703455
604832223
612565471
616366559
61732
620298719
625215238
629604831
632160735
63832543
648020207
654773172
656149129
667419103
668270592
670302687
67961311
682688991
695206367
705692127
713621743
713621983
715784671
720896
733282783
736952799
741278175
755699212
75694559
758253318
774901260
775946599
788350
789428
790364160
808060078
823656927
83427807
878247936
878315390
878316169
88344326
883884511
888079534
894763247
894763487
895420286
897581056
914358272
915865959
919405023
919601152
920256751
921699023
922746880
923271168
924844032
926941184
933232640
935854080
948765151
964755935
9654
987694974
987695753
990052352
990056448
990058496
990060544
990109696
997589231
997589471
