0
1
1000
1004732895
1012007151
1014104543
1023398784
1023409152
1023409664
1024
102629735
1027277159
10289391
1031798784
1032189888
1032585695
1040056679
1040253167
1044907782
1048117727
1048576000
1048576032
1049006976
1051656671
1052842544
1063059695
1063844704
1070532848
107153757
1072628071
1073615995
1073676767
1073742303
1073743022
1073743262
1073743322
1073743742
1073744221
1073744820
1074462720
1074790098
1076717586
1077739999
1077936367
1078133095
1082130432
1082130440
1082131336
1082134624
1082524127
1082606517
1082606519
1082654720
1084227584
1084817767
1084949199
1085014495
1087373312
1088618975
1088996508
1090518155
1090518159
1090519492
1090757082
1090757083
1090899678
1091240415
1092551135
1093140480
109314407
1094321174
1094712960
1094713129
1094713226
1094713324
1094713343
1094975496
1095689848
1096268270
1096547910
1098319394
1098383360
1098868088
1098907645
1098907647
1098907648
1099169792
1099170031
1099620714
1099825149
1100152828
1100480507
1100612631
1101005990
1102284310
1104197048
1105239821
1105738760
1106182503
1106205820
1106689592
1107093162
1107487586
11075943
1107760558
1107978125
1108200284
1108341569
1108596898
1108798603
1109422632
1110082726
1110268092
1110523754
1110545914
1111100714
1111146454
1112307047
1114964447
1115874554
1118944452
1118949267
1118980302
1118985117
1119074268
1119074321
1119083771
1119143072
1120394476
1121949469
1122373136
1122390977
1122440997
1122753772
1122980678
1123024662
1123147005
1123196015
1123308231
1123685868
1123759342
1124028804
1124132928
1124221808
1124239214
1124494744
1124564705
1124962837
1125035606
1125181681
1125211506
1125287174
1125390376
1125403070
1125581580
1125582508
1125584925
1125616639
1125618695
1125818074
1125936968
1125950360
1125969523
1126283394
1126428282
1126454140
1126874427
1127149181
1127280243
1127678431
1127804536
1134232031
1135152367
1140916583
1141703135
1149567335
1152
1155334383
1160118751
1177747935
1183056231
1186070887
1195835392
1216217807
1219624960
1219625559
1220477647
1239941599
1244266855
1250492895
1250493375
1252655583
1254490112
1258619239
1259995615
1266483679
1278149087
1281032551
1284178399
1285619712
1286013407
1292173551
1306657247
130810335
1311079
131269087
1313
131399680
1315702534
1322647791
133104095
1331691759
1334510047
1338114527
1338442087
1352270303
1352401795
1383858415
1391657319
1407517151
1408
1410
1417413327
1421541855
1431634399
143328191
1442709983
1444741599
1452671215
1457127663
145818079
1461321967
1466565087
1468335278
1471480047
1479344607
1485636063
1491206623
15
1510015215
1514275295
1521025503
1550975455
1554317791
1560150495
1567752671
1567754589
1588134367
1597505775
1601832410
1603469791
1603798190
1603798790
1605304559
1608908800
1608909279
1609498983
1610547679
1610613215
1610614174
1610614654
1610615732
1612513519
1617560031
1619395039
1621688799
1621820111
1621885167
1622081775
1625489887
1628111327
1635386063
1636041183
1643577583
1658323423
1662386655
1664
1664549343
1671102943
1674
1686438247
168821215
1692205295
1696989423
170329862
1713439199
1722941799
1731635570
1732706304
1733297926
1741422592
1741423071
17498591
1753088719
1756495872
1756496471
1757348559
1776812511
1781137767
1787429343
1787429823
178913759
1789526255
1789526495
1791361024
1795490151
1798
1803354591
1803682031
1803682271
1815019999
1841926314
1845430022
1851719799
1868562671
1871380959
1874985439
1875378535
1885012447
1889141215
1895760231
1905
1908868570
1918
1919484143
1920729327
1934623199
1944388063
1953169887
1958715584
1968505311
1968506630
1968507229
1975845343
1981612511
1988495110
1990002438
1993998575
20
2000
2003435999
2005206190
2008350959
2014502296
2016215519
2017263855
2025849311
2028077535
202834639
2039218535
2040136159
204407023
204407263
2044723439
2046886127
2051146207
2052915679
2055537119
2055537838
2068316639
2068447471
2081883910
21037535
2114848518
211877888
2124153191
2125005279
2127233383
213058015
2139815936
2140340703
2142175471
2143748575
2145779712
2145780191
2146369895
2147418112
2147418591
2148270080
2148859904
2155807679
2158625247
2158756559
2159018463
2165047775
2172322511
2172977631
2178875871
2181234927
2183397855
218828300
2190606695
2194800879
2195259871
219545959
2203191945
2207188442
2229141743
2233925871
2240283103
2268988590
2268989190
2272002287
2272068063
2277088634
2278359040
2281439711
2290025167
2293629407
2293629887
2305884639
230752735
2313748959
2318074215
2322596319
2322596799
2324365791
2324366271
2326462703
2326462823
2326462943
2326463423
2328297472
232915423
2332426599
2333802735
2337538527
2337603823
2337604063
2337604543
2346452742
2347631071
2352218591
236716391
2375221727
2379525915
2380464607
2382366470
2388656247
239
2394357999
2396914143
2408317407
2410873311
2411921887
2412314983
2421948895
2426405823
2432696679
2444166318
2450981343
2452947423
2457665775
2460418527
2463564255
2467168735
2471559647
247857631
2489057639
248905967
2496528863
2500
2505441759
250544607
2511077855
2512781551
2516517343
2530935263
2531656159
2539127263
25428447
2545287407
2547910406
256
2565013983
257
2577072607
257885958
2589852127
2604795654
2622685663
262471919
2626422534
2642804975
2644443615
2657681647
2658927071
2661089639
2664169831
2665021799
2676031967
2676752384
2677277151
2677277870
2680685023
2683306343
2684354560
2684355039
2685140992
2685208446
2685209524
2685600103
2685730816
2689990895
2695496159
2696610031
2699493855
2709193423
271189166
2717843935
2717846452
2720268767
2725249383
2727477607
2727609818
2728460767
2732130783
2733834719
2738356703
2739273967
2739536351
2739733439
2748252639
2749301215
2760114655
2767847903
2770796783
2770798342
2772764422
2784231903
278659971
2799699718
2802322356
2810380767
2815229952
2818310623
2820670638
2820671238
2830500319
2830500799
2841773530
28418
2863333855
2872181215
2874409439
2874474735
2874474975
2874475455
2880831967
288162271
2888827359
2889089503
2906720605
2919237382
2922450444
2923495783
2925527159
2937913344
2947809759
2952528111
2956132831
2958819807
2959606239
2969567591
2981037230
298256134
2987786479
2997289439
3000
3000435167
3008430559
3025797120
302580191
3025928551
3031433695
3035628718
3037004015
3042312431
3042312671
3045064704
3050570687
3053388255
3057386431
3061841920
3066954207
3067806175
3068527071
3069248207
3078095207
3084781318
3096314335
3097232319
3112305119
3113943519
312213863
3126723039
3127116974
3127118173
313327975
31414
3141666566
3148474368
3148476416
3149939461
3157983711
3159556575
3171342336
3171481600
3171481856
3171573504
3171877343
317456863
3176530279
317915495
3180200415
318046447
3185902047
3197044486
3197960551
3201040743
3201106399
3201630447
3201892711
3204914912
3205930904
3213623296
3216704248
3217555935
3218670047
3218866535
3221225951
3221291487
3222011904
3222079358
3222080436
3222471015
3222601728
3224110100
3224110104
3227715334
3228565500
3229679635
3229820288
3235498359
3235557020
3235840280
3236571520
3236844336
3237998475
3237998481
3238002687
3238002688
3238035447
3238035448
3238035449
3238035460
3238517018
3238691489
3238789599
3240559071
32440679
3248162566
3249086201
3249129412
3249670820
3249762300
3250130164
3250316826
3250364464
3250621679
3250672776
3250916212
3250935867
3251439066
3251439366
3252667326
3252691248
3253079333
3253118452
3253982060
3254321768
3254584859
3254899622
3254927314
3255030242
3255171528
3255393686
3255502071
3255535983
3255535992
3255569516
3255591367
3256177101
3256378888
3256810968
3256854302
3257103776
3257139679
3257363376
3257625162
3258581527
3259537236
3259913325
3260913376
3261497199
3261958930
3262120295
3262438524
3263694598
3263768592
3263781886
3263861848
3264069739
3264162488
3264348519
3264481929
3264531186
3264618425
3264712059
3264775466
3264929207
3266472655
3266587216
3266894872
3266906781
3266961518
3266961519
3266983862
3266985740
3267049634
3267063208
3267231835
3267488480
3267585498
3267589678
3267775005
3267896108
3267961880
3268070500
3268084347
3268325944
3268371726
3268388681
3268388686
3268405448
3268491353
3268598683
3269350620
3269394911
3269711690
3269739614
3270273973
3270273974
3270389308
3270410505
3270534851
3270586248
3270593874
3270620272
3270705631
3270723740
3270723744
3270911996
3271368843
3271371388
3271373793
3271389635
3271514862
3271546548
3271546549
3271546551
3271612286
3271698536
3271713451
3271752695
3271930387
3271935100
3271935101
3271935102
3272045914
3272073019
3272161593
3272227701
3272242535
3272246278
3272279636
3272282021
3272286673
3272294864
3272296227
3272319819
3272340742
3272462810
3272469421
3272474870
3272476033
3272489257
3272524322
3272590959
3272602733
3272636449
3272647707
3272660113
3272660573
3272665558
3272717994
3272862279
3272923552
3272928096
3272936734
3273114858
3273127181
3273141238
3273176097
3273300116
3273336488
3273428125
3273503166
3273602765
3273612405
3273628057
3273754313
3273803229
3273821469
3273828970
3273946965
3273946966
3274021807
3274167523
3274167552
3274225242
3274312990
3274406075
3274429026
3274571160
3274571161
3274673322
3274727696
3274727697
3274730079
3274990055
3275029501
3275132189
3275227615
3275239789
3275252103
3275325906
3275361184
3275361842
3275361886
3275426187
3275469206
3275484193
3275532927
3275558292
3275593136
3275601763
3275625905
3275776590
3275837738
3275856535
3276084411
3276407263
3276604351
3278420231
3278479869
3282568966
3285123551
3292922335
3296985567
3297116639
3298004904
3298062587
3298123493
3298275948
3298275949
3298295942
3298440510
3298460857
3298468123
3298485569
3298487810
3298488111
3298490050
3298490351
3298495923
3298495926
3298500224
3298512728
3298513194
3298516377
3298519399
3298525423
3298562851
3298567813
3298589452
3298602137
3298603623
3298607502
3298609450
3298613316
3298617534
3298624568
3298624830
3298627402
3298639367
3298644714
3298653181
3298657352
3298667764
3298671808
3298674991
3298675623
3298691104
3298702102
3298703216
3298706343
3298717567
3298718522
3298718998
3298719475
3298740073
3298757515
3298763617
3298768206
3298771242
3298788741
3298790536
3298799019
3298799692
3298802955
3298805757
3298815806
3298826915
3298829091
3298831554
3298846034
3298861033
3298879786
3298881817
3298883326
3298884470
3298897478
3298905156
3298920689
3298921241
3298928640
3298946900
3298950628
3298959296
3298960085
3298961748
3298962259
3298966812
3298972987
3298973330
3298974573
3298979973
3298990037
3298993346
3298996887
3298997002
3298997305
3299000226
3299001270
3299003232
3299004218
3299005107
3299012801
3299015120
3299019650
3299026449
3299041309
3299042984
3299061759
3299062784
3299091586
3299105956
3299158491
3299211275
3299217249
3299218065
3299250300
3299310266
3299320670
3299325206
3299338715
3299363895
3299369667
3299374518
3299379054
3299385300
3299397599
3299402432
3299409918
3299416777
3299416782
3299479324
3299494441
3299501143
3299504840
3299509810
3299509841
3299515280
3299518278
3299521387
3299522203
3299549274
3299607863
3299609627
3299636682
3299655642
3299663100
3299665001
3299669850
3299678658
3299689336
3299694470
3299697852
3299705795
3299710983
3299721361
3299794585
3299794868
3299798941
3299804976
3299805768
3299810300
3299847377
3299872289
3299875797
3299880640
3299886518
3299920828
3299959562
3299967169
3299970107
3299971854
3299986907
3300008713
3300008988
3300040948
3300047914
3300054058
3300089845
3300097618
3300100830
3300100914
3300101307
3300111318
3300115854
3300150050
3300154543
3300157690
3300160316
3300165166
3300168406
3300169702
3300181051
3300190228
3300207425
3300207430
3300229296
3300237557
3300252703
3300259463
3300261173
3300269973
3300292212
3300300459
3300305928
3300308926
3300312037
3300312851
3300319102
3300319297
3300319527
3300322663
3300322736
3300324655
3300332882
3300335862
3300341897
3300344052
3300357767
3300359527
3300363882
3300375988
3300383930
3300395387
3300398513
3300400275
3300401811
3300424785
3300436158
3300442273
3300446291
3300459199
3300460500
3300465334
3300475045
3300479986
3300483317
3300485119
3300487811
3300487814
3300488502
3300496443
3300501632
3300507892
3300529054
3300561661
3300583334
3300585233
3300589591
3300595559
3300632607
3300638025
3300652394
3300666013
3300667092
3300670109
3300674241
3300688942
3300696401
3300696588
3300701267
3300708624
3300727420
3300754965
3300761844
3300762502
3300792663
3300802806
3300827380
3300860149
3301019400
3301019945
3301021425
3301026854
3301051822
3302359279
3304718815
3309635334
3316580831
3339193268
3352297951
3352690688
3355181535
3362521447
3367109087
3375431919
3380085215
3381264863
338952671
3390112223
3400204767
3408462303
3411280351
3411345647
3411345887
3411346367
341445257
3425698271
3425960415
3429268937
3434152415
343671503
3440119308
3443327455
3446014431
3454206431
3459321356
3463251718
3466527199
3474784256
3475965702
347800031
3484615135
34866051
3492480174
3507552495
3517908142
3519547142
3534160351
3537306079
3539534063
3539534303
354419407
3559064031
3561423327
3562668032
3562736265
3562799463
3563848159
3568304607
3568500975
3572499630
3573874927
357433823
357892575
3579184902
3579971034
3579971334
3590259167
3590652383
3596
3603825119
3604677087
3605397983
3606119119
3616932079
3622374025
3649176031
3657695471
3678537478
368968159
3694854623
369557863
3696427487
3708748255
3712549343
3713401191
3713664474
3716286813
3737552174
3738763623
3754426847
3755737447
3756457984
3756458463
3758096863
3758162399
3758163838
3758165516
3758950150
3758950270
3758951348
3758951948
3759341927
3759472999
3767010239
3768451311
3769630959
3775660511
3777692127
3783590367
3787522527
3790275039
3793027971
3798991207
3799056743
3799253351
3800565510
3812098527
3813278175
3821994463
3833856479
3841589727
3846506246
3853451743
3854632710
3860791655
3865444831
3876064180
3888972255
3889561600
3895241729
3897427718
3903979999
3911319791
3912828378
3912829277
39190887
392102367
3926983135
3928491782
3937075679
3944415471
3956146415
3956146655
3960996559
3962569183
3971154399
3976990220
3977707879
3994878311
3996192268
3998175
4008706527
4011655168
4029351086
4034725638
4046324191
4049404383
4054712559
405602783
4071489895
40894823
4092854511
4098294239
4099538944
4099607177
4104126943
4105175519
4105371887
4106355167
41091431
4109370542
4112581327
4116054495
411894119
411894239
4127523295
4127719783
4140696031
4141547999
4142990031
4150133215
415629671
4163764703
4170056039
4173791591
4183032167
4186046943
4217635175
4218880239
4218880479
4226023903
4231725535
4233298159
42403590
4242014687
4245619167
4248568167
424870247
4250272103
4252305158
4252305457
4257219039
4259250415
4259250655
4260299950
4261347687
4269408735
4272947679
4274520543
4281089606
4291297759
4292608359
4293328896
4293329375
43494
459473255
467861983
475136239
477233631
479
479068639
490406247
491258335
496717012
501088495
501285823
503185767
511246815
514785759
520
521074999
526188783
526844143
536805735
536805855
536871391
536872350
536872830
536873908
536874508
537591808
537659262
537660940
538181991
540869087
543817967
543818207
545653215
547160303
547946855
551748063
555745639
562299119
569311591
570884575
571736963
574620127
577765735
577962343
578093535
579274502
586547439
59459
597361119
604045671
604832223
612696423
61732
619776049
623247839
639500647
646185319
649199975
656147930
656149428
658964480
667681007
667681247
67174759
680198383
682754048
682754647
683606735
68485599
704119263
707200774
71238111
715784431
715784671
720896
729612767
739705551
741277935
748748800
756416871
769786335
771424735
773587303
781582815
785776879
787415519
788350
790028
794820847
805766918
813631238
815006175
815399391
815530883
825033183
850198887
854786407
86376927
867762655
870646239
880542415
880935391
884670943
888472750
888473350
891290319
894763487
897581056
905839071
905969664
906428775
907870687
910163968
910819328
914358272
916324591
916324831
916455424
918552576
922746880
923271168
923795456
924844032
926941184
927465472
928973279
929038336
929694175
930856960
931464366
932184064
932708352
933232640
935854080
940179935
942408159
942473695
948765031
948765151
952500583
95289823
961741159
965214687
9654
973144303
977404383
990040064
990052352
990060544
990109696
992544218
992544518
996344167
