0
1
1000
1004732895
1012007151
1014104543
1019478975
1023384064
1023398784
1024
102629735
1027277159
10289391
1031798784
1032189888
1035405182
1035928031
1037959407
1037959647
1040056679
1048117727
1048576000
1048576032
1050210944
1051656671
1052842544
1053229535
1062207727
1062207967
1063343692
1064849424
1067198464
1073676767
1073742303
1073743262
1073743622
1073743742
1073744820
1074462720
1077739999
1082130432
1082130440
1082134624
1082524127
1082606517
1082606519
1082654720
1082868268
1082868270
1082868272
1084227584
1084817767
1088421887
1088618975
1090757082
1090757083
1091011839
1093272031
1103102431
1106182503
1122435551
1123156447
1129055167
1129841119
1134232031
1135152367
1140916583
1143028378
1143160670
1143341999
1143435727
1143492054
1143503299
1143521220
1143589981
1143592075
1143592076
1143594198
1143595599
1143630120
1143630743
1143631850
1143645427
1143645512
1143653649
1143670188
1143692474
1143702068
1143704600
1143759457
1143767679
1143777314
1143778803
1143817261
1143910208
1143933257
1143979095
1143990053
1144000086
1144024510
1144025719
1144043730
1144051657
1144122591
1144157934
1144167929
1144232780
1144260069
1144272085
1144272086
1144290226
1144294056
1144351709
1144354611
1144354613
1144396145
1144404439
1144448050
1144471554
1144485534
1144497116
1144518938
1144531289
1144552021
1144578301
1144578903
1144591063
1144623647
1144639241
1144668955
1144681566
1144697620
1144711272
1144717239
1144719536
1144721630
1144721631
1144723754
1144730529
1144744413
1144753244
1144759676
1144761405
1144774982
1144783204
1144809922
1144820812
1144822029
1144834156
1144849397
1144889013
1144889630
1144893558
1144897235
1144906869
1144908358
1144925690
1144928548
1144946816
1145145895
1145154066
1145173285
1145181213
1145190966
1145297484
1145520913
1145521058
1145559378
1145577604
1145627568
1145660843
1145720618
1145753202
1145768795
1145783389
1145793988
1145798511
1145806256
1145806257
1145811121
1145825677
1145860084
1145873968
1145882799
1145898755
1145933694
1145950367
1146019185
1146020569
1146042258
1146055246
1146058104
1146292838
1146365465
1146389784
1146553624
1146593288
1146613524
1146717464
1146749203
1146749804
1146753686
1146754287
1146765430
1146765437
1146774031
1146815766
1146815767
1146918444
1146933912
1146978088
1146979734
1147012378
1147028761
1147047719
1147047720
1147055064
1147071559
1147100087
1147124832
1147177790
1147180022
1147186274
1147187105
1147253734
1147264050
1147351066
1147363586
1147391062
1147405196
1147419578
1147427418
1147429360
1147429361
1147431767
1147455555
1147495650
1147534842
1147587846
1147599103
1147602201
1147617494
1147630867
1147667386
1147674842
1147693758
1147719559
1147722734
1147767360
1147767594
1147768199
1147769175
1147776128
1147826484
1147856209
1147859556
1147875842
1147902908
1147912746
1147913499
1147946268
1147985501
1148017158
1148019254
1148021376
1148049618
1148055413
1148057298
1148059027
1148072604
1148080826
1148084375
1148090574
1148110106
1148119652
1148130714
1148131779
1148145851
1148186635
1148194857
1148204493
1148205981
1148244437
1148246566
1148290330
1148325912
1148355755
1148362421
1148397178
1148451689
1148453179
1148470907
1148478835
1148500898
1148504255
1148505623
1148594131
1148595104
1148678296
1148680142
1148748100
1148778945
1148779404
1148875226
1148958464
1149018238
1149019338
1149032562
1149033098
1149045714
1149050824
1149066416
1149076837
1149080707
1149092295
1149096132
1149108741
1149112481
1149150220
1149157704
1149171589
1149180419
1149243641
1149278051
1149293232
1149296081
1149297510
1149338698
1149362742
1149374329
1149567335
1152
1160118751
1183056231
1186070887
1195835392
1205010911
1219624960
1219625559
1220477647
1224868079
1224868319
1252655343
1252655583
1252656902
1252657801
1254228207
1254228447
1266483679
1278149087
1285619712
1304494559
1306657247
130810335
1311079
1313
131399680
1318978015
1322647791
1331627782
1331691759
1336213743
1352270303
1352401795
136250542
136251142
1391657319
1406206191
1406206431
1407582687
1408
1410
1417413327
1421541855
1421935071
1425343662
1425344262
1426325743
1431634399
1433207023
1433207263
1442709983
1444741599
1453195503
1453195743
145818079
1460011367
1465713119
1466565087
1468335278
1477050847
1479344607
1485636063
15
1510015215
1514275295
1517880794
1517881094
1529415430
154140911
1550975455
1551173981
1554972911
1554973151
1565000159
1567885062
1567885361
1568737629
1569523462
1574830319
1589118726
1589118846
160762205
1608189702
1608908800
1608909279
1609498983
1610547679
1610613215
1610614174
1610614654
1610615732
1619395039
1621820111
1625489887
1628111327
1631650271
1636565471
1644626399
1664
1664549343
1671102943
1674
1686438247
168821215
1692205295
170329862
1722941799
1731635570
1732706304
17498591
1753088719
1756495872
1756496471
1757348559
1776812511
1777861087
1778057455
1778057695
1781137767
1787429343
1787429823
178913519
178913759
1789526255
1789526495
1791361024
1795490151
1803354591
1815544767
1822884319
1823670751
1838285279
1841926314
1843528159
1845166559
1855324639
1868562671
1871380959
1874985439
1875312999
1875378535
1879508742
1889141215
1891698438
1905
190709999
190710239
1918
1920729327
1937178863
1937180122
1937180422
1944388063
1945305327
1950745055
1957822703
1958715584
1968505071
1968505311
198052189
1981612511
1993998815
20
2000
200016351
2003435999
2005206190
2008350959
2014502296
2016215519
2022506975
2028077535
202834639
2038956511
2046886127
2051146207
2070611718
2087977199
2087977439
2089681375
2094465503
2097021407
2106327519
2108096751
2108096991
2113994991
2118649606
2119696623
2119696863
2135949551
2135949791
2138703322
2140340703
2140669102
2140669702
2142241007
2142241247
2145779712
2145780191
2146369895
2147418112
2147418591
2147549663
2147551581
2158625247
2158756559
2165047775
2172322511
2172977631
218828300
2195259871
219545959
2201485791
2218787295
222036447
2229141743
2233925871
224723423
2249656190
2249982191
2249982431
2251555295
2254702941
2258698479
2277088634
2278359040
2290025167
2300119689
2313748959
2318074215
2324365791
2324366271
2326462943
2328297472
2332426599
2333802975
2351956447
236716391
2369978727
2379525915
2382366470
238619273
2388656247
239
2408317407
2411921887
2412314983
2421948895
2432696679
2450129375
2457665775
2471559647
2491613663
2505441519
2505441759
250544607
25428447
2545287407
2548632201
2554200303
256
2562785759
2565013983
257
257098087
2577072607
2589852127
2592473567
2592474286
2638807519
2656633071
2656633311
2661089639
2664169831
2671313135
2676752384
2677277151
2678522095
2678522335
2680685023
2683306343
2684354560
2684354799
2684355039
2684420335
2684420575
2684421294
2684421594
2684422193
2685140992
2685730816
2686518207
26871558
2695496159
2709193423
271189166
271712735
2720268767
2722169311
2727477607
2732130783
2744059654
2767325233
2770796783
2787246559
2805859502
2805860102
2808873199
2808938975
2815229952
2815230191
2815230431
2818310623
28418
2857763055
2863333855
2874409439
2874474735
2874474975
2874475455
2877030639
2877030879
288162271
2888827119
2889089503
2912092639
2917335519
2919237382
2925527159
2947744223
2947809759
2958819807
2966683887
2966684127
2969567591
2981037230
2987852255
2997289439
3000
3000435167
3008430559
3025928551
3026977247
3042312671
3042314110
3045064704
3047161856
3049324783
3049652703
3053388255
3053453312
3056009455
3056009695
3058696192
3061841920
3068527071
3070230528
3076522463
3082617071
3082617311
3113943519
3118530799
3126723039
313327975
31414
3141666566
3143368943
3143369183
3144745199
3144745439
3149939461
3153461727
3159556575
3161570048
3161784799
3167225606
3167226505
3171342336
3171457280
3171573504
3193503983
3193504223
3197960551
3200516575
3201040743
3201093120
3201892711
3202089919
3204122494
3204914912
3205930904
3209146368
3210608879
3213623296
3214148782
3216704248
3217555935
3221225951
3221291487
3222011904
3222079358
3222080436
3222471015
3222601728
3228565500
3229679647
3229820288
3234988271
3234988511
3235498359
3235840280
3237998475
3237998481
3238002687
3238002688
3238035447
3238035448
3238035449
3246719215
3257139679
3262120295
3262513631
3263760134
3264348519
3273064927
3275227615
3276407263
3285123551
3289252319
3290522178
3290838550
3290860352
3290869411
3291266245
3291330715
3291450647
3291471454
3291473859
3291479743
3291480527
3291524655
3291557905
3291569452
3291578590
3291579148
3291588221
3291596532
3291634570
3291663667
3291663677
3291708023
3291745897
3291745898
3291750282
3291750283
3291750531
3291788767
3291790116
3291829827
3291829828
3291849740
3291860675
3291866671
3291872893
3291874524
3291884980
3291886420
3291903830
3291905230
3292029206
3292045845
3292049368
3292084152
3292103484
3292141404
3292169817
3292208790
3292219058
3292225822
3292237582
3292241707
3292252084
3292252854
3292252855
3292264408
3292335807
3292358862
3292376215
3292402219
3292403467
3292419286
3292419857
3292422160
3292428000
3292429472
3292434139
3292440609
3292441658
3292450718
3292483827
3292524871
3292581718
3292591404
3292718119
3292749245
3292764565
3292773826
3292787630
3292847552
3292912021
3292925954
3292926654
3292950923
3293006911
3293009815
3293025358
3293030925
3293031783
3293031953
3293032736
3293035780
3293052761
3293061834
3293071788
3293075859
3293088847
3293130227
3293139210
3293141397
3293150757
3293160453
3293166933
3293169526
3293190546
3293192224
3293210835
3293244973
3293244983
3293288714
3293305238
3293335530
3293349048
3293352468
3293363574
3293370072
3293393625
3293403360
3293404191
3293409769
3293413236
3293414549
3293431045
3293436307
3293441980
3293447677
3293447977
3293454200
3293455831
3293479432
3293481277
3293495889
3293505918
3293545660
3293549174
3293551000
3293557889
3293597985
3293598601
3293620897
3293627150
3293630674
3293672839
3293702444
3293714673
3293722709
3293733971
3293747122
3293751124
3293766935
3293780374
3293790097
3293800363
3293805746
3293805754
3293807127
3293815171
3293823014
3293829527
3293833389
3293835972
3293839600
3293840498
3293891111
3293992540
3294000591
3294004085
3294009307
3294019444
3294021240
3294058902
3294083371
3294095342
3294106176
3294122224
3294124437
3294124455
3294134913
3294156870
3294162149
3294164306
3294170341
3294178671
3294187732
3294208014
3294223299
3294232982
3294235388
3294284968
3294310857
3294321047
3294355133
3294420372
3294435734
3294478302
3294501472
3294557646
3294559399
3294584561
3294649032
3294660690
3294734429
3294736413
3294768965
3294772079
3294789771
3294798844
3294868923
3294870019
3294876219
3294883833
3294887766
3294895369
3294897463
3294906536
3294920894
3294933773
3294941708
3294964880
3294981985
3294981995
3295012474
3295029915
3295107080
3295168052
3295178989
3295184988
3295191210
3295192838
3295219757
3295292408
3295333483
3295335609
3295364162
3295367685
3295459717
3295488135
3295497799
3295527108
3295537362
3295537372
3295544139
3295560024
3295570398
3295608633
3295611561
3295646544
3295666558
3295671582
3295696007
3295737600
3295746317
3295764262
3295843185
3295880113
3295894645
3295896300
3295936703
3295987438
3296092141
3296285598
3296607025
3296670780
3296985567
3304718815
3309635334
3339193268
3340569225
3355181535
3379429855
339675006
3398041839
3398042079
3400204527
3400204767
3407544559
3411280351
3411345647
3411345887
3411346367
341445257
342557151
3425960415
3429268937
3431727583
3442673414
3459321356
3460366695
3470655967
3474784256
3484615135
34866051
348979679
3517908142
3524657391
352584039
3534160351
3537306079
354419407
3562668032
3562735486
3562799463
3568304607
3572499630
357892575
357893894
3579184902
3579185501
3579840382
3586523375
358941031
3590259167
3596
3600286055
3603825119
3605397983
3606119119
3606839535
3606839775
3633185247
3649176031
3663922350
3663923549
3672115070
3672115849
3678537478
3690332399
3694854623
369557863
3696427487
3701866975
3708748255
3713401191
3715301855
3715303773
3716546799
3718185439
3722315526
3722774278
3733915518
3733915997
3737552174
3738763623
3749773791
3754426847
3755737447
3756457984
3756458463
3758096863
3758162399
3758950270
3758951348
3759341927
3765108975
3769958639
3769958879
3775660511
3777429983
3790799327
3790799807
3791257839
3791258079
3798991207
3800565510
3800565630
3801352841
3802202591
3812098527
3813278175
3821994463
3833856479
3841589727
3844540166
3846506246
3850895839
3853451743
3876064180
3888972255
3889168863
3889561600
3895241729
3903979999
3916497375
3925606639
3925606879
3926983135
3937075439
3937075679
3954573791
3958243807
3960145670
3960146269
3962569183
3974496495
3974496735
3976990220
3991077343
3996192268
4007330271
4011655168
4026269935
4029351086
4033348063
405602783
4056418054
40894823
4099538944
4099607177
4105175519
41091431
4109370542
4116054255
4116054495
4116121350
4116121470
4116775151
4116842845
411894119
4127850735
4127850975
4129751279
4129751519
4140696031
4141547759
4142990031
4151445374
415629671
4159244158
4159244937
4186046943
4215865823
4231725535
42403590
4245619167
424870247
4250272103
4250535386
4275372271
4281089606
4284743919
4284744159
4289724655
4291297759
4292608359
4293328896
4293329375
43494
45745926
45746225
459473255
460718319
460718559
467861983
475136239
479
48038367
490406247
496717012
499844870
499845469
503185767
510132463
511246815
514785759
516686303
520
521074999
534249951
534643047
536805855
536871391
536872830
536874508
537591808
537659262
537660940
538181991
53936607
540869087
547160303
547946855
569311591
570294751
570297268
571736963
577765735
577962343
579274502
59459
601752031
604045671
605356511
612696543
613943345
61732
622330095
622330335
623247839
636682719
639500647
6424326
646185319
647823599
647823839
656343519
662831583
667681247
669975007
682951135
682951615
690028783
695665119
70255071
705692127
707200774
715784671
71631327
723124463
736887263
739705551
748748800
749863391
756416871
759171421
769786335
773587303
785776879
787415519
788350
790028
813434630
815530883
825033183
850198887
854327775
854786407
874643935
880542415
882835935
884670943
891290319
894763487
894764926
894766004
897581056
905839071
905969664
906428775
914358272
918552576
919601152
920256991
921108719
921108959
922746880
923271168
924844032
926941184
933232640
935854080
942473695
947716335
948765031
948765151
952500583
95289823
954402686
954403764
957350127
957350367
961741159
9654
990052352
990056448
990058496
990060544
990109696
996344167
