0
1
1000
1004732895
1012007151
1014104543
1014303069
1018101999
1018102239
1023384064
1023398784
1024
102629735
1027211623
10289391
1031014150
1031014449
1031798784
1032189888
1032585695
1032652550
1040056679
1040253167
1044907782
1048117727
1048576000
1048576032
1050210944
1051656671
1052842544
1063343692
1064849424
1066675616
1067198464
1071253254
1071513959
1072037888
1072038367
1072628071
1073615995
1073676767
1073742303
1073743262
1073743742
1073744820
1073745420
1074462720
1074530174
1074531852
1074790098
1075052903
1076230748
1076717586
1077674463
1081016559
1081016799
1082130432
1082130440
1082134624
1082524127
1082606517
1082606519
1082654720
1082868268
1082868270
1082868272
1084031215
1084817767
1084949199
1085289001
1085718372
1085893874
1086291628
1088421887
1088618975
1090757082
1090757083
1091011839
1091240415
1093075183
109314407
1094017326
1094151534
1094151572
1094287125
1094653684
1094779359
1095353376
1096586143
1096696908
1097565989
1098092172
1099571049
1099694559
1099742178
1099860964
1100130362
1100558619
1100587093
1101208504
1101601114
1101765272
1101831628
1101885819
1102141492
1102148910
1102303284
1102317949
1102457040
1102504767
1103735489
1106182503
1106926553
11075943
1108202436
1108607875
1108646065
1108815555
1108817880
1108831827
1108866224
1108989339
1109139318
1109266138
110952687
110952927
1109565996
1110136304
1111126576
1113891298
1114097009
1114636647
1114767719
1115346225
1115608432
1115900267
1116085628
1116145414
1116312548
1116790744
1117051425
1117176164
1117270193
1117413874
1117514766
1117623476
1117906481
1117939272
1118017552
1118088208
1118628729
1118680728
1119179286
1119467781
1119490636
1120534370
1134232031
1135152367
1140916583
1143996895
1149356946
1149414629
1149475534
1149567335
1149647983
1149801830
1149825475
1149839851
1149840152
1149842092
1149842393
1149847964
1149847967
1149851348
1149852265
1149856773
1149857308
1149871441
1149891264
1149901487
1149971577
1150027665
1150054144
1150055258
1150058385
1150092115
1150119006
1150120246
1150126511
1150140782
1150167847
1150178958
1150181132
1150181557
1150198076
1150212363
1150213074
1150226688
1150226689
1150253335
1150257198
1150258559
1150259422
1150262837
1150269544
1150272730
1150272731
1150274892
1150280682
1150298942
1150302671
1150310218
1150312128
1150325028
1150325869
1150325870
1150326097
1150326616
1150328928
1150329923
1150335154
1150342654
1150348929
1150349043
1150349347
1150353312
1150356261
1150367161
1150371691
1150378490
1150393351
1150395027
1150457998
1150488015
1150510534
1150516979
1150528564
1150556653
1150557527
1150570108
1150572125
1150602343
1150608174
1150645042
1150646034
1150662308
1150663869
1150665327
1150672711
1150677247
1150685869
1150715937
1150717831
1150721711
1150725511
1150726558
1150731094
1150768818
1150768823
1150784065
1150792432
1150799887
1150831368
1150844086
1150853992
1150861854
1150867322
1150870321
1150873431
1150874246
1150928252
1150944569
1150959907
1150961669
1150974595
1151007685
1151020934
1151021892
1151022198
1151025457
1151038691
1151041378
1151045766
1151046512
1151049896
1151057836
1151063025
1151073826
1151082143
1151084414
1151088344
1151091866
1151093986
1151101099
1151111107
1151113618
1151122699
1151125831
1151130344
1151146626
1151149178
1151150984
1151152195
1151153274
1151159958
1151159959
1151166892
1151168620
1151179009
1151183129
1151186679
1151191659
1151196706
1151199418
1151219234
1151221282
1151223728
1151224097
1151241875
1151244105
1151249934
1151264226
1151266486
1151281395
1151302998
1151304046
1151304047
1151305106
1151323067
1151323895
1151323932
1151330722
1151331472
1151331476
1151333737
1151334833
1151354243
1151360309
1151377013
1151383128
1151385122
1151387738
1151391849
1151393315
1151396662
1151397409
1151412156
1151416639
1151423900
1151433499
1151435357
1151436393
1151436774
1151452942
1151455404
1151458850
1151459761
1151461519
1151467143
1151468539
1151473335
1151475955
1151486405
1151491618
1151494633
1151520263
1151521297
1151524387
1151527075
1151528000
1151529871
1151531694
1151533835
1151536697
1151539348
1151548961
1151548963
1151559825
1151566584
1151581338
1151581730
1151581731
1151584632
1151586081
1151589286
1151589287
1151590256
1151591974
1151608860
1151613215
1151638236
1151650882
1151669236
1151705513
1151717980
1151718457
1151720994
1151721669
1151729441
1151732032
1151759271
1151771372
1151773651
1151803517
1151803538
1151819831
1151827627
1151842483
1151848789
1151859725
1151873272
1151880214
1151884630
1151918412
1151938647
1151943489
1151952822
1151970853
1151972282
1151983139
1152
1152048675
1155334383
1159201007
1159201247
1160118751
1176371559
117902260
11796719
11796959
1180007
1183056231
1186070887
1193214431
1195835392
1204552159
1206845919
1216217807
1219624960
1219625559
1220477647
1239941599
1244071686
1244266855
1250558431
1250558911
1252655583
1254490112
1258619239
1259995615
1266483679
1271726319
1271726559
1271794013
1276576463
1278673855
1285619712
1286799839
1293287783
1301414367
1306657247
130810335
1310458215
1311079
131269087
1313
131399680
1322647791
1324286431
1331691759
1334510047
1338114527
1338507623
1352270303
1352401795
1361904095
1383858415
1387069799
1391657319
1400307951
1400309210
1400309510
1407517151
1408
1410
1413874143
1417413327
1420951791
1421541855
1428161231
1431634399
1431635838
1431636916
143196399
143196639
1442709983
1443299687
1444741599
1457127903
1457979631
1457979871
145818079
146080223
146080703
1466565087
1468335278
1471480047
1479279071
1479344607
1485635943
1485636063
1489371495
1491206623
1491273598
1491274676
1494221039
1494221279
1498612071
15
1510015215
1514275295
1533215079
1541603807
1548878063
1550975455
1552810463
1564148071
1572276094
157353434
1575879854
1576927591
1584988639
158794207
1588527583
1597505775
1599078639
1599078879
1603469791
1608908800
1608909279
1609498983
1610547200
1610547679
1610613215
1610614174
1610614654
1610615732
1611333632
1614545375
1617887711
1619395039
1621688679
1621688799
1621820111
1625489887
1628111327
1628963055
1635386063
1636041183
1643053415
1658323423
1664
1671102943
1674
167444719
167444959
1677787495
1686438247
1687685169
168821215
1692205295
1696989423
1696989663
170329862
1713439199
1719927143
1721565423
1721565663
1721762031
1722941799
1731635570
1732706304
1741422592
17498591
1753088719
1756495872
1756496471
1757348559
1761738991
1761739231
1776812511
1781137767
1787363807
1787364287
178913759
1789526495
1791099119
1791099359
1791361024
1795490151
1796866527
1803354591
1815019999
1822490624
1841926314
1843528159
1845430022
1851719799
1859518703
1868562671
1871380959
1874985439
1875312999
1885012447
1889141215
1889272707
1895760231
1905
1918
1920729327
1928528231
19333359
1934623199
1943077103
1943077343
1944388063
1949565407
1954284239
1954677215
1958412767
1958715584
1968046559
1968505311
1970077935
1970078175
1975845343
1979580895
1981612511
1996882279
20
2000
200016351
2003435999
2005206190
2008350959
2014502296
2016149983
2022506975
2028077535
202834639
2040136159
2044723439
2046689519
2046886127
2051146207
2052915679
2066286342
2087846367
211877888
2124153191
2125989638
2125989758
2127233383
2139815936
2140340703
2143748575
2146369895
2147418112
2147418591
2147549423
2147549663
2147550382
2147550622
2147550682
2147551102
2147551281
2147552180
2148270080
2148859904
2149647295
2154496239
2154496479
2156331487
2158625247
2158756559
2162426335
216334575
216334815
2165047775
2172322511
2183397855
218828300
2190606695
2195259871
219545959
2196242911
2197225711
2201485791
2208039391
2223374695
2229141743
2233925871
2259878247
2269642752
2277088634
2278359040
2281439711
2290025167
2293432320
2293432919
2294285007
2313748959
2314993903
2314994143
2318074215
2320892143
2324365791
2324366271
2326462703
2326462943
2328297472
232915423
2332426599
2333802735
2337538527
2337603823
2337604063
2337604543
2340291039
2351956207
2352218591
236716391
2379525915
238030348
2380464607
2382366470
2388656247
2405499119
2408317407
2410873311
2411921887
2412249447
2421948895
2426077663
2428634886
2432696679
2444166318
2457665775
2460418527
2463564255
2471559647
2481324511
2489057639
248905967
2505441519
2505441759
250544607
2512453871
2512781551
2516517343
2518548959
2531656159
253493248
2539651551
2540372447
2542142638
2545287407
2553086431
2559443423
256
2565013983
257
2577072607
257885958
2583822575
2588082655
2589852127
2604795654
2607548166
2616590815
2622685663
262471919
2624913647
2624913887
2624981341
2628780271
2628780511
2630354694
2630355593
2633957855
2642804975
2643330822
2644443615
2645033199
2645033439
2656633071
2656633311
2661024103
2663645663
2664169831
2665021799
2672885999
2672886239
2673737967
2676031967
2676752384
2677277151
2679177455
2679177695
2680685023
2681931526
2682716160
2682716639
2683306343
2684355039
2684420575
2685140992
2685208446
2685209524
2685600103
2685730816
2695496159
2695627471
2695692767
2701918687
2709193423
2709848303
271189166
2720268767
2725249383
2725642719
2727477607
2728460767
2732130783
2736194015
2738356703
2739536351
2748252639
2752381407
2760114655
2766012655
2767847903
2770796783
2770798342
2772764422
2786527102
278659971
2786853103
2786853343
2802322356
2815229952
2818310623
2826896079
2827616495
2836990601
28418
2842558943
2850619871
2854945127
2861171167
2861171647
2863333855
2865168384
2869297511
2870673887
2874409439
2874474735
2874474975
2874475455
288162271
2889089503
2906849639
2912092639
2919237382
2922450444
2925527159
2937913344
2945188319
2947744223
2948792799
2949185895
2952528111
2958819807
2959606239
2969567591
2981037230
298256134
2994536687
2997289439
3000
3000435167
3008430559
3025797120
3025928551
3031433695
3035628718
3042312431
3042312671
3042313990
3042314589
3045064704
3047161856
3049652703
3053388255
3053453312
3058696192
3066954207
3068527071
3069248207
3069968623
3069968863
3070230528
3082158319
3085503113
3101884895
3112305119
3113943519
3126723039
313327975
31414
3141666566
3149939461
3153461487
3157983711
3159556575
3161570048
3171342336
3171457280
3171573504
3171877343
3176530279
317915495
3185444614
3185508831
3185903366
3193503983
3193504223
3197960551
3198812639
3201040743
3201093120
3201630447
3201892711
3204914912
3205930904
3209146368
3209894288
3213623296
3214148063
3215393007
3215393247
3216704248
3217555935
3218866535
3219587072
3219587551
3220177255
3221225472
3221225711
3221225951
3222011904
3222079358
3222080436
3222471015
3222601728
3223191791
3225080746
3227715334
3228238063
3228238303
3228565500
3228771688
3229449968
3229679647
3229820288
3231521560
3232343928
3232367071
3232465898
3232563439
3232591142
3234939274
3235498359
3235812293
3235840280
3237555776
3237555792
3237998475
3237998481
3238002687
3238002688
3238035447
3238035448
3238035449
3238461919
3238606744
3238606746
3238606748
3238789599
3239376280
3240117636
3241033604
3241473664
3243822936
32440679
3245202931
3245441580
3246064335
3246961735
3247550192
3248162566
3248215991
3248241136
3248241138
3248241140
3248506317
3248830154
3248830160
3249556827
3250030428
3250502203
3250779990
3250934767
3250982489
3251351962
3251491008
3251662198
3251952524
3252122090
3252122112
3253030673
3253928415
3253928895
3254366833
3254367154
3254943486
3254955498
3255206748
3255597298
3256003084
3256059308
3256198747
3256574972
3256840316
3257139679
3257206854
3257479053
3257479054
3257509884
3257550528
3257560602
3257560603
3257560604
3257725512
3257821469
3257921023
3257947089
3257957500
3258203277
3258203284
3258366873
3258511617
3258519314
3258683209
3258707280
3258841502
3259365090
3259365091
3259397846
3259782582
3259782583
3260164458
3260164578
3260472272
3260688224
3260744618
3261497103
3261738675
3262120295
3262217124
3262322462
3262322464
3262671769
3262726686
3262726687
3262726688
3262784231
3262952502
3263231919
3263314046
3263368180
3263390447
3263398375
3263398376
3263495244
3263527243
3263527244
3263536310
3263578253
3263747232
3263811020
3263835650
3263897642
3263983258
3264181236
3264299828
3264348519
3264376017
3264445918
3264482402
3264517717
3264534970
3264575135
3264583253
3264761108
3264884625
3264915879
3264985606
3265006920
3265500269
3265684039
3265760558
3266658548
3267374173
3267374174
3267752191
3269001695
3269329375
3269417718
3270171916
3270291190
3270398689
3270398690
3271185120
3271714197
3271969216
3272022368
3272024776
3272026481
3272040291
3272042698
3272087275
3272087301
3272121678
3272354165
3272749378
3272768356
3273009522
3273174611
3273189748
3273329035
3273524876
3273736710
3273745630
3273770641
3273778538
3274040479
3274046103
3274322241
3274322243
3274429816
3274646338
3274647917
3274735217
3274752620
3274900165
3274975600
3275008154
3275106678
3275145689
3275194254
3275231491
3275231493
3275549013
3275695091
3275724915
3275798479
3275800583
3275868550
3275903786
3275916480
3276094990
3276095916
3276098335
3276130049
3276331484
3276407263
3276450373
3276463768
3276542615
3276730152
3276734053
3276745076
3276967546
3277098128
3277115652
3277387834
3277400441
3277662581
3278055797
3278514549
3280930566
3285123551
3292922335
3296985567
3304718815
3307667695
33095919
33096159
3309635334
3314024927
3316580831
3339193268
3352100864
3352690688
3355181535
3367109087
3375431919
337773023
3379626463
3390112223
3400204767
3411280351
3411345647
3411345887
3411346367
341377024
3413901551
3413901791
341445257
3421372895
3423274758
3423275357
3425698271
3425960415
3429268937
343671503
3440119308
3443327455
3445948895
3454206431
3456108294
3459321356
3462398071
347013599
3470459359
3474784256
347800031
3484615135
34866051
3492480174
3495690719
3503554799
3503555039
3506438503
351208622
3517908142
3534160351
3537306079
3543400927
354419407
3545301471
3562668032
3562736265
3562799463
3568304607
3572499630
357892575
3579183583
3579185022
357959430
357959550
3579642095
3579904239
358680925
3590259167
3592880367
3592880607
3596
3603825119
3604676847
3605397983
3606119119
3619487983
3619488223
3649176031
3650814431
3663593951
3678537478
3680239855
3680240095
3681616111
3681616351
368968159
3694854623
369557863
3696427487
369688815
369689055
3698655711
3708748255
3713401191
371589359
371589599
3717661151
3718316511
3725526790
3730374895
3730375135
3734831463
3735683551
3737552174
3737911655
3738763623
3738960831
3740993406
3750494208
3752853743
3754426847
3755737447
3756457984
3756458463
3758096863
3758162159
3758162399
3758163838
3758164017
3758165516
3758882816
3758950270
3758951348
3758951948
3759341927
3759472640
3759472999
3768451311
3771859183
3771859423
3775660511
3783590367
3793027971
3794010591
3798991207
3799056743
3799253351
3800565510
3800631046
3801219431
3803842310
3803842609
3812098527
3813278175
3821994463
382534111
3828416991
3833856479
383386079
3841589727
3846506246
384828111
3853451743
385548527
385548767
3860791655
3876064180
3877440137
3888972255
3889561600
3892052447
3894412462
3894413062
3895241729
3903979999
3911319791
3926983135
3928491782
393283454
3934912751
3934912991
3937075439
3937075679
3944415471
3948151263
3948216559
3948216799
3948217279
3956214109
3958178271
3960996559
3962831327
3976990220
3977707879
3979544326
3994878311
3996192268
3997237607
3998175
4008706527
401082238
401083017
4011655168
4021486047
4029351086
4029874655
4034725638
4046324191
4054779054
405602783
4071031263
4071489895
4074176991
4077781471
40829287
40894823
4099538944
4099606398
4099607177
4099670375
4104126943
4105175519
410845423
41091431
4109370542
4112581327
4116054495
4116711294
411894119
4121690591
4127130079
4127719783
4137156967
4140696031
4142268895
4142990031
415629671
4163764703
4170056039
4170056159
4173791591
4183032167
4186046943
4208985982
4208986761
4215408390
4217635175
4226023903
4231725535
4233298159
4233298399
42403590
42403710
4245619167
4248568167
424870247
4250272103
4254532063
4255187423
4257219039
4258006790
4258007389
4259250415
4259250655
4261347687
4269408735
4269539807
4270786430
4270786909
4272947679
4274520543
4274848223
4275634535
427885023
4281089606
4291297759
4292411871
4292608359
43190921
43494
459473255
467861983
473563615
475136239
477233631
479
482608063
487457247
490406247
492110183
495780319
496717012
501024518
501088495
501481951
501483270
503185767
511246815
514785759
520
521074999
526581999
526582239
533135839
534446439
535166976
535167455
536805615
536805855
536871391
536872350
536872830
536873908
536874508
537591808
537659262
537660940
538181991
53936607
540803551
545653215
547160303
547946855
55116255
551748063
554369503
556401119
5570799
566231519
569311591
571736963
577765735
577962343
579274502
585564639
586285535
590807519
592184255
592970207
59459
597361119
604045671
612696423
61732
623247839
632160735
63832543
639500647
646185319
649199975
658964480
667681247
668270592
67174759
682688991
682754048
682754647
683606735
696844767
697633117
705692127
707200774
715784431
715784671
715785990
715786889
720896
727580911
727581151
729612767
739705551
741278175
748748800
755699212
756416871
75694559
75825631
77072433
771424735
773587303
775490185
781582815
785776879
786039263
787415519
788350
789428
790028
791545606
793968999
794820847
805766918
808060078
815399391
815530883
825033183
83427807
850198887
854786407
855113967
855114207
86376927
870646239
876545918
878316169
880542415
88344326
884670943
885064159
889454831
889454951
891290319
894763487
895811943
897581056
902103519
905839071
905969664
906428775
907870687
914358272
919601152
922746880
923271168
924844032
926941184
928842207
929694175
931464366
933232640
935854080
942473695
948765031
952500583
95289823
961741159
9654
973144303
977404383
981009882
981010182
990052352
990056448
990058496
990060544
990109696
996344167
