0
1
1000
1008337135
1014104543
1015939551
1017000576
1023398784
1024
102629735
10289391
1031798784
1032189888
1032651231
1037566431
1038352863
1048576000
1048576032
1052842544
1063059695
1063452791
1063452911
1064849424
1067198464
1072037888
1072038367
1072628071
1073615995
1073676767
1073742303
1073743262
1073743742
1073744820
1074790098
1076717586
1080452708
1080471572
1082009844
1082067512
1082067516
1082067518
1082067520
1082130430
1082130440
1082134624
1082524127
1082589423
1082606517
1082606519
1082654720
1083221432
1083640378
1084227584
1084949199
1088094687
1088618975
1090453502
1090487583
1090519038
1090521137
1090610130
1090757082
1090757083
1091011839
1091240415
1092223215
109314407
1094699641
1094713343
1096142280
1099170031
1102708975
1102709215
11075943
1114964447
11206895
1125515743
1129188928
1130411397
1130471034
1131689137
1131748774
1132006980
1132634469
1132757805
1132788379
1132863722
1132875792
1132880106
1132934578
1133013722
1133086494
1133161924
1133271010
1133273339
1133388869
1133396675
1133427250
1133446946
1133479711
1133502592
1133514664
1133518978
1133573448
1133592900
1133592915
1133596120
1133596121
1133615686
1133637292
1133640898
1133641105
1133641192
1133642406
1133643550
1133643777
1133652592
1133670590
1133673596
1133775061
1133799519
1133800796
1133833810
1133841781
1133845795
1133854400
1133872931
1133894706
1133901831
1133962613
1133972981
1134008434
1134010618
1134016146
1134038459
1134088628
1134106056
1134113086
1134134809
1134164273
1134173706
1134212629
1134231770
1134231785
1134232031
1134245537
1134277830
1134307388
1134322333
1134333226
1134350389
1134359401
1134359403
1134375311
1134404339
1134406265
1134407047
1134413932
1134417934
1134432334
1134436157
1134438390
1134448987
1134459405
1134461781
1134464708
1134488631
1134495375
1134498666
1134506307
1134516207
1134533342
1134549494
1134549588
1134562826
1134601485
1134636580
1134647305
1134661400
1134669061
1134689656
1134703812
1134727498
1134744195
1134744928
1134747050
1134751956
1134769707
1134810377
1134819951
1134827409
1134841509
1134851499
1134857202
1134870534
1134884409
1134903657
1134920112
1134943949
1134949840
1134953418
1134964841
1134965062
1134976023
1134995417
1135014181
1135028357
1135070758
1135082828
1135087141
1135118597
1135129795
1135137663
1135138928
1135140836
1135141615
1135145179
1135152367
1135153685
1135172213
1135184771
1135190071
1135220761
1135227792
1135268265
1135348939
1135352494
1135368962
1135376124
1135426565
1135435157
1135449742
1135449743
1135458823
1135508084
1135509404
1135523015
1135582820
1135586253
1135635104
1135645150
1135685180
1135686033
1135690226
1135690227
1135694464
1135705913
1135759870
1135759871
1135761000
1135764681
1135766309
1135769770
1135777800
1135779706
1135792555
1135796928
1135799934
1135799949
1135813371
1135823641
1135891018
1135892385
1135915276
1135936317
1135937312
1135982096
1135986197
1135991365
1136006554
1136021598
1136024990
1136040964
1136041433
1136060697
1136063678
1136072529
1136100582
1136133921
1136140595
1136169642
1136171867
1136191193
1136211143
1136215473
1136295663
1136311301
1136313087
1136320121
1136344783
1136419664
1136452577
1136551446
1136555094
1136582341
1136593531
1136600303
1136609383
1136658210
1136660468
1136679834
1136690978
1136713346
1136723744
1136740382
1136762704
1136762705
1136778565
1136841932
1136854816
1136953319
1137026991
1137077576
1137150990
1137233868
1137241483
1137345969
1137347878
1137360727
1137391814
1137402171
1137411108
1137434108
1137466914
1137505442
1137509411
1137554635
1137559535
1137568646
1137656888
1137688194
1137753365
1137784551
1137843977
1137859471
1137862974
1137869200
1137912954
1137967129
1137975325
1137994898
1138012560
1138021665
1138070626
1138127548
1138137522
1138147691
1138228633
1138248006
1138285333
1138357454
1138363170
1138461908
1139342388
1141703135
1142227423
1144455407
1149567335
1152
1155334383
1185218799
1186070887
1186857199
1195835392
1210384623
1216217807
1219035375
1219624960
1219625559
1220477647
1233715679
1239941599
1244266855
1249247471
1249247711
1250558431
1250558911
1252655583
1254490112
1258619239
1266483679
1270153695
1293156831
1307378143
1307379462
130810335
131006943
1311079
1313
1328416518
1331691759
1334510047
1338114527
1338442087
1338507623
1341129183
1346961408
1348141295
1348141535
1351745775
1351746015
1352270303
1365574111
1383858415
1391198687
1391984879
1391985119
1407582687
1408
1410
1415708911
1417806303
1424163055
1431634159
1431634399
1431635718
1431636317
1435764486
1438974431
1444741599
1449394415
1450639599
1450639839
1466565087
1468335278
1471480047
1479344607
1491206623
15
1510015215
1514275295
1517617631
1522337542
1526071535
15335663
1559887991
1559888111
1565065695
1603469791
1608908800
1608909279
1609498983
1610547200
1610547679
1610612975
1610613215
1610613934
1610614234
1610614833
1617887471
1617887711
1620247007
1621688799
1621820111
1628111327
1629946095
1631977711
1635386063
1639843590
1641808351
1653932151
1658323423
1664
1667630854
1674
1692205295
1696989423
170329862
1703346655
1731635570
1741422592
1753088719
1756103135
1756104574
1764163823
1764164063
1768948191
1776812511
1781137767
1787429343
1787429823
178913759
1789526495
1791361024
1795490151
1796866527
1806893295
1806893535
1808597231
1808597471
1810694623
1815019999
1841926314
1845430022
1851719799
1871380959
1872036319
1874985439
1875312999
187761119
1878000095
1880817903
1880818143
1885012447
1895760231
1905
1918
1920729327
19268063
1934622959
1934623199
193921503
1943142879
19530207
1953169887
1958715584
1962214574
1962215174
1967260127
1968505311
1968506630
1977483503
1990066415
1990066655
1991115231
1993998575
20
2000
2008350959
2010251503
2010251743
2013921759
2014502296
2028077535
202834639
2037187039
2040136159
204407263
2052915679
2094203119
2094465263
2101149935
2112750766
211877888
2124153191
2127233383
2139815936
2140340703
2142175471
2142961903
2143748575
2144338399
2146369895
2147418112
2147418591
2147549663
2148270080
2148859904
2149123846
2150433007
2150433247
2154824159
2158625247
2158756079
2161442935
2161443295
2165899503
2172322511
2172977631
2182873327
2183397855
2190606695
2190606815
2195259871
219545959
2199323103
2208629215
2227765727
2233925871
2255487215
2277088634
2278359040
2281439711
2283799726
2283800326
2309161199
2326462943
2333802975
2337538527
2337603823
2337604063
2337604543
2338193647
2352218591
235536623
2359820767
2360541663
236716391
2368995807
2379525915
2382366470
2388656247
2410021103
2410021343
2410873311
2419261919
2421948895
2432696679
2439381471
2444166318
2460418527
2463564255
2471559647
2486501855
2489057639
248905967
2490847
2500
2502164599
2504983007
2505441759
2505443078
2505443677
250544607
2512781791
2514289119
2516517343
2520449503
2531656159
2533097711
2533097951
2534735991
2534736111
2537883398
25428447
256
257
257491183
2577072607
2583625967
2589852127
2604795654
2622685663
2628649439
263520735
2648573702
2649032454
2661089639
2664169831
2664235487
2665021799
2672886239
2675639770
2676752384
2677605550
2677606150
2680685023
2681799135
2684355039
2684420575
2684421894
2685140992
2685208446
2685209524
2685600103
2685730816
2691367151
2691367391
2720268767
2725249383
2727477607
2729247199
2734096623
2739536351
2748252639
2749040390
2760114655
2760179951
2760245727
2767847903
2768439046
2772764422
2772828639
2777154015
278659971
2797338863
2800878047
2802322356
2803369134
2818310623
2830500319
2830500799
2836725999
2836726239
28418
2842755551
2843214303
2853241311
2854094598
2858614903
2858615023
2861301999
2863333855
2870673647
2874409439
2874474735
2874474975
2874475455
2876113135
288162271
2884501983
2889089503
2915172831
2922450444
2933588447
29360607
2937913344
2944336351
2947744223
2965569775
2965570015
2981037230
2993488111
2993488351
2997289439
3000
3000435167
3002007791
3002008031
3020554479
3022193119
3024355567
3025404143
3025404383
3025797120
3025928551
3031433695
3035628718
3042312671
3045064704
3053388255
3061841920
306446575
3066954207
3067806175
3068527071
3069248207
3087139055
3091071215
3099656671
3112305119
3129344479
3129345198
3130720735
313327975
31414
3141666566
3149939461
3157983711
3159556575
3171469312
3171877343
3176530279
317915495
3179217375
3187540207
3188785391
319619551
3201892711
3204317423
3204914912
3205930904
3209146368
3213361631
3216572655
3216704248
3217555935
3218866535
3219587072
3219587551
3221225951
3221291487
3222079358
3222080436
3222471015
3224371192
3224371200
32243951
3228565500
3229682065
3229716064
3229820288
3232563679
3235498359
3235840280
3237998475
3238002688
3238035448
3238035449
3238789599
3240165615
3240821215
32440679
3250651615
3255304671
3262120295
3270705631
3276407263
3276604351
3285123551
3291546079
3292703273
3292818639
3292940453
3293055714
3293104866
3293285350
3293367013
3293432550
3293498084
3293638612
3293669087
3293669688
3293673569
3293674170
3293685313
3293685320
3293693914
3293701082
3293729884
3293744070
3293787214
3293793091
3293800746
3293813911
3293815133
3293816052
3293822708
3293825091
3293841923
3293896467
3293926445
3293927297
3293943961
3293947758
3293996698
3294012664
3294024064
3294037045
3294038756
3294044713
3294049618
3294060344
3294067995
3294096628
3294097671
3294099901
3294106153
3294133507
3294173615
3294195394
3294212637
3294259418
3294266859
3294270950
3294280814
3294284221
3294285269
3294298971
3294322165
3294323543
3294324302
3294325081
3294343483
3294347302
3294351650
3294370675
3294403762
3294405757
3294406050
3294415534
3294461879
3294478470
3294485588
3294488633
3294494100
3294550748
3294568124
3294569806
3294573768
3294574638
3294586562
3294587266
3294594723
3294613640
3294617063
3294620139
3294639442
3294642613
3294644965
3294677733
3294687242
3294687472
3294688080
3294690113
3294695225
3294696009
3294697057
3294735505
3294746366
3294776089
3294779438
3294857318
3294874341
3294905378
3295010450
3295070947
3295136483
3295202215
3295480549
3295513316
3295585952
3295586553
3295590432
3295591033
3295602178
3295602185
3295610779
3295852862
3295855268
3295906532
3295961579
3295966026
3296014537
3296016767
3296023019
3296090478
3296152916
3296187814
3296241946
3296248650
3296264165
3296268514
3296273079
3296302398
3296332399
3296354279
3296439699
3296467614
3296504133
3296511589
3296530505
3296556307
3296559479
3296604107
3296604337
3296604943
3296612872
3296618771
3296640571
3296649633
3296663231
3296678481
3296692952
3296696301
3296772594
3296825130
3296851386
3296884703
3296889500
3296916939
3296959012
3296976904
3296985567
3296987307
3296991843
3296999559
3297030534
3297036306
3297041156
3297045692
3297057486
3297083415
3297083420
3297132791
3297145964
3297160792
3297173339
3297176451
3297178792
3297181919
3297184652
3297184917
3297186330
3297187015
3297188029
3297188842
3297274504
3297276266
3297294683
3297322282
3297323675
3297323904
3297336491
3297342131
3297355977
3297361110
3297364493
3297364496
3297372433
3297376082
3297377623
3297420852
3297427561
3297443872
3297450752
3297451552
3297461225
3297465582
3297472621
3297474557
3297490442
3297509234
3297514018
3297570141
3297601995
3297607787
3297638493
3297653252
3297677297
3297688884
3297742589
3297803902
3297895938
3297927814
3297934458
3297934759
3297936699
3297937000
3297942572
3297942576
3297946873
3298008701
3298061301
3298071420
3298082429
3298122273
3298148752
3298149866
3298152993
3298186724
3298221694
3298235390
3298246219
3298246449
3298246644
3298253702
3298254524
3298262455
3298273564
3298275740
3298288517
3298307681
3298375290
3298377342
3298393549
3298393725
3298397277
3298406735
3298419635
3298421222
3298443537
3298443653
3298443955
3298447920
3298473099
3298474447
3298479338
3298487960
3298489634
3298552608
3298605143
3304718815
3309635334
3314680047
3316580831
3339193268
3342730414
3342731014
3345744111
3345809887
3349217519
3349217759
3352690688
3357541550
3357542150
3364487407
3366453487
3366453727
3367109087
3377070319
3378905327
3378905567
3388539359
3390112223
3400204767
3407544799
3419343197
342557151
3425698271
3429268937
343671503
3440119308
344064479
3448963551
3456434655
3459321356
3474784256
347800031
348193247
34866051
3488678367
3492480174
3493003743
35127775
3524723167
354419407
3554279663
3562668032
3562736265
3568304607
3569484255
3572499630
3573874927
357892575
3579183583
3580756447
3586523615
3596
3603825119
3606119119
3610378719
3613262303
3621519479
363528671
3649176031
3649634783
3665690863
3667591647
3673424351
3686990063
368968159
369361375
3694854623
369557863
3708748255
3713401191
3715434246
3715434545
3722379743
3722838255
3722838495
3735683551
3737552174
3737977311
3751019694
3754426847
3755540959
3755737327
3755737447
3756457984
3756458463
3758096863
3758162399
3758163838
3758164317
3758165516
3758950270
3758951948
3759472999
3760062703
3761373663
3762553071
3765109215
3768451311
3769434351
3775332831
3775660511
3779199455
3779395823
3793027971
3799056743
3799253351
3800565510
3833987551
3835234353
3843096815
3853451743
3860791655
3862168031
3869114607
3869114847
3888972255
3889561600
389415391
3895241729
3903979999
3914399983
3914400223
3916956127
391971295
3926983135
3928491782
3936944367
3937075679
3957260527
3960996559
3961848287
3971219935
3971679406
3976990220
3977707879
3980263903
3988324831
3994878311
3998175
4008706527
4010672367
402589446
4029351086
4046324191
405602783
4061528303
4071489895
4080271839
4087349727
4087742703
4087742943
40894823
4095934943
4098294239
4099607177
4105371887
41091431
4112581327
4116054495
4116513007
411894119
4121690351
4127719783
4139516143
4140040431
4141547999
415629671
4157669495
4163764703
4170056039
4173791591
4183032167
4200793262
4200794461
4217635175
4226023903
4228579567
4233298159
4237230559
42403590
4244898271
4248568167
424870247
4254532063
4255187423
4260430063
4261347687
4262397702
4267507951
4269408735
4272554463
4272947679
4277731567
4281089606
43494
459473255
467861743
467861983
475136239
477233631
477432157
479
481231087
481231327
48693727
490406247
492373466
494143238
494143537
495781638
496370143
496717012
497025503
503185767
511246815
511377887
514785759
520
521074999
526516463
526516703
534447878
536805855
536871391
536872110
536872350
536872410
536872830
536873908
537591808
540082655
540869087
542441711
545653215
547946855
551748063
556204271
556269807
557908447
563675615
569311591
5767407
594477535
59459
597361119
604045671
606339551
612696423
61732
623247839
623313135
625279455
62587359
631111680
646185319
649199975
658964480
670302687
67174759
680067311
680067551
682754048
682754647
683606735
684130783
694224346
715784431
715784671
720896
729612767
741277935
748748800
749928927
764543455
780009711
785776879
786235871
788350
790028
794820847
795279839
815399391
815530883
824639727
824639967
852361455
854786407
86376927
870646239
870711775
870777071
870777311
880542415
88408543
884670943
894763487
897581056
899612911
905839071
907870687
918749423
923271168
924844032
927727616
928973279
929694175
931464366
933232640
935854080
94240768
942473695
943522031
945948422
9654
968098031
973144303
977404383
990060544
997589231
997589471
