0
1
100140806
100337414
1009128641
1013583372
1021575287
1021870789
1024
1025
1027998175
1029440387
1035010527
103868400
1045103191
1054015967
1054802219
1060307423
1070334431
1074927465
1080301417
1097533190
1102447491
1103692255
1113326167
1115226591
1115358023
1119617503
1120010479
1123484187
1134157478
1134222441
1134257473
1134378174
1134684576
1134994954
1135077294
1135139541
1135303161
1135391828
1135416719
1135660633
1135734437
1135856580
1135960350
1136090844
1136105682
1136229123
1136395019
1136445914
1136471702
1136559332
1136691796
1136891474
1136906767
1136992222
1137052633
1137250347
1137337414
1137552933
1137577923
1137646804
1137652014
1137682326
1138037831
1138254949
1138563759
113901867
1139519896
1139676506
1142030575
1146028631
1146639881
1146770400
1146854849
1146857689
1147131319
1147250927
1147285640
1147286575
1147373852
1147408599
1147449920
1147488303
1147489489
1147594733
1147596250
1147601026
1147611557
1147633934
1147673207
1147698370
1147710406
1147718200
1147752942
1147894446
1148079691
1148163458
1148266589
1148427821
1148442315
1148483892
1148500858
1148579961
1148597923
1148652992
1148691011
1148717113
1148721549
1148746525
1152909791
1172162292
1187185359
1204617995
1204683231
1206453123
1206846039
122487383
1238523067
1239181218
1255669819
1261634015
126227730
1275696252
1301873239
1308426539
1316749791
1319502603
132280205
1324286431
1325596851
1327217007
1332216767
1334116651
1350764294
1355350075
1364283541
1365181135
1384785115
1409155671
1409155971
1409417695
1431634399
1440458978
1451099610
1454113307
1454966534
1459618271
1476199299
1480065503
1485774396
1487929943
1492977414
1496318431
1498
15
1501626847
1505042877
1517224535
1522467295
152699359
1527644819
1539387088
1540867723
1548812767
1549271939
1550844803
1551828742
156762591
1573528954
1576010327
1583153751
1583286022
1585053755
15860491
1586955139
1587677233
1590297115
1590689792
1591935575
1592853439
1592984511
1593574095
1597178275
1597768159
1600194310
1602486331
1602683479
1602814011
160564638
1607074810
1608124166
162595295
1631793541
1644954199
1665402510
1672806879
16777217
16777985
1677984223
1678442555
1686176643
1686700511
1692083765
1692140479
169608127
1696268767
1699742595
1701380995
173801951
1738821432
1739522527
1752498655
175574540
1756080193
176752390
1769865695
1772879931
1772880651
1775993550
178913759
1802569478
1804993710
1806237755
1822230278
1833960622
1842152287
1862336991
1863582175
186581471
1866858795
1879377670
1917386811
1920926175
1925073187
1936659101
194183647
1955070851
1980170483
1982248506
1984627167
1993606198
2014502296
2032075231
2036465723
2057769719
2061829894
2068316639
2077529580
2086863327
2095737900
2096890335
2110456287
2110718431
2113012551
2114519519
214368555
2144076555
2144802665
2147221983
2148336095
2154037967
215417311
2154300291
2155741783
2157379643
2158626566
2160465960
2163213187
2168062431
2189689311
2194408323
2226914239
2227372931
2252210655
225838254
2261694287
2264399931
2277088634
2280391135
2281047934
2288058847
2289959691
2294546491
2304312494
2352808415
235628173
2358444511
2362966915
2371551711
2372436202
2378367455
2381006488
2382954975
2387411723
2400126726
2401108447
2421096627
2437154686
2445870734
246481495
2466115364
2466843255
2468807555
2469660542
2492337506
2497840003
250152710
250479071
2505441339
251727372
2525699533
2535326655
2541224415
2543518175
2549875886
2550763460
2551841906
256
2564686303
256574399
257
2571108831
2571239903
2572681515
2586378719
2590245103
2592932319
2594505003
2605777135
2609512927
2609517842
2621178035
2623670142
2626160390
2627933458
2636382807
2639726462
264450463
266
2670920159
2678063403
2681776972
2685597468
2687238623
2700936067
271844227
2720203231
2725446111
2730761240
2733834359
2733834779
2733834839
2733834959
273547443
2737706857
2742682079
2745304838
2745569379
2745697155
2755002847
2755985887
2764308959
2766275039
2767783806
2776891871
2783774590
2786001195
2789282187
2789345030
2798009337
2801039303
2801302048
280251828
2807498622
2809135163
2821153706
2835940227
2836070639
2852394258
2852983918
286261727
2871263711
2878341599
2890139518
2900035214
2910126559
2911307526
2917140829
2921071551
2923499020
2923764760
2929918851
2935481128
2937062155
2962162383
2962554939
2980774607
2981560559
2985361887
2986344927
2989162555
2989556311
2993357339
2994275263
2997094150
300
3000632075
3005416323
3008052843
3012952723
302580191
3041198679
3042312851
3042312911
3043100422
3044933691
3055616479
3057255119
3070231007
3077047231
3081708318
3084779999
3085173335
3086614587
3092579023
311232262
3115516383
3115976334
3116303235
3124298447
3127968403
3129213707
3130918662
3137470943
3161850335
3167490747
3174695391
3182429119
3185443295
3192259039
3192521183
3194618335
3198092223
3201958487
3205930904
3210938118
3217688326
322109919
3221225951
3221291487
3221750239
3222666883
3224241806
3225944543
3226362153
3227461458
3228373820
3228642596
3228989262
3229024315
3229164318
3230228474
3230399017
3230847050
3230879085
3230967829
3231037480
3231161323
3231223617
3231371080
3231450531
3231621805
3231702284
3231815347
3231920387
3231941677
3232004678
3232123037
3232211141
3232326339
3232433380
3232639916
3232681500
3232722682
3232867419
3232990199
3233082275
3233103137
3233481183
3233692074
3233815967
3234238873
3234594816
3236314411
3238844426
3238854895
3240522177
3246195167
3256877955
3263300063
3265467666
3273785823
3275655957
3277063043
3283944083
3285254923
3291349051
3292856799
3293774303
3293807589
3296921350
3307539301
3311198561
3314483679
3319494404
3322806991
3327067910
3329753687
3330736187
3336569311
3342992079
3343057375
3345285839
3346137567
3347710431
3349415566
3349676511
3349742467
3351252492
3352889094
3354395403
3364422111
3375891151
3378970803
3383886603
3387949115
3388868058
3388998531
3402499066
3406168123
3410428503
341120754
3415040078
3418953577
3421306939
343540191
3442803167
3445818063
3446670211
3447719686
3448504799
345374779
3461546763
3464406315
3467248095
3467472157
3471770079
3473801695
35
350291118
3507618271
3517186347
3518759391
352263192
3525575615
3526754783
3530153004
3536652038
3542351931
3549603448
357761503
3579183583
3579970015
3608353816
3620995971
3626631407
3634823647
3652323078
366019039
3676570079
3679981068
368772750
369165247
3693660529
3717661151
3756922130
3771728711
3777302028
3784447670
378537734
3796500959
3799062377
3799065198
3799384543
3804037599
3807314938
3808124789
3823960543
3825140191
3841458235
3844997599
3846898563
386401155
3865510367
386601359
3883142668
3885761291
3894281031
3908716878
3915189892
3920429115
3920429175
3920429955
3929145943
3933406023
3937141215
3939241484
394949231
3956
3957785055
3962110431
397017567
397674246
3982819807
3983868383
3989054852
3990276378
3995473769
3996123615
40
4000
4000514647
4006357305
4008640991
4008838019
401080799
4012704643
4040898210
404292902
4044025462
4064208024
4080665055
4104722281
4108059103
4116447951
411895558
4126148358
41358610
4136239583
4139123167
4140106027
4168027660
4172546347
4190852500
4205707863
4210491631
4232315779
4232518680
423559227
4238672771
4241883615
4245278512
4254925699
4258267615
4259513099
4270982019
4287038339
4288348639
429457887
434635711
453903055
459152408
467775762
473367007
473628851
479
479766361
491061487
495911391
496717012
5
519525266
522
527434207
527435526
533332807
539033659
541721055
55
554352614
572916191
585564639
586285115
586285595
586285655
586285715
59
590676447
593953247
595919327
59920131
602472927
606208239
615645903
616564486
620429551
630915551
633148450
638779871
640617996
640745951
644022571
665243854
666827801
67239995
675152351
67568095
681050591
686036242
688128899
708969047
714540566
715392774
715784671
741016031
748224991
751896326
753598523
754713055
758449806
76349919
76350339
768
769
777979654
789776134
791019520
802031965
802752262
807207391
812580923
819921135
819928088
829883327
833421791
838140383
843319046
844380222
8454623
85590075
872416131
87623550
87688007
884342843
891290079
896532959
900727263
904952171
905969723
907083835
908066875
908067295
908460091
910623679
911690047
936248374
944899246
953664878
975438723
982126991
988680831
994182019
