0
1
1014105262
102302055
1024
1046938079
1048445287
106300590
1065419111
1083572703
1090127622
1095464423
110428639
1107034351
110821855
1119750014
1120011199
1126085643
1126153699
1126632749
1126691617
1126785640
1127017988
1127047809
1127079980
1127081343
1127087791
1127094995
1127193180
1127426060
1127815108
1128061415
1128079136
1128117042
1128136908
1128160401
1128203021
1128208181
1128219195
1128223187
1128246679
1128256934
1128263516
1128294133
1128294903
1128320675
1128323937
1128350969
1128357684
1128361155
1128362852
1128401094
1128480377
1128484005
1128498663
1128498948
1128532843
1128545358
112919726
1138295263
1145241959
1157630580
1157698566
1157728073
1157789941
1157864757
1157900029
1157973153
1157993458
1158035878
1158038777
1158052928
1158067664
1158091400
1158095097
1158100000
1158126669
1158129289
1158130666
1158165065
1158186903
1158225524
1158234347
1158234608
1158234685
1158241163
1158306271
1158364207
1158378613
1158381601
1159999054
1160123724
1160239914
1160299308
1160308683
1160361683
1160368741
1160425507
1160429968
1160431987
1160434389
1160439882
1160453300
1162675974
1175258286
118489147
1194854150
1194918067
1210515695
1212875051
121438687
1220280799
1225392607
1232601567
1236533487
1237583622
1243021551
1243415007
1245971630
124649951
1247609011
1248985267
1250164975
125632751
1257373815
1259405491
1259995375
1261437407
1263403487
126754046
1272381679
1272709359
1273364719
1297029849
1302135083
1303707887
131596767
1327217007
1332871407
134677199
1354170847
135856847
135921723
1377763567
1381828358
1386283487
1389691059
1399063007
1410568347
1418855359
1441858015
1475936735
15
1505100375
1517094302
1524630702
1537000417
1544946143
155910623
1571161862
157221043
157221343
1576403423
1577451579
158859623
1597833575
1609762566
1610023151
1610547259
1619447127
162463983
1639580127
1643762920
165216735
1670119903
16777217
16777985
1677854590
1680934062
1687357190
1695547871
1701708255
1704263739
1705837023
1711472879
1720255902
1725563359
1725694191
1728775342
173081055
173605583
1742012330
1745944815
174916063
175571003
175571423
1788871854
180355611
1824588015
1824655110
1842939054
1861419307
1861420206
1869218990
187302367
1873281263
187629807
1878197422
188547551
1886979246
1887461587
1907491295
191562207
1921975470
192545487
1927348523
1927546630
1927874190
1947861471
1953104171
195429790
195559903
1980367567
1982248506
1986783280
1996226799
2009137391
2014502296
2035941615
2063598047
2070096055
2080571871
2080964907
2081383064
2101544830
2103968043
2109735391
2120811215
214500287
2149056811
2156134639
2157314287
2158559471
2170684830
2173764063
217514463
2180710879
2183004219
2185757151
219611855
2203759172
2216886511
2235498795
2235696302
2242119550
2242642279
224395623
2247231238
2248607134
2255815135
2256732519
2256865030
2262630879
2263680414
2265776427
2277088634
2285437407
229048559
2300706995
2313946286
2314469615
2314667182
2317418975
2324496623
2337165499
2340946099
2351825195
2353791455
235405551
2407728302
2412790978
2491678959
2503868895
251331998
253034615
253821047
2553931472
256
2563702843
257
2570781571
258015711
2582316206
258998511
2605056119
2616534819
2627797471
2628321519
2652975272
265618367
2666137949
2666464430
2692809063
2696507238
2698576111
2707330114
2729837742
2730539943
2733768943
2749563059
2752446943
2753626591
2765882542
2777743779
2777940447
2786723590
2812936671
2822964159
2830762463
283247551
2833646047
2839894852
2841118470
2863333435
2894922926
2900886702
2908226015
2908226435
2908226734
2914583007
2923496862
2931884511
2935030239
2937717934
294847662
2955937182
2969698543
2980708831
2992177871
300
3013017899
3017868462
3024696329
3035169966
3035563182
3046769119
3048276327
3048931387
3056108264
3079406766
3096012066
3107390159
3115057451
3115974835
3118661931
3139895775
3148624855
3161981227
3175088607
3177186239
317784303
3198300961
3200909611
3205930904
3208249823
3209757151
321914270
3223781615
3243245807
3243902126
3257664686
3258122599
3272541958
3275490478
3302031839
3302063921
3305279646
3305314236
3305382374
3305420009
3305425616
3305451288
3305453795
3305458208
3305482878
3305492879
3305493353
3305517606
3305537897
3305538567
3305580056
3305609432
3305620501
3305635500
3305669055
3305676334
3305680558
3305686416
3305695201
3305729119
3305872551
3305992779
3306011137
3306022171
3306024298
3306205337
3306218938
3306279150
3306291553
3306292563
3306310985
3306456705
3306652547
3306677478
3306687027
3306703818
3306720482
3306740207
3308387208
3308651694
3316777439
3317367263
3322545326
3323068655
3323789791
3325362895
3335651567
3337290207
3337748959
3343515707
3343516127
3348301574
3348365791
3350790203
3350922714
3353018847
3358327023
3364094431
3364946159
3366651054
3367960815
3372417623
3374186735
3379495271
3379691999
3380347359
3385459167
3387162863
3390701807
3392536935
3394110159
3400204587
3402105791
3402170847
3402432751
3402629359
3407020271
3407085807
3410429102
3414884531
3416000382
3421766111
3436314803
3447063487
3449684267
3465020590
3481798406
3483828703
350159087
3506952798
3507486959
3514630623
3514631103
3516008557
3535995119
3544056527
3545586841
3551331023
3553886447
3554335838
3556901942
3562144942
3578331375
3579511023
3587900590
3588751839
3590193631
3591373039
3592161030
3601531359
3602710887
3605463519
3637248359
3650063299
3660644591
3662086623
3668443495
3668443615
3702063343
3722117599
372441387
3748857006
3749578502
3752658694
3760062523
3763539114
3764781535
3771269179
3774415087
3790406111
3796500959
379781359
3800039723
3801874491
3805807071
3812950375
3821666603
3821667502
3824485850
3827761631
3828925098
3830645215
3831365871
3843424735
3852009591
3858629087
3887333495
3903193567
3950052287
3964862943
3969646831
3973317806
3979739615
3985336386
399723397
3997696959
40108271
4014211131
4021421230
4021748910
4022600159
4038263982
4041278458
4043768107
4052420358
4059234603
4063951
4070672658
4073921121
4093511550
409535662
4113090604
4113105375
4153018118
4156425390
4162388447
417201042
4189389998
419038382
4194238823
4228514091
4236509663
4238869678
4241032127
4267639143
4267639982
4277535199
4282384683
433127903
441385259
455681169
457506935
460652843
460653742
477364703
479
488899519
495191214
496717012
5
520553407
522
53020062
54265606
55
569311831
569573675
588430877
59703775
606405087
607125863
6160623
622985455
627246015
634388959
635896767
638058975
649545776
665243854
697041375
700581278
703660331
711197151
719
754150678
75891167
769
810156391
838336991
839188659
839386886
842334687
844380222
852623839
854656774
861798879
891421031
891421870
898958990
906887287
907211331
907346039
911690047
918291630
943391199
951976295
956957151
969999774
97780910
981991903
984351019
98697515
