0
1
1002521536
1003159611
1003160031
1007747551
1015940990
1023543166
1024
103220638
1036845115
1049234237
1053361087
1056637407
1064501307
1066035653
1069482463
1073677187
1077281247
1084226704
1084752471
1084752531
1086259679
1094462204
1098252767
1099780090
1102512727
1102512787
1108738227
1109854078
1118072904
1121518347
1125292222
1126695511
1129447903
1130955231
1137115195
1142903882
1145242199
1146356431
1148781023
1151336567
1173882750
1190200255
1203194049
1204552159
1207764742
1215292456
1216283583
1218315678
1219823066
1221984735
1222967775
1225064927
1227685947
123148457
1233650143
1250034443
1252656003
1252657501
1252721239
1255539287
1255997979
1257046915
1257439711
1257440011
1268974047
1268974467
1272381559
1288211173
1290864030
1295060492
1309606367
131007423
1316806617
1327217007
1328611807
1337065651
1338115966
1342177759
1346962127
1356923179
135988159
1376583859
1379927934
1385629566
1391788151
140052350
1406010542
1415381051
1418396127
1433666015
1438
1438515679
1438777344
1441179406
1442271
144835159
1450770911
1453195743
1458045407
1472726430
1480852415
1488191967
1489064
1492190143
149815955
15
1514668991
1516569055
1518143358
1529743110
1536558015
1540269709
1541538271
1561854431
1566311359
1566311598
1566311838
1581420357
1585054655
1590124125
160170463
1602291582
1605758342
1605776184
1615070682
1621754815
1622093877
1627850622
1631322591
1637548511
163774943
163972990
1650328031
1665728631
1667170783
16777217
169407819
1699217647
1699678078
1700986939
1717742493
1718288863
1720189689
1727594555
1731135358
1763898588
1764280951
1771569631
1774191071
177890445
1779076636
1783038191
1833960383
1834811871
183960511
184746043
1859913598
1870689728
1881276595
1881801183
1884750303
1887046461
1893597663
1894121951
1899626975
1903392352
1912340959
1918
1919877599
1922435421
1931477471
1954742751
1963065523
1963852255
1963919230
1964245471
1964836734
1970537407
1975256958
1982248506
1982595399
1990066355
1995768287
2004287967
2012889093
201327071
2014502296
2023231228
2029848446
203752383
2040725983
2062876731
2079719903
2080668400
2082210271
2083520991
2093482463
2095581054
209716803
2097481598
2101215711
2110914619
2110915998
2120810975
2129002975
2129789407
2133787103
2136736223
2137720702
2143879647
2175672743
2179663742
2189513802
2196570591
2215444959
2223243743
2246444926
224723423
225166591
2252799193
2265909118
2272789439
2277088634
2280915003
2282751870
2283636939
2289763263
2297365079
2313617587
231473631
2315256287
2317092734
2318730175
2322531263
2349072863
2349924951
2352677343
2353156261
236848063
237154343
2398224683
2404909535
2417164947
2423732027
2428240831
2434007519
2441591930
2450195391
2457063562
2461078722
2463499199
2490040799
2493801798
2496574717
2501737807
250675499
251410167
2520907955
2526215354
253100991
2550855492
2596340671
2629632479
2639135199
2646715208
2650802046
266
2664864054
2671117486
2677481553
2680029663
2683729106
269615823
2709390750
2747859543
278725087
2791865998
28
2816475615
2819100699
2820277662
282751918
2831024607
2838495711
2853307327
2853963646
285466971
2865301374
286830884
2873886590
2884980590
2888696287
2892300767
2893218271
289427625
290653119
290783831
2915829630
2923369525
293470687
2939224543
2939814007
2941780927
2951308494
2953642163
2954890162
2967012766
2972975403
2973368799
2977432511
2979529123
298
2984247955
2993684959
2996568543
2998260247
30
300574755
30147459
3019047631
3019047691
3030169275
3032678879
3034251743
3045720543
3045852035
3048998782
3054633079
3062171518
3069118039
3071122870
3087729299
3089696638
3097035711
3108307843
3116236979
3127633621
3128543550
3129741052
3137536479
3140157919
3146188190
3146932460
3153527263
315949535
3173319135
3178627551
3184591027
318506398
3187871244
3189834447
3189834507
3205930904
3209953759
3212050551
3216769503
3217705106
3221291607
3221291667
3221291727
3221292506
322832254
3229550462
3230270039
3230270159
323487793
3238723703
3240297407
325579441
3256287471
3258229144
3259105819
3259171415
3259171535
3261224010
3268346335
3269132407
3270588243
3271688671
3282650830
3282895807
3284664379
3298125451
3298885751
3304079537
3307603838
3337224671
3343844287
3351511519
3358131135
3374646207
3375901628
3388146143
3390710952
3391247822
3392734143
3395223911
3397779935
3400872920
3404990214
341903110
3419930743
3421964038
3432582908
3448373727
3462332895
3463643675
3468427323
3478324159
3484614835
3486921997
3492087678
35
3504472363
3505521599
3507619710
3524133043
352913278
3529769439
3532785534
3534422195
3536519707
3537307038
3537443864
3545039507
3547400062
355008991
3569352943
3569353063
357695967
3579185022
3581411807
3590261085
361694143
3630892086
3650908104
3659662271
3663463119
3667984863
3675522462
3693609139
3695652123
3698634447
3704328257
3713860543
3713860782
3713861022
3715040191
3715388742
3716810142
371786687
373358771
3733783007
3738239455
3748463071
3761639475
3766158271
3768123871
3770746750
3780578828
3798468478
3801286526
3805217727
3807839646
3812884959
3813277755
3818259391
3826057275
3828224605
3849733891
385090015
3860191328
3862232639
3879995262
3881108175
3895920510
3908109247
3912237775
3913744623
3916300767
3923642238
3927656657
3934519650
393676670
3937665503
3945528629
3953461357
3959751135
3960340959
39649759
3969123742
3969581535
3972792379
3974300127
3974562751
3982950879
3989245692
3992389502
3998811610
4006871999
4009755103
4009755523
4010672607
4012319473
4021813727
4023452127
4028434182
4028825779
4030992124
4033675743
4044751327
4048880575
4049982971
4060451188
4061213556
4063692670
4066261152
4070638047
4103981882
4113090604
4122150302
412328518
4123657151
4127785019
4135125471
415039967
4158194623
4163306431
4167501214
4172283963
4172284383
4177986495
4194305918
4199029784
4204265951
4205447038
4207673403
4209883237
4216717431
4217766367
4238348028
4244767199
4246472574
4257350111
4263905150
4266657242
4267901887
4277273055
4278190559
4280419263
4281795279
4286567038
4290118111
4291168126
4291494367
429175344
4293724989
4294903678
43254719
432668731
432669151
43732543
437531903
439878591
44893119
452001851
452002271
465502687
475859293
479
48038367
486736831
496717012
497418419
5
500
505748167
540148311
55
554962684
556500162
567782946
569770463
572589950
57344479
577284267
580977599
581960639
582813566
59
599361693
600488069
600835966
605552699
60883663
610081816
613796500
623837663
630469342
631892251
649853088
649986527
653985662
658442110
65931074
65995651
665243854
668984709
673449374
681968095
686707786
689897951
692409549
693895647
695469950
716441470
7192
733676479
735249343
736494047
737740670
738460607
744620811
744817119
750322623
751568766
759255772
766640367
766771679
768
768420738
769
776667735
77726175
792264763
794298238
797180143
806092979
811665338
814285759
825426219
827195871
831979999
835060671
836829783
83690910
844380222
846136135
869269983
873071071
873202143
87623550
877658591
884284440
884998623
894763607
907083835
911690047
923009983
92602847
935985631
952892181
95289823
95420895
955515839
959
967377375
967377675
967377795
967378694
967836607
969081731
97124471
97125311
975569855
983498811
983499231
984547807
984549246
995099103
