0
1
10
1000
100140806
100337414
1003749855
1007485827
1007550583
1008324608
1009128641
1010827413
1013583372
1014105862
1015939191
1017120398
1017446579
1017578371
1017788064
1019150515
1019543671
1021575287
1021870789
1022493151
102368430
1024
1025
1026031735
1026032095
1027473527
1027604659
1027998175
1029440387
1033568375
1035010527
1036714283
1038679908
103868400
1041575336
104202599
1042679558
1045103191
1046625382
1046745344
1048314335
1049075088
1049757680
10524
1052968110
1053094000
1054015967
1054688159
1054802219
1055261271
1056337792
1056933000
1059392791
1059520871
1059558466
1060307423
1061028139
1061879927
1063259724
1065353395
1066047984
1066557854
1066964584
1067430134
1068040431
1069418667
1069724536
1069811342
1070334431
1072433501
1073677486
1074528555
1074927465
1075118559
1075250650
1075840774
1076312712
1078254907
1080301417
1080644234
1082132230
1082217248
1082652394
1082723890
1082884270
1083218208
1083728403
1086837922
1086955438
1087701111
1087963195
1088619994
1090643986
1090958489
109117559
1091176198
1091740024
1092026487
1092830832
1093020785
1094926626
1097475266
1097533190
1100284203
1102447491
1103298799
1103364335
110362923
1103692255
1103823147
1104555663
1104668754
1106622685
1107493223
1109342635
1110508718
1110725289
1113326167
1114171
1115358023
1116246460
1117590543
1118241966
1118362378
1118701318
1118745322
1119617503
1120010479
1120600303
1120647914
1120846231
1122107631
1123484187
1125394324
1125647834
1129972191
1130557525
1131542975
1131663318
1132107038
1132514290
1132719335
1132739272
1132767271
113318936
1133206938
1133412764
1133985479
1134023749
1134063238
1134091150
1134157478
1134222441
1134257473
1134295037
1134356681
1134378174
1134494071
1134576366
1134580502
1134684576
1134690801
1134759284
1134994954
1135077294
1135112582
1135114262
1135139541
1135303161
1135391828
1135416719
1135575278
1135580916
1135660633
1135690218
1135699020
1135734437
1135856580
1135960350
1136017215
1136090844
1136104551
1136104756
1136105682
1136121977
1136229123
1136316582
1136334036
1136359681
1136395019
1136445914
1136471702
1136559332
1136691796
1136846772
1136891474
1136906767
1136992222
1137009513
1137052633
1137111531
1137129676
1137149035
1137158768
1137194813
1137250347
1137337414
1137403800
1137441710
1137507436
1137517823
1137552933
1137577923
1137646804
1137652014
1137682326
1138037831
1138066502
1138069937
1138162103
1138254949
1138322895
1138563759
113901867
1139519896
1139541766
1139676506
1140008900
1140130271
1140179996
1140549150
1140588588
1141194151
1141198978
1141199946
1141216616
1141229552
1141231153
1141265975
1141404898
1141762180
1141930454
1141992638
1142030575
1142035704
1142074922
1142091361
1142194032
1142220304
1142229686
1142250527
1142427536
1142462771
1142548242
1143332434
114360439
114360619
1143670534
1143707299
1143796262
1143819557
1143891104
1143893450
1143915935
1143972627
1143973216
1144070679
1144125233
1144162225
1144170228
1144195265
1144205950
1144234223
1144394464
1144408353
1144443724
1144503836
1144518085
1144737316
1144759068
1144792330
1144872101
1145022989
1145085699
1145133564
1145140053
1145180801
1145366168
1145384761
1145437614
1145438690
1145453332
1145498741
1145511892
1145519997
1145563893
1145574258
1145583670
1145589197
1145590249
1145598385
1145599872
1145652743
1145657255
1145712900
1145729467
1145760895
1145768044
1145844045
1145913588
1145941020
1145969916
1146027657
1146043435
1146084711
1146110344
1146113942
1146145492
1146177403
1146248641
1146314601
1146442101
1146472032
1146524739
1146575651
1146600909
1146623920
1146639881
1146646768
1146666207
1146678905
1146681317
1146705967
1146735279
1146735529
1146736176
1146770400
1146782229
1146802351
1146802953
1146854849
1146857689
1146871490
1146907871
1146929122
1146938958
1147076154
1147131319
1147221280
1147229048
1147239610
1147246312
1147250927
1147285640
1147286575
1147334025
1147356670
1147373852
1147375906
1147397624
1147400345
1147408599
1147410789
1147429992
1147449920
1147469597
1147469623
1147488303
1147488566
1147489489
1147572320
1147594733
1147596250
1147601026
1147611557
1147633934
1147662442
1147673207
1147698370
1147698772
1147710406
1147718200
1147752942
1147894446
1147953433
1147989793
1148065825
1148079691
1148086522
1148161883
1148163458
1148164960
1148183318
1148184443
1148223481
1148266589
1148298719
1148427821
1148442315
1148483892
1148500858
1148521598
1148527452
1148579961
1148587339
1148595437
1148597923
1148603587
1148644086
1148652992
1148691011
1148717113
1148721549
1148745519
1148746525
114885087
1148958876
1149055648
1149347710
1149348752
1149373114
1149435858
1149445776
1149566914
1149571633
1149575732
1149579269
1149588608
1149604370
1149613313
1149653206
1149710527
1149734833
1149759325
1149784760
1149800821
1149918182
1149970814
1149977228
1150020024
1150039079
1150045319
1150045601
1150068862
1150069128
1150122113
1150152253
1150159417
1150174859
1150184733
1150221266
1150222575
1150241248
1150271607
1150273342
1150296323
1150311770
1150335466
1150348663
1150386225
1150386702
1150409235
1150433549
1150445914
1150489049
1150491586
1150518998
1150578060
1150622796
1150626558
1150633041
1150646117
1150671186
1150675084
1150688574
1150716210
1150718272
1150727307
1150735750
1150739786
1150768004
1150773395
1150774973
1150779740
1150786613
1150787806
1150795325
1150812402
1150813958
1150814068
1150816239
1150817276
1150818112
1150818922
1150819447
1150822457
1150834951
1150839165
1150863450
1150865185
1150874378
1150876431
1150882032
1150886305
1150891603
1150895128
1150899458
1150902149
1150907596
1150919349
1150920837
1150924332
1150924468
1150937975
1150941277
1150970818
1150997630
1151004013
1151020336
1151021007
1151022774
1151025969
1151031338
1151034132
1151037419
1151037507
1151041628
1151054458
1151054832
1151065210
1151076709
1151113567
1151133467
1151147549
1151166584
1151168239
1151184061
1151202236
1151216638
1151223073
1151228869
1151236044
1151267266
1151290178
1151334698
1151336747
1151348596
1151356044
1151369263
1151385086
1151391544
1151417995
1151549133
1151551214
1151671647
1152909791
1154023663
1156251887
1157365999
1157628383
1160709774
1172162292
1177354419
1177830720
1179524120
1179648402
1180287341
1183383851
1183777966
1184956655
1187185359
119
1190330667
1192187980
1198
1203765607
1204617995
1206453123
1206846039
1210712303
1213268087
1215562926
1216349958
1224253232
122487383
1229259051
1236861287
1237993986
1238523067
1239102122
1239181218
1239613739
1239941239
124256435
1250952846
1252196471
1254293623
1255669819
1258357934
1258619839
1259667575
1260847343
126093062
1261634015
126227730
127107652
1275399835
1275696252
1275846627
1275855327
127860855
127866729
1278804267
128
1284310790
1285424902
1287324127
1287784078
1291780395
1297481967
1299906799
1300496503
1301873239
1304233134
1305737163
1306003206
1306794353
13069
1308164275
1308426539
1309418380
1313865847
1316749791
1319502603
132280205
13237
1324156078
1324286431
1325596731
1325596851
1327169775
1327217007
1330840451
1331822711
1332216767
1334116651
1334444271
1335821786
133817647
1343095982
1343160439
1343226095
1345912951
1349845891
1350764294
1356202883
1358102767
1358300934
135916046
1360800187
1364283541
1365181135
1366163935
1369310345
1373045215
1373964158
1381963505
1383335086
1383530615
1384785115
1384972647
1385885867
1385891590
1389167491
1391789830
1394298420
1395392751
1398603895
1398605574
1399128363
1400373487
1401094263
1408041079
1409155671
1409155971
1409417695
1410990139
1412235323
1412957838
1417478383
142541998
1428489690
1428750815
1431634399
1433403511
1438253235
1438521193
1438581215
1443173051
1444348203
1449525427
1449918943
1451099610
1452605739
1453233614
1454113307
1454164286
145424563
1454966534
1459421423
1459618271
1460273631
1463287987
1463892763
1467285743
1469057972
1472726190
1476199299
1480065503
1485774396
1486029998
1487929943
1489109231
1490158047
1492977414
1495204079
1495531819
1496318431
1498
1498350047
1498546295
1499005167
15
1500
1500337773
1501562630
1501626847
1501889411
1505042877
1508180867
1510457475
1510867423
1511784567
1513619515
151388279
1516437623
1517092983
1517224535
1517617391
1519190495
1519387103
1523318963
152630599
152699359
1527644819
1532887279
1533935675
1539387088
1539966962
1540021842
154009779
1540424159
1540867723
1542717679
1545340078
1548031849
1548484847
1549271939
1549469446
1550255758
1550844803
1551828742
1555236014
1555303049
1557107627
1557397563
1561985143
156762351
156762591
1569067707
1569325115
1569961279
1573528954
1573585075
1576010327
1578632366
1580728799
1582123217
1582498990
1583153751
1583286022
1585053755
1585381495
15860491
1586955139
1587021274
1587677233
1590297115
1590689792
1591935575
1593574095
1595794674
1596540347
1597178275
1597768159
1600194310
1600848771
1602486331
1602683479
1602814011
1603994079
160564638
1606616958
1606879102
1607074810
1607139447
1608124166
1611990190
1612385804
1612711086
1618544510
1622808425
1623261303
162595295
1626407151
1627586679
1628440326
1631793541
1631847598
1633092782
1635910111
1637417439
1637744699
163971191
1640238394
1643840087
1646395871
1650460422
1654260011
1655505015
1658257467
1658781875
1660486111
1665402510
1665926918
1667105007
1672872175
1672938670
1676804395
16777217
16777985
16778241
1677984223
1679687739
1680801911
168165615
1682270646
1682411308
1686176643
1689059387
1689126662
1689256055
169083179
1692083765
1692140479
1693909891
1696071919
1696073478
169608127
1699023197
1699486744
1699742595
1701380995
1704055
1705052240
170656043
1710098062
1711014007
1712521695
1714749619
1721827507
17236087
1723794606
1724121207
1725235559
1726349791
1726353573
1729227762
1733949388
1737296521
173801951
1738821432
1739326638
1740505207
1741095811
1742471647
1745551479
1752498655
1753285327
1755513311
175574540
1756080193
1758203051
1759052075
1762132027
1763636629
176685175
1766942119
176752390
1769865695
1770455159
1772749998
1772879931
1772880651
1773798574
1774846011
1774977263
1775993550
1776224006
177866502
1780744911
1781270278
1782317535
1782515462
1782841823
1784351069
1785006429
1789134718
178913759
1790640607
1790975000
1791688763
1791691101
1792083118
1792410079
1793917407
1795163310
1795293903
1795949443
1797654877
1798
1799816966
1801191483
1802569478
1802896259
1803225437
1804993710
1805755795
1806106743
1807351867
1808336646
1811546171
1812857071
1813382618
1815150771
1816134830
1820852343
1822230278
1825376006
1829636445
1830420719
183069825
1831338883
1831929006
1835204847
1835534086
1835599502
1837957179
183894255
1839805584
1839923499
18400
1842152287
1843134583
1845429123
185075162
1851167592
1853685879
1862336991
1862337710
1862795503
1864518918
186581471
1868203850
1873543287
1879377670
1882391007
1887502815
1888739716
1889076998
189909179
1899167923
1900151982
1901578613
1903427774
1904148719
1906245871
1908211951
1909287748
1914768308
1916928899
1917386811
1919943135
1922170999
1922238214
1923612821
1925073187
1931084375
1933246943
1935540583
1936061805
1936659101
1937899819
1940062327
1940391086
1941045487
1947599087
1948057659
1949173630
1949958623
1950023680
1951038410
1955070851
1963302672
1968504891
1968570607
1970602583
1972240863
1973158187
1974075631
197460867
1974844355
1975517303
1975977734
1976172663
1979646071
1980170483
1982248506
198312835
1984235150
1984627167
1990068094
199033131
1993277559
1993606198
1994720131
1997668591
200
2000
2002452779
2005532911
2009006559
2009530607
2012333721
2012350094
20127
2014314735
2014502296
2019820718
2021196015
2021982687
202534842
2026872138
2032075231
2035351731
2036465723
2036596855
2038825199
2039350446
2041905871
2043200498
2044330883
2044723319
2045509811
2051145847
2053375570
2055340511
2055603674
2057635590
2057769719
2058064314
2061829894
2065629663
2067334618
2069037955
20709615
2075132143
2077529580
2077691404
2079654127
2080899251
2085486926
2088173687
2091647215
2093220439
2095737900
209715319
2098790639
2102396078
2108227883
2110456287
2113012551
2115503878
2117861495
2117992507
2121664382
2127102251
2128150647
2129723871
2132739846
2135556995
2142306423
2143486431
2144076555
2144147305
2144802665
2148401451
2149319854
215285879
2153971831
2154037967
215417311
2154300291
2154497198
2154954931
2154955051
2155741783
2158626566
2160465960
2160590967
2163213187
2164785271
2168062431
2172911795
2172911915
2173437102
2173567455
2175730143
2176319727
2179474040
2182938863
2183266363
2190868599
2191340210
2194408323
2199453935
220135603
220202458
2202821354
220341404
2205615278
2209874039
2209874219
2214133999
22152966
2217017643
2220558086
222298171
2223702495
2227372931
2229078964
2229469184
2231757561
2233403084
2235696003
2240545067
2242904543
2243429850
22439011
2246705751
2246968195
2249326771
2251292791
2252210655
22523
2252800119
2256011383
2256013062
2256535671
2257322043
225838254
2259082804
2261286481
2261694287
227214211
2273856568
227409979
2274212456
2275935406
2277088634
2280391135
2281047934
2281308459
2283667515
2284650975
2285764847
2288058847
2289239934
2289959691
2290549035
229115654
2291774221
2292647086
2294546491
2297757815
2299986159
2300721854
2304312494
2305036987
2305418751
2305884279
2306045278
2307249417
230752315
230752735
2308310790
2309162158
2314076639
2316042419
2316043438
2316043738
2319057015
2320630059
232597866
2330877422
2331443439
2331967967
2332754219
2343436587
2348220895
2352350862
2353201152
2355888427
2356216047
235628173
2358444151
2358444511
2359817998
2360083630
2360380921
2360870062
2361459587
2362835063
2362966915
2363031671
2363818103
2363884419
2370175275
2371551711
2372436202
2372666842
2378367455
2378694775
2381006488
2381216253
2382430327
2382954975
2385183199
2385510579
2386166659
2387411723
2391081079
2392129715
2395078805
239534679
2395734255
2397
2400126726
2400388570
2401108447
2402287795
2403477380
2404319711
2404842999
2407924910
2408051869
2414281902
2417271302
2421096627
2423457841
2423719086
242652495
2426734342
2431287633
2432500611
243269871
2435645559
2437154686
2437349675
24379871
2439315755
2441742086
2442199939
2442877882
244327952
2444559834
2445870734
2446066862
2448467590
245367683
2454913143
2457010295
2459900952
246481495
2466115364
2466578551
2466843255
2468807555
2469134815
2469528750
2469660542
2469986543
2470277783
2473330138
2473377933
2482197707
2486965369
2487943467
2488467575
2490434734
2490892467
2497840003
25
2501248774
250152710
250479071
2505441339
250736662
2507473375
2508785414
2511732975
2512912503
2513633519
2515140847
2516349236
251727372
2517368951
2518810743
2522677727
2525699533
252576043
2528312915
25336
2535326655
2535457247
2535706468
25362731
2537358031
2537555838
2538930295
2540175419
2540175839
2541224415
2543125379
2543255611
2545353902
2545617245
2545746039
2546925687
2547777595
2549614462
2550763460
2551841906
2553152686
2554331735
255459447
2555773167
2557412526
256
2562261111
2565998462
2567706473
2569733894
257
2571239903
2571568602
2574057591
2579431903
2579564414
2579759223
2582054542
2582839535
2583888771
2585659142
2586378719
2589524087
2590245103
2591228083
2592014395
2592932319
2594505003
2595156559
2596182613
2597925721
2601320567
260506798
2605777135
26076885
2609517842
2610430071
2620588271
2621178035
2621964407
2623144175
2623471795
2623670142
2626160390
2627933458
2631533143
2634481783
2636382807
2636972091
2638638085
264450463
2647785711
2650276739
2651652335
2655829783
2655846639
2656895095
266
266010863
266089235
2661089759
26613
2662465655
266273067
2664282982
2666726275
2666815296
2669216942
2670920159
2674065467
2677933830
2678320741
2679963947
2681402340
2681776972
2682257647
2685597468
26861
2687238623
268961542
2691237038
269230444
2693726327
2695102583
2695847685
2697920571
2699560710
2700217954
2700936067
2701330182
2701983983
2713519278
2714634110
271844227
2719416559
2720137515
2720203231
2721448055
2725446111
2727608559
2728133087
272828645
2730761240
2730891293
273221382
2733834359
2733834779
2733834839
2733834959
273547443
2735865915
2737706857
2742682079
2744386015
274530483
2745304838
2745569379
2745697155
27461382
2747859063
2748515502
2753888315
2755002847
2755985887
2757034223
275775607
2759000303
2762540206
2762932523
2765619319
2766275039
2766405871
2767783806
2769617015
277162457
2771911135
2772107264
2776891871
2778530091
27791
2780436329
2783774590
27855
2785871622
2786001195
2789282187
2789345030
2789802343
2790000390
2793930931
2794391302
2796945767
2798009337
2798784567
2799763695
2801039303
2801271023
2801302048
2802254303
2802385015
280251828
2803040495
2805158690
2807498622
2808283255
2808938615
2809004511
2813398991
2815564879
2821153706
2830303351
2830303711
2831417463
2832072823
2833055923
2833056043
2835940227
2836070639
2837907805
2839478391
2840330539
2842624059
2844721211
2844721271
2846097467
2847146343
2851537375
2852394258
2852983918
2857173171
2858026158
2858680799
2858942643
2861629619
286261727
286394568
2864578679
2864775647
2868510779
2868903995
2870019846
2871263711
2871525435
2874015863
2874869390
2874933367
2875131953
28770543
2877773523
2878341599
2879127611
2886402347
2886664311
2886664431
2886729907
2886730027
2890139518
2890990047
2897150011
2897740075
2898067695
2900034734
2900035214
2901161078
2901737591
2903377670
290356772
2904490103
2905784154
2905867438
2908357806
2910126559
2911307526
2911961267
2915565747
2916134128
2917140829
2918318559
2918580823
2921071551
2923499020
2923764760
2925630835
2929918851
29339
2935481128
2937062155
2938833245
2939945439
2946368387
2946957431
2947350707
2951544891
2955386870
2956329139
2958165166
2958270088
2959999455
2960448851
2962162383
2962554939
2965832159
2966160259
2969936029
2974155231
29763
2976710835
2979398111
2980774607
2981036211
2981560559
298254815
2989162555
2989556311
2990932207
2993357339
2994120198
2994275263
299434283
2995060975
2997094150
2997944379
30
300
3000632075
3001745647
3003318451
3003646851
3005416323
3006267511
3007418407
3008052843
3008299487
3012952723
3017429148
3022981169
302318047
3023569195
302580191
3030169275
3033386157
3034126620
3040280695
3041198679
3041263855
3042312851
3042312911
3043100422
3047031263
3048735619
3055616479
3057255119
3057913532
3058041431
3060006971
3061973231
3063415023
3065446699
3069773574
3070034039
3076063351
3077047231
3077111987
3078092601
3078160503
3079602235
3079929975
3080980350
3081708318
3081765103
3082224515
3085173335
308543607
3088056499
3088187871
3089498591
3090157925
3092579023
3093100442
3094939398
3095770665
3098018271
3099741500
31
3100508399
3103261571
3107349678
3107389919
311232262
3115516383
3115976334
3116303235
3117350971
3118465083
3120038127
3121807479
3124298447
3127248046
3127968403
3129213707
3130918662
3132358955
3132752351
3134521403
3134521523
3135348149
3137470943
3143237751
3144286327
3149667352
3151495407
3160146219
3162636407
3164275587
3165718877
3166963462
3167490747
3170304479
31719603
3173974495
3174695151
3174695391
3178104582
3179217135
3183816832
3184637440
3185315340
3185443295
3187835371
3189442430
3190948079
319094903
3191406651
3192259039
3192521183
3193503923
3194618335
319586970
3196393321
319750443
3199230509
3199230512
3201505129
3201958487
3202678843
3205038559
3205930904
3206611183
3207996016
3208970479
3209012696
3209232623
3209299718
3210938118
3212902579
3213164723
3214944805
3215589615
3216901294
3217656012
3217688326
3218273554
3219868674
3220182944
3220439099
3220832735
322109919
3221225951
3221291067
3221574115
3221910545
3222208751
3222933460
3223145700
3223896623
3224171580
3224241806
322437359
3224551559
3224611072
3224851888
3224857512
3224987864
322503854
3225094722
3225338616
3225524642
3226011398
3226027954
3226319387
3226362153
3226402045
3226516548
3227320799
3227461458
3227523148
3227728715
3228373820
3228400948
3228417010
3228510030
3228546332
3228642596
3228971114
3228989262
3229038588
3229061355
3229164318
3229165294
3229483367
3229741682
3229943192
3229984766
3230062386
3230183130
3230228474
3230310389
3230399017
3230427398
3230571332
3230578048
3230649972
3230683369
3230733356
3230847050
3230879085
3230938983
3230967829
3230981146
3231037480
3231161323
3231186795
3231187123
3231223617
3231241839
3231371080
3231450531
3231621805
3231702284
3231815347
3231845754
3231920387
3231941677
3231973495
3232004678
3232123037
3232211141
3232268158
3232326339
3232350712
3232421754
3232433380
3232527821
3232639916
3232681500
3232722682
3232867419
3232990199
3233082275
3233103137
3233146005
3233195674
3233260130
3233303507
3233415287
3233454466
3233481183
3233518889
3233687661
3233692074
3233815967
3233840803
3233847154
3233905931
3233928486
3234006190
3234104657
3234238873
3234416648
3234594816
3234728776
3234728778
3234796221
3234815137
3234914342
3235488203
3235610592
3235745079
3235840323
3236204536
3236314411
3237165929
3237174315
3237218022
3237218026
3237240700
3237268668
3237287748
3237690214
3237698601
3237742304
3237764988
3238791888
3238844426
3238854895
3238860932
3239397250
3239418242
3239648920
3239662302
3239690973
3239900599
3240107662
3240154854
3240275744
3240383312
3240445861
3240519226
3240522177
3240592624
3240671560
3240781393
3240833852
3240922216
3241001607
3241135062
3241215150
3241263713
3241295170
3241326627
3241583749
3241608962
3241620747
3241710294
3241774418
3241776514
3241782807
3241793838
3241793839
3241817117
3241825843
3241829985
3241829986
3241829988
3241829990
3241829992
3241829994
3241831680
3241859257
3241869431
3241875572
3241880734
3242006120
3242050123
3242052288
3242055978
3242070335
3242092088
3242092115
3242092125
3242092127
3242092132
3242092134
3242092135
3242092136
3242092138
3242092140
3242092141
3242131453
3242131456
3242131457
3242131458
3242144569
3242198054
3242213269
3242213407
3242215094
3242215095
3242297256
3242521612
3242584203
3242763658
3242844195
3243002284
3243086316
3243089935
3243114645
3243119617
3243179290
3243273058
3243765081
3244492550
3244687419
3245191914
3246491742
3246573331
3246591500
3247672562
3247891115
3248708131
3248708134
3249322982
3250847983
3250883551
3250913399
3250951791
3251043772
3251669042
3252721534
3253037829
3253207159
3254381796
3254483884
3255042107
3256362150
3256877955
3257610633
3258186932
3258340824
3258633826
3259934062
3261140869
3261400958
3261837256
326238507
3263008330
3263300063
3263630283
3264025147
3264469280
3264576011
3265003819
3265467666
3265793937
3265861703
3266423161
3267645735
3267806044
3267822047
3269493221
3269889373
3270639795
3272173831
3272388330
3272472754
3272672131
3272943754
3273402050
3273494844
3273688202
3273818283
3274065036
3274578126
3274625921
3274778771
3274911198
3274968712
3274978267
3275178079
3275251036
3275766310
3275835325
3276128225
3276188005
3276202544
3276534353
3276586825
3276625465
3276961485
3277037115
3277063043
3277156521
3277866252
3277875688
3278059430
3278125214
3278169071
3278230148
3278277905
3278344745
3278489292
3278511849
3278615996
3278719384
3278805423
3279612876
3280014073
3280101555
3280116284
3280218414
3280218843
3280273887
3280370854
3280566518
3280570600
3280754906
3281063135
3281107136
3281378222
3281405088
3281470370
3282030864
3282347378
3283292207
3283419195
3283944083
3285254923
3286368855
3286720832
328794411
3287953398
3288245480
3288258087
3288268844
3288452778
3288596659
3288682289
3288712426
3288837660
3288916576
3288989333
3289042881
3289143769
3289268811
3289275938
3289367944
3289605775
3289621784
3289634265
3289704565
3289746192
3289767677
3289769557
3289815009
3289863202
3289970545
3290032592
3290060421
3290073271
3290104047
3290263443
3290312203
3290603805
3290870584
3291172600
3291275911
3291349051
3292856439
3292856799
3293513478
3293774303
3293807589
3293839539
3294298411
3294888295
3295059954
3295905000
329595395
3295959447
3296032352
3296387641
3296402855
3296435054
3296459894
3296477237
3296590008
3296831255
3296878671
3296886008
3296921350
3296961520
3297015020
3297026133
3297133593
3297138060
3297140308
3297221807
3297290275
3297291406
3297299097
3297342425
3297393925
3297455402
3297638477
3300786535
3302332994
3303549026
33053
3307539301
3311198561
3311468663
3312058487
3312059087
3314090163
3316188934
331809667
3319494404
3322806991
3327067910
3329753687
3330605295
3330736187
3333751083
3336111878
3336306867
3336569311
3337291646
3342992079
3343057375
3344236843
3345285839
3346137567
3346321822
3347710431
3349415566
3349676511
3349742467
3351252492
3352297591
3352889094
3354395403
3354658566
3355902431
3355968387
3356496765
3364422111
3368026291
337000030
3371172319
337446542
3375891151
3378185990
3378970803
3379631977
3382051175
3383886603
3385066371
3387229358
3387490423
3388343171
3388473463
3388868058
3388998531
3390376285
3391554435
3400211480
3401842807
3402499066
3402891743
3406168123
34099
3410428503
3410889652
341120754
3415040078
341535995
3416785015
3418423415
3418488951
3418953577
3419932422
3425632555
3429329387
3429696387
3430389618
3432710623
3433103839
343540191
3436236370
3438281603
3438872146
3439068334
3441426731
344260907
3443198900
3443392991
3445818063
3446670211
3446802182
3447455983
3447719686
345374779
3458072635
3461415031
3461546763
3463709571
3464406315
3465679247
3466265055
3467248095
3467472157
3471507935
3471770079
3473801695
347408134
3474718959
3475833011
3476226947
3479488658
3481011075
3487041286
34909
3493069998
3493789935
3495823110
3496084175
3499763311
35
350291118
3505651951
350680936
3507618271
3514761695
3516177982
3516816449
3518103731
3518759391
352263192
3526754783
3527999967
3530153004
3531145335
3534946783
3536193286
3536652038
3539403231
3542941935
3548053743
3549823875
3550640878
3551682345
3552051379
3564699887
3578462327
357892575
3579068577
3579183163
3579184902
3579185022
3581806342
358220974
3584163899
3584164319
3586524934
3590260186
3592290363
3592290603
3592882046
3599106287
3599349983
36
3604808159
3605856495
3607562589
3608347523
3608353816
3609200390
3613851707
3617194463
3618963575
3620995971
3621193178
3626631407
3634823647
3641544758
3642004129
3642753263
3645505835
3646095479
3646554351
3647007291
3647471975
3650226665
3652323078
3653305039
3659945647
366019039
366084335
3662546334
3669557367
3669754035
3671035967
3671066374
367263983
3675457286
3675783647
3679125563
3679981068
3680436463
3684040763
368705938
368772750
3688956383
3690595203
369165247
3691839547
3691839607
36935
3693660529
369819767
3702458417
3703375022
3708487130
3711566183
3712483567
3713860543
371502330
3717661151
3720675447
3720808797
3725394039
3727884587
3729064415
3729653939
3730833527
3732734131
3732865263
3738489625
3739680887
3740008687
3752460407
37528
3756922130
3768124590
3769600473
3770274608
3771728711
3777302028
3778609211
377947310
3780772019
3781171049
3782213751
3784447670
378537734
3787877981
3795788771
3796500959
3798204775
3799062377
3799065198
3799384543
3800367583
380111197
3804037599
3807227664
3807248503
3807314938
3808035295
3808124789
3808537292
3815911691
3820552311
3820802894
3821668401
3826325616
3827258893
3827603461
3834373749
3834839219
3836608571
3836740063
3836805239
3837264351
3840540791
384434295
3844997599
3845286314
3846898563
3849971772
3857651561
3859677303
3861512491
386271581
3863478751
386401155
3865184006
3865510367
386601359
3866624119
3866954382
3875406183
3878945127
3882090735
3883073655
3883142668
3885629499
3885761291
3892114312
3894281031
3894477699
3894647223
3894870315
3897558490
3899318822
3899719979
3901620703
3903062495
3904016814
3904176187
3904569583
3905159407
3905814647
3908716878
3915189892
3915647325
3915907251
3920299902
3920429115
3920429175
3920429955
3922526567
3922591863
3924295739
3925082591
3926459327
3928490043
3928490163
3930128863
3933274411
3933406023
393610115
3936223711
3936618246
3937077118
3937141215
3938385979
3939241484
3939960582
3941992797
3942252783
3943011577
3944417030
3945594939
394949231
3954508675
3955032963
3956
3957982083
3962110431
3962831027
3962896863
39649579
3967812063
397017567
3972333627
3975151795
397674246
3981641478
3981743441
3982295279
3983868383
3985441067
3989410704
3989438643
3990276378
3990814779
399376503
39940
3995473769
3998811910
3999465711
40
400
4000514647
4000581382
4006357305
4008640991
4008838019
401080799
4012704643
4016112095
4017815671
4028381594
4033085559
4037346478
403767775
4040898210
404292902
4044025462
4044031450
4046520799
4050321647
4050977487
4051697903
4053795055
405536827
405538566
4059496567
4063494383
4064208024
4065394987
4068540895
4072341743
4073303659
4074176811
4077650399
4078044035
4083483523
408354935
4085843408
408647667
4088725803
4089251749
4092854511
4094034159
4095803451
4096525007
4100218603
41025
4103460512
4104722281
410583189
4106223735
4107796719
4108059103
4113090604
4113563767
4116447951
411895558
4120381190
4122148983
4123721847
4123854298
4124116142
4126148358
4126343287
4131522310
4135715775
41358610
4136239583
4139123167
4139980312
4143055087
4149712684
415826399
4164550775
4165068385
4165337147
4168027660
4169007343
4170842231
4172546347
4173791411
4173948604
4174075240
4185587831
4190852500
4194042815
4195156327
4205707863
4210487289
4210491631
421068859
4212196526
4213573022
4214817067
4219404527
4222093661
4227399739
4230611183
423100655
4232315779
4232518680
4235722871
4235722991
4238672771
4239132542
4239196399
4241194291
4241920689
4245278512
4246339823
4248371319
424870367
4254925039
4254925699
4258267615
4259513099
426115251
4263510135
4268234601
426837766
4269146171
4269146591
427032695
4270982019
427163707
4275163183
427622879
4278905348
4287038339
4290773051
4290904183
4292356645
4294181103
429457887
430114566
434635711
435290351
438241030
440795375
446957438
452396806
453903055
455868595
457311406
457533666
459152408
464781791
465766150
467775762
468599500
473367007
473628851
477298927
479
479766361
48409
485359855
487872570
489029991
491061487
492241135
492634411
493551735
494864134
495911391
496717012
49838
5
500
500106414
502661239
507709190
50886
510460023
514001245
51421
519308762
519504111
522
523239723
527434027
527434207
527435526
527893379
533332807
533594591
53463
538116995
539164911
541721055
542836606
544015295
54681384
55
553223312
553975927
554352614
559679358
561709175
569508079
572588331
575668523
57606623
5767
578553486
58185
584253499
584843383
585236719
586285115
586285175
586285595
586285655
586285715
5871
589824359
58982579
5898479
59
598016059
598868207
59920131
599617257
600
603110481
606208239
60630
609485039
60996
610599151
611451119
613154935
614924527
615645903
616564486
6167
618921063
61900
620429551
622461407
622484996
62324855
62325035
628490719
630519517
630915551
63295
633148450
635568607
635700398
638779871
640617996
640745951
641466487
644022571
644963773
6480
648742542
648937951
652711627
65405047
665243854
665846958
666827801
675152351
67568095
677642479
680331014
680853923
682025502
684655790
685506739
685506859
686036242
686557054
687211395
688128899
688719622
690422059
694616543
698024055
700
700317875
701370984
701497463
701825143
704905695
706084983
706937071
708510175
70871059
713162811
713164670
713884846
713949663
714080435
714540566
715392774
715784671
715916462
717357235
731644383
735838327
737149107
737149227
738263099
741016031
741083485
741867999
742654011
748224991
749012742
749338743
750190831
751894827
751896326
752751781
754647399
754713055
756940919
758449806
762709166
76349919
76350339
763627569
768
768344963
769
773653678
777979654
77988019
781779123
789776134
791019520
792396255
796262879
796590379
798295814
800
802031965
802752262
807207391
810418415
813105271
818217199
818415366
819921135
819928088
819929816
823002886
824116099
82426127
832842742
833421791
834994415
839647711
839778396
840823936
841351647
842924271
843319046
844380222
847511791
849277761
850395195
850920622
852267
853738670
85590075
85852639
862047286
868746894
869597303
870906983
872416131
87623550
876544119
87688007
879232774
885391539
887291963
889653118
88997947
891290079
8912955
891748651
893714671
894501163
894763487
894931170
897908855
899219575
90
90112239
902365303
906952823
911690047
911999155
916785022
918554494
920000361
920453299
922026703
929562803
936248374
940638687
9429
944899246
953664878
958596870
95948300
960299907
969408661
972148719
972488943
974901865
975438723
975569135
978321587
980484995
982126991
983305140
985727455
98697335
987890143
988680831
991887539
994182019
998179055
