0
1
10
1001259247
1001259487
1004208607
1010434527
1011876199
1011876439
1012007391
1023398784
1023409664
1024
1024328159
1026
1031798784
1032189888
1032651231
1038352863
1047003375
1048576000
1048576032
1053557215
1069547592
1069641380
1070006751
1070400686
1071055327
1072037888
1072038367
1073615995
1073676767
1073743742
1073745420
1074530174
1074531252
1074531852
1074790098
1076717586
1081999339
1082095720
1082130428
1082130432
1082130436
1082130440
1082134624
1082134630
1082606517
1082606519
1082654720
1082913376
1083364088
1083743679
1084031215
1084227584
1084620141
1085743825
1090453502
1090453503
1090453505
1090453568
1090454028
1090486223
1090519018
1090748426
1090757082
1090757083
1091240415
1091567616
1092616192
1094501365
1094602970
1094680522
1094680523
1094680584
1094680838
1094713342
1094713344
1097594818
1098592027
1098772382
1098872770
1098872771
1098874825
1098874872
1098874888
1098874889
1098874931
1098874933
1098874934
1098874951
1098875142
1098921426
1098976835
1100690044
1100732476
1100988336
1100988410
1100988419
1100988426
1100988547
1101003785
1101004828
1101102584
1101191186
1101819019
1102184447
1103085566
1103085577
1103085594
1103085699
1103101952
1105182720
1105182727
1105199102
1105199103
1105199104
1105216968
1105225318
1107165663
1107168180
1107296254
1107296256
11076063
1108607875
1116145414
1128858079
1129218371
1130496984
1130562259
1130852422
1130863852
1131008098
1131082744
1131121491
1131283372
1131333713
1131355380
1131420906
1131477758
1131535419
1131553640
1131588960
1131644496
1131752854
1131840353
1131890802
1131918082
1131943259
1132009658
1132010770
1132072024
1132091506
1132202369
1132207340
1132207345
1132288816
1132396560
1132441464
1132459686
1132483528
1132537637
1132618248
1132628602
1132653486
1132659691
1132672541
1132674446
1132786545
1132869427
1132879229
1132925569
1132942841
1132957670
1132974528
1132977873
1132993423
1133001361
1133022986
1133093731
1133140073
1133178483
1133180446
1133226783
1133255924
1133255925
1133279092
1133280032
1133307069
1133316242
1133322510
1133348601
1133371768
1133395484
1133411033
1133418114
1133426883
1133438071
1133453204
1133464449
1133465321
1133506035
1133523281
1133533962
1133567837
1133600750
1133603473
1133649814
1133655725
1133699328
1133700289
1133703424
1133707323
1133717448
1133724747
1133731477
1133754421
1133804939
1133829711
1133829712
1133842038
1133850766
1133852895
1133858355
1133879818
1133904690
1133956734
1133959715
1133968241
1133969594
1133974199
1133978978
1133979445
1133991406
1133995421
1133998816
1134013858
1134038316
1134066888
1134105135
1134113218
1134129394
1134207039
1134220463
1134220479
1134223482
1134250639
1134254102
1134314497
1134325947
1134330186
1134330187
1134334376
1134366326
1134511108
1134552654
1134552655
1134597499
1134622903
1134640050
1134644793
1134651448
1134662838
1134667912
1134673894
1134783856
1134783877
1134784176
1134799652
1134803288
1134813967
1134830338
1134835634
1134855684
1134866720
1134878793
1134879570
1134879911
1134881476
1134899000
1134915133
1134921524
1134924183
1134924185
1134931921
1134933267
1134937581
1134939669
1134949652
1134961687
1134967725
1134970719
1134983855
1135010501
1135016865
1135024994
1135027294
1135055569
1135076455
1135094425
1135098799
1135104825
1135109561
1135115251
1135117516
1135121694
1135126763
1135132720
1135133264
1135136912
1135137171
1135141592
1135149870
1135155057
1135178900
1135189815
1135190149
1135192997
1135197097
1135200453
1135202008
1135202228
1135212631
1135215464
1135225410
1135237670
1135241072
1135248571
1135267713
1135271743
1135276287
1135279214
1135286241
1135305952
1135305972
1135315238
1135325274
1135331223
1135332119
1135341235
1135344339
1135360942
1135375642
1135391561
1135403531
1135404001
1135411268
1135413218
1135416489
1135418364
1135429336
1135457105
1135457114
1135457580
1135471910
1135487063
1135504237
1135514097
1135516922
1135525310
1135526740
1135531032
1135537246
1135543724
1135546380
1135549786
1135556145
1135564257
1135569734
1135571206
1135578560
1135583526
1135584466
1135592160
1135603252
1135608415
1135612622
1135619703
1135620546
1135622717
1135645099
1135646140
1135660615
1135666798
1135671627
1135674827
1135675054
1135677231
1135678090
1135680422
1135699963
1135709001
1135711358
1135711957
1135711980
1135713656
1135720921
1135722932
1135724400
1135725497
1135727659
1135740113
1135744136
1135749235
1135749912
1135764492
1135766347
1135767164
1135768338
1135774865
1135802228
1135807778
1135814216
1135818613
1135830651
1135874181
1135897351
1135907320
1135914351
1135919374
1135921331
1135922550
1135924726
1135926622
1135931778
1135936708
1135949182
1135949629
1135968205
1135979555
1136011970
1136013204
1136021711
1136024623
1136037267
1136057795
1136066127
1136067723
1136068407
1136070300
1136077351
1136083382
1136087637
1136094550
1136099584
1136101108
1136153312
1136161677
1136166482
1136185194
1136220885
1136221728
1136242090
1136245343
1136261413
1136291240
1136318247
1136343053
1136346812
1136357025
1136374541
1136376630
1136376637
1136376749
1136379038
1136385676
1136396191
1136397067
1136400134
1136416724
1136427491
1136427506
1136430252
1136430262
1136448765
1136462023
1136482776
1136493629
1136500882
1136507586
1136556187
1136601400
1136604946
1136616982
1136633960
1136638090
1136638678
1136657516
1136690526
1136740026
1136741900
1136747036
1136754649
1136801074
1136803355
1136817180
1136834609
1136835498
1136858475
1136901030
1136963182
1136969767
1136986361
1137006677
1137028348
1137064870
1137085822
1137140294
1137144608
1137156678
1137232020
1137241227
1137262595
1137264400
1137385929
1137426598
1137458088
1137526254
1137542452
1137565614
1137574367
1137611956
1137658294
1137658297
1137658302
1137727807
1137890001
1137913174
1138029028
1138098534
1138121704
1138191217
1138214387
1138422920
1138553836
1138556023
1138583656
1138585118
1138622943
1138683532
1139002189
1139187549
1140531429
1140763133
1144227328
1144864514
1144922444
1145073048
1145119389
1145142560
1145177313
1145223652
1145223656
1145235242
1145304750
1145374261
1145397434
1145428971
1145455358
1145478529
1145548041
1145561262
1145594378
1145652306
1145742593
1145756576
1145826083
1145860840
1145872429
1145874812
1145881883
1145884009
1145885007
1145889583
1145895599
1145918257
1145939699
1145940456
1145941120
1145942391
1145968609
1145974584
1145981293
1145985684
1145990574
1145991924
1145992669
1145994789
1145995961
1145997316
1146006874
1146006926
1146009184
1146016214
1146018105
1146030710
1146032443
1146034404
1146042630
1146045023
1146046020
1146054242
1146054987
1146055457
1146060207
1146064314
1146070644
1146077890
1146083984
1146093067
1146095886
1146103703
1146105195
1146132784
1146134678
1146140700
1146144779
1146149430
1146153728
1146160051
1146162633
1146165175
1146168273
1146168690
1146177906
1146179083
1146179395
1146181159
1146186105
1146198832
1146201376
1146206214
1146209087
1146210521
1146210721
1146212126
1146215033
1146216723
1146217853
1146225264
1146227076
1146236766
1146239206
1146243314
1146257015
1146285274
1146292243
1146296221
1146302287
1146303347
1146308352
1146316531
1146317757
1146324251
1146329515
1146342589
1146347142
1146365494
1146367740
1146378967
1146379551
1146379916
1146387273
1146387454
1146389175
1146389865
1146404956
1146425103
1146426995
1146429050
1146433656
1146437212
1146444320
1146445223
1146450558
1146452246
1146475332
1146489496
1146497227
1146515006
1146525172
1146530495
1146540902
1146548152
1146556026
1146568519
1146569911
1146577116
1146579894
1146581606
1146586107
1146587663
1146594319
1146597127
1146612911
1146627778
1146634335
1146637329
1146638479
1146644706
1146644914
1146648633
1146658303
1146661520
1146688183
1146696223
1146696395
1146698191
1146702184
1146705412
1146710265
1146726755
1146729729
1146760839
1146769344
1146771424
1146799248
1146801272
1146814951
1146817495
1146822419
1146832211
1146845911
1146848394
1146848637
1146853064
1146858965
1146859270
1146877697
1146895204
1146902577
1146923133
1146931875
1146938264
1146984607
1146991649
1146993990
1147006556
1147010418
1147024235
1147039826
1147042535
1147054114
1147054426
1147062018
1147065703
1147065706
1147069540
1147082153
1147109875
1147111771
1147112421
1147123630
1147131116
1147135216
1147145000
1147153831
1147169792
1147169972
1147193141
1147221398
1147262652
1147285822
1147290216
1147291604
1147308990
1147326277
1147329136
1147366916
1147378501
1147424842
1147505939
1147529110
1147529112
1147610207
1147636499
1147668132
1147714474
1147760815
1147772401
1147795570
1147807153
1147807155
1147818742
1147824656
1147899836
1147911422
1147923006
1147972110
1147988495
1147992519
1148020235
1148020836
1148024715
1148025316
1148027276
1148036463
1148036469
1148045063
1148073617
1148108372
1148168720
1148204942
1148283408
1148342941
1148371116
1148395863
1148448821
1148451050
1148457302
1148524760
1148535079
1148622095
1148634613
1148652875
1148652877
1148676225
1148698444
1148702797
1148710800
1148736678
1148766678
1148805870
1148873229
1148888522
1148901896
1148938412
1148945871
1148964786
1148990586
1148993760
1149003754
1149038388
1149038618
1149039225
1149047152
1149053048
1149074849
1149083909
1149097511
1149127233
1149130581
1149184526
1149217294
1149247911
1149300447
1149310213
1149324266
1149341645
1149353229
1149360017
1149392254
1149425234
1149436383
1149439463
1149452218
1149462621
1149467157
1149504018
1149505849
1149511621
1149516470
1149521006
1149525701
1149558729
1149558734
1149564581
1149567455
1149590392
1149621279
1149637068
1149646751
1149648652
1149651765
1149657234
1149660231
1149663342
1149664155
1149672069
1149696687
1149723957
1149741139
1149747795
1149749817
1149751578
1149762478
1149781210
1149787913
1149791608
1149796610
1149797593
1149811803
1149817768
1149831289
1149836423
1149839806
1149847746
1149852936
1149862658
1149909320
1149914153
1149926864
1149936538
1149940895
1149965426
1149973038
1149973040
1149984547
1149989330
1150045453
1150100476
1150112063
1150113804
1150217902
1150371248
1150403125
1150409769
1150410070
1150412010
1150412311
1150417883
1150417886
1150422184
1150434860
1150451244
1150581940
1150582136
1150582365
1150597583
1150606891
1150624062
1150625176
1150628303
1150662034
1150710700
1150737764
1150746155
1150748874
1150751050
1150782991
1150819882
1150850600
1150868858
1150872587
1150882045
1150894945
1150896532
1150918846
1150918961
1150919264
1150923229
1150948408
1150963269
1150964943
1151024682
1151027916
1151080451
1157169631
1162086150
1169031647
1169819398
1173553631
117902260
1182859503
1182859743
1184302854
1190789359
1190789599
1191644084
1194132355
1199702495
120
1219559903
1219822047
1219822527
1232536031
1233715679
1242563039
1244071686
1252655583
1252656063
1270153695
1278148847
128
1286013407
1292570124
1296042333
130810335
1311772172
1313
1324286431
1328416518
1329791215
1329791455
133890527
1344930990
1354301559
1361904095
1362493679
1362493919
1362494339
1391526127
1391984879
1391985119
1395720431
140116447
1411514847
1415187081
1416298975
1420755423
1422721503
1424950446
143079473
1431634159
1431634399
1436811503
1456275935
1457127903
1465844191
1479344607
1485636063
15
1501626847
150274527
1512898799
1521418479
1534066927
1534067167
1541603807
1547305439
1550909919
1561199071
1565130871
158335455
1583874287
1584333279
1584333759
1584988639
1588527583
1596720902
1598947567
1599930607
1601832410
1603798190
1603798790
1606877663
1608908800
1608909279
1610547679
1610613215
1610614654
1610616332
1611401086
1611402764
1614610911
1620902127
1628111327
1630142943
1632501819
1633222895
1636040943
1636303087
1639973343
1644036575
1644039092
1645478787
1651835359
1653016326
1655374063
1660027359
1665926079
167248351
1675493855
16777217
1678377199
1678377439
1678574047
1696989663
1705902559
1710424543
1718943983
1718944223
1736573407
1756430815
1762853163
1765998711
1779433951
1780942598
1788477679
178913519
178913759
1789526255
1789526495
1791427039
1808597231
1808597471
1810956527
1815019999
1816396015
1829441036
1832913245
1833107935
1836122351
1841926314
1843528159
1855848927
1859518703
1859977695
1861157343
1881801902
1889272707
1898775007
189989343
190054639
190054879
190055359
1903232774
1952057993
1953169887
1958412767
1958805983
1963196655
1968505311
1968506630
1979580895
2
20
200081887
2002584031
2007040239
2007040479
2007040599
2014502296
2016215519
2017263855
2022506975
2025849311
204407263
204669407
2055537119
2055537838
2078474719
2079064543
2087846367
2101871071
210436575
2104755974
2104756273
2105608541
2111584305
2112750766
2121204191
2121204671
2121859551
2125398495
2125660399
2125660639
2136015327
2147418591
2147549663
2147550622
2147551102
2147552180
2147552780
2148337534
2148339212
2148533123
2151547359
2156331487
2157838575
2162426335
2168586719
2182415235
2186019055
2186019295
2189952774
2208039391
222691567
2233926111
2241528047
2241528287
2260992479
2268988590
2268989190
2269642752
2272002287
2272068063
2277088634
2317879046
2326462943
232915423
2340291039
2343961055
2346451423
234817286
2351956447
2360541663
2360607199
2375221727
238030348
2380464607
2392785375
2396455151
2398093791
2409300207
2426077663
2426209155
2435711455
2450981343
2467561711
2467561951
2467564169
2470904047
2470905606
2481324511
2482241775
2486501855
2487681503
2494759151
2495349215
2504983007
2505375983
2505376223
2505441519
2505441759
2516517343
2518548959
2522677487
2525757440
2530935023
2530935263
2540372447
2542142638
2553151967
256
257
2579497199
2588082655
2615411167
2624782815
2626617823
2631401951
263324127
2638807519
2642544989
2655453423
2658795999
2659057903
2662334943
2666594543
2666594783
2677277870
2679111919
2684355039
2684356358
2684420575
2684421534
2684422014
2684423092
2688352735
2691367151
2691367391
2693202399
2699297247
2701918687
2703687919
2709848543
2734096623
274399711
2744910303
2755658207
2768437487
2768437727
2770665711
2770797023
2777678063
2777678303
277872879
277873119
2791573853
2805137647
2806513664
2834563311
28418
2850619871
2853175535
2853175775
2861236703
2861237183
2863333855
2877161951
2888827359
2897674479
2897674719
2914189551
2915172831
2917335519
2933326063
2945188319
2948792799
2948858095
2962948575
2963080067
296617134
2987000287
2987786479
2994536687
3
30
3001024751
3018195423
3018260959
3019112687
3026977247
3028484575
3032220127
3042312671
3042313990
3045064704
3053388255
3055419871
3061841920
3062628352
3077243359
3079013550
3079865219
3085828335
3090022879
3091071455
3101884895
3124953567
3127051438
3127052637
312869343
3134914560
3137282048
3149939461
316015071
3161653727
3168272863
3171363584
317456863
3175678431
319095023
319619551
320471279
3204914912
3205930904
3214148063
3216704248
3217621111
3217621471
3219587072
3219587551
3221225472
3221225951
3221292206
3221292446
3221292506
3221292926
3221294004
3228565500
3229618354
3229681550
3229682065
3229820288
3230073311
3232367071
3232563679
3235498359
3235840280
3236168159
3237998475
3238002688
3238035447
3238035448
3238035449
3238789599
324010463
3240559071
3243245807
3245670519
3255304671
3259040223
3269001695
3275293151
3281781215
3292529119
3304196145
3319791855
3319792095
3320121094
3328444765
3343384576
3352101103
3352101343
3352297951
3354788079
3354788319
3367371231
3367371711
3387490783
3388539359
3398107615
3398108095
3400204767
340132319
34013663
3414032863
3419144431
342557151
3425698031
3429268937
3434283487
3454206431
3456108294
347013599
347209967
3482059231
3485663711
3495690719
3499819487
351208622
3523871199
3531407599
3539206623
3545301471
3555066335
357892575
3579183583
35848671
3585606531
3592290783
3599499264
3604677087
3612344559
3613393375
3614114271
3615884462
3626893791
3633185247
363528671
3638755807
3641901295
3641901535
3649634783
3650814431
3655730051
3661824479
3663593951
366543087
366543327
3669885047
3672113391
3687776495
3687776735
3687777155
368968159
3697082847
3702980847
3704881631
3707044079
3707044319
3708485871
3712549343
3713664474
3717923055
3725066359
3730834127
3735683551
3737552174
3740270831
3747479791
3750494208
3751018975
3754426847
3756457984
3756458463
3758096384
3758096863
3758162399
3758163718
3758164317
3760062703
3760259191
3760259971
3760324847
376504559
3765109215
3769237983
3769434351
3770024415
3770155247
3770155487
377094263
377094383
3771400671
3775660511
3783590127
3788570863
3790537183
3794010591
3795518039
3795911135
3799384543
3805872607
3807576543
3809935839
3813475263
3813671151
3821535351
382534111
3826123231
383385839
383386079
3838575071
3841067057
384106975
385614063
3862168031
3864985839
3888972015
3888972255
3892052447
3922395255
3924361695
3925475567
3934978527
3934979007
3937075679
3948151263
3948216559
3948216799
3948217279
3948609775
3962569183
3962831327
3968598495
3969777783
3988914655
3991077343
3992979206
4
4018930143
4021486047
4022534623
4032561631
4054779054
4068278511
4071031263
4074176991
4082172383
409141487
4110745839
4116054495
4116055814
4116056413
411894239
4127130079
4139516203
4142268895
4175626719
4187685343
4194828527
4199547119
4199547359
4200464863
4215408390
4218880239
4218880479
4228186351
4228186591
4233298399
4238215217
4238737887
4241883375
4252172767
4252174685
4262397702
4272554463
427885023
428343775
4287365120
4287889887
4291297759
429523423
43494
442302943
457246470
457703903
462356599
467730671
473563615
475136479
47710687
479
480575967
487457247
487719151
49021827
493551855
494010847
494012765
496717012
500971569
511377887
517537911
519045359
524943599
529203200
531562735
533135839
536805615
536805855
536871391
536873309
537659262
537660340
53936607
542441711
55116255
554369503
562299359
565708550
572719583
590479599
591987167
59459
600703455
612565471
620298719
625215238
632160735
63832543
640877023
654773172
663093427
667681247
670761439
673121454
673122054
680591539
682688991
68420063
685834479
692584567
694224346
704905695
705692127
715784431
715784671
725549295
726860255
726925551
726925791
726926271
741278175
741540319
749404639
755699212
75694559
769655023
769786335
774901260
786235871
788350
789428
800195039
802226415
808060078
808583647
821493999
83034471
833488046
83427807
849740255
852885983
861405423
871826307
878316169
88344326
883884511
885850591
888079534
888472750
888473350
894763487
905839071
905969664
910163968
910775196
914358272
916324591
916324831
918552576
919405023
920977887
922746880
923271168
924844032
92733919
931135488
933232640
935329792
935854080
936116703
940179935
948765151
964755935
990057088
990104315
994117382
994574815
998840816
