0
1
10
100140806
100337414
1005781051
1007485827
1007550583
1008324608
1009128641
1010827413
1013583372
1014105862
1015939191
1017120398
1017446579
1017578371
1017788064
1018889151
1019150515
1019543671
1021575287
1021707199
1021870789
1022493151
102368430
1024
1025
1026032095
1026490547
1027473527
1027604659
1027998175
1028653535
1029440387
1032847419
1034
1034879155
1035010527
103612895
1036714283
103868400
1041575336
1042679558
1045103191
1046625382
1046745344
1048610181
1049075088
1049757680
1053094000
1054015967
1054688159
1054802219
1055261271
1056337792
1056833715
1056933000
1059392791
1059558466
1060307423
1061028139
1063259724
1064113832
1065353395
1066047984
1066557854
1066964584
1067430134
1068040431
1069418667
1069724536
1069810623
1069811342
1070334431
1070794622
1072433501
1073677486
1074528555
1074927465
1075840774
1076312712
1078254907
1079509171
1079771615
1080301417
1080644234
1081999839
1082132230
1082217248
1082652394
1082723890
1082772235
1082884270
1083213421
1083218208
1083728403
1084278261
1084372243
1084424671
1085130797
1085759903
1085781189
1086837922
1086849203
1086955438
1087701111
1087963195
1088619994
1089208499
1089733087
1090322611
1090643986
1090958489
109117559
1091176198
1091740024
1092026487
1092354287
1092830832
1093020785
1093992927
1094926626
1097475266
1097533190
1100284203
1102447491
1103298799
1103364335
110362923
1103692255
1103823147
1104555663
1104668754
1106622685
1109342635
1110725289
1111159597
1112777733
1112788930
1113009460
1113161547
1113180326
1113326167
1113458084
1113503585
1113507926
1113508612
1113526136
1113526190
1113526202
1113527433
1113535616
1113535818
1113541508
1113541655
1113568691
1113579532
1113584264
1113596805
1113608510
1113619679
1113619684
1113630861
1113686961
1113717281
1113741098
1113744002
1113744745
1113747039
1113749285
1113780410
1113790016
1113917310
1113990755
1114030377
1114480632
1114623674
1115226591
1115358023
1116246460
111739359
1117590543
1118241966
1118362378
1118701318
1118745322
1119617503
1120010479
1120600303
1120647914
1120846231
1122107631
1123484187
1125394324
1130557525
1131542975
1131663318
1132107038
1132514290
1132719335
1132739272
1132767271
113318936
1133206938
1133412764
1133985479
1134023749
1134063238
1134091150
1134157478
1134222441
1134257473
1134295037
1134356681
1134378174
1134494071
1134576366
1134580502
1134684576
1134690801
1134759284
1134994954
1135077294
1135112582
1135114262
1135139541
1135303161
1135391828
1135416719
1135575278
1135580916
1135660633
1135690218
1135699020
1135734437
1135844010
1135856580
1135960350
1135996047
1136017215
1136039347
1136039806
1136056700
1136090844
1136104551
1136104756
1136105682
1136121977
1136137410
1136194644
1136203797
1136216022
1136229123
1136250206
1136285920
1136305932
1136311832
1136316582
1136334036
1136359681
1136369452
1136380463
1136395019
1136425889
1136427877
1136428481
1136443231
1136445914
1136471159
1136471702
1136474003
1136476185
1136486788
1136497436
1136501298
1136547747
1136559332
1136691796
1136749611
1136792133
1136792413
1136846772
1136891474
1136906767
1136992222
1136998817
1137009513
1137052633
1137061487
1137100644
1137111531
1137129676
1137149035
1137158768
1137194813
1137250347
1137299009
1137337414
1137403800
1137441710
1137507436
1137517823
1137552933
1137577923
1137646804
1137652014
1137682326
1137697325
1137714623
1137822146
1137836091
1137837457
1137839994
1137840884
1138037831
1138066502
1138069937
1138162103
1138254949
1138322895
1138563759
113901867
1139519896
1139541766
1139676506
1140008900
1140130271
1140179996
1140549150
1140588588
1141194151
1141198978
1141199946
1141216616
1141229552
1141231153
1141265975
1141404898
1141762180
1141930454
1141992638
1142030575
1142035704
1142074922
1142091361
1142194032
1142220304
1142229686
1142250527
1142427536
1142462771
1142548242
1142728259
1142728912
1142729003
1143130736
1143317307
1143332434
1143482157
114360439
114360619
1143655038
1143670534
1143690303
1143696899
1143707299
1143768802
1143775335
1143796262
1143819557
1143821951
1143831186
1143838124
1143840767
1143861493
1143891104
1143893450
1143915935
1143923241
1143923443
1143946891
1143972627
1143973216
1144012331
1144060309
1144063518
1144070679
1144083109
1144125233
1144162225
1144170228
1144195265
1144205950
1144234223
1144286512
1144372962
1144394464
1144408353
1144417740
1144443724
1144503836
1144518085
1144546752
1144563404
1144564362
1144609798
1144644862
1144645001
1144656155
1144658356
1144677086
1144737316
1144759068
1144767614
1144792330
1144804850
1144828510
1144872101
1144909886
1144991309
1145022989
1145085699
1145124602
1145133564
1145140053
1145180801
1145242079
1145307152
1145366168
1145384761
1145437614
1145438690
1145453332
1145498741
1145511892
1145519997
1145552033
1145563893
1145574258
1145583670
1145589197
1145590249
1145598385
1145599872
1145652743
1145657255
1145712900
1145729467
1145760895
1145761558
1145768044
1145844045
1145913588
1145941020
1145969916
1146027657
1146028631
1146043435
1146084711
1146110344
1146113942
1146145492
1146177403
1146248641
1146314601
1146442101
1146472032
1146524739
1146575651
1146600909
1146623920
1146639881
1146646768
1146666207
1146678905
1146681317
1146705967
1146735279
1146735529
1146736176
1146770400
1146782229
1146802351
1146802953
1146854849
1146857689
1146871490
1146907871
1146929122
1146938958
1147076154
1147131319
1147221280
1147229048
1147239610
1147246312
1147250927
1147285640
1147286575
1147334025
1147356670
1147373852
1147375906
1147397624
1147400345
1147408599
1147410789
1147429992
1147449920
1147469597
1147469623
1147488303
1147488566
1147489489
1147572320
1147594733
1147596250
1147601026
1147611557
1147633934
1147662442
1147673207
1147698370
1147698772
1147710406
1147718200
1147732147
1147752942
1147894446
1147953433
1147989793
1148079691
1148086522
1148161883
1148163458
1148164960
1148183318
1148184443
1148223481
1148266589
1148298719
1148427821
1148442315
1148483892
1148500858
1148521598
1148527452
1148579961
1148587339
1148595437
1148597923
1148603587
1148644086
1148652992
1148691011
1148717113
1148721549
1148745519
1148746525
1148958876
1149055648
1149347710
1149348752
1149373114
1149435858
1149445776
1149566914
1149571633
1149575732
1149579269
1149588608
1149604370
1149613313
1149653206
1149710527
1149734833
1149759325
1149784760
1149800821
1149918182
1149970814
1149977228
1150020024
1150039079
1150045319
1150045601
1150068862
1150069128
1150122113
1150152253
1150159417
1150174859
1150184733
1150221266
1150222575
1150241248
1150271607
1150273342
1150296323
1150311770
1150335466
1150348663
1150386225
1150386702
1150409235
1150433549
1150445914
1150489049
1150491586
1150518998
1150578060
1150622796
1150626558
1150633041
1150646117
1150671186
1150675084
1150688574
1150716210
1150718272
1150727307
1150735750
1150739786
1150768004
1150773395
1150774973
1150779740
1150786613
1150787806
1150795325
1150812402
1150813958
1150814068
1150816239
1150817276
1150818112
1150818922
1150819447
1150822457
1150834951
1150839165
1150863450
1150865185
1150874378
1150876431
1150882032
1150886305
1150891603
1150895128
1150899458
1150902149
1150907596
1150919349
1150920837
1150924332
1150924468
1150937975
1150941277
1150970818
1150997630
1151004013
1151020336
1151021007
1151022774
1151025969
1151031338
1151034132
1151037419
1151037507
1151041628
1151054458
1151054832
1151065210
1151076709
1151113567
1151133467
1151147549
1151166584
1151168239
1151184061
1151202236
1151216638
1151223073
1151228869
1151236044
1151267266
1151290178
1151334698
1151336747
1151348596
1151356044
1151369263
1151385086
1151391544
1151417995
1151549133
1151551214
1151671647
1152135446
1152909791
1154023663
1154751691
1154779707
1154800670
1154859650
1155120444
1155122122
1155131095
1155141177
1155160907
1155172554
1155203551
1155286214
1155302557
1155385670
1155430043
1155440653
1155454887
1155474933
1155509906
1155511193
1155521102
1155535849
1155535881
1155569363
1155580072
1155596824
1155604422
1155606444
1155607688
1155609374
1155621068
1155628021
1155757663
1155769843
1155773843
1155774414
1155785940
1155789070
1155811303
1155811939
1155860032
1155867891
1155969382
1155970573
1155970742
1156251887
1157365999
1157504919
1157628383
1157905520
1158072282
1158073035
1158087242
1158089888
1158102046
1158102120
1158103510
1158103671
1158104318
1158106506
1158111913
1158114152
1158133141
1158133306
1158133379
1158137862
1158138423
1158153015
1158172416
1158185323
1158185398
1158205852
1158219821
1158219840
1158236790
1158238075
1158243516
1158248732
1158254263
1158305707
1158324434
1158324447
1158324538
1158331313
1158334100
1158365837
1158483417
1158567767
1160708575
1160709774
116392895
1172162292
1173225951
1177354419
1177830720
1179524120
1183383851
1183777966
1184433926
1184956655
1185678271
1187185359
119
1190330667
1192187980
1198
1204617995
1205535199
1206453123
1206846039
1208353247
1210712303
1213268087
1215562926
1216349958
1217331379
1224253232
122487383
1238523067
1239102122
1239181218
1239613739
1239941239
1242169823
124256435
1242694111
1246823359
1247805919
1250952846
1252196471
1252655583
1252656063
1254293623
1255669819
1258357934
1259667575
126093062
1261634015
126227730
1264714207
127107652
1272121214
1274480510
1275399835
1275696252
1275846627
1277109131
127860855
127866729
1278804267
1284310790
1285424902
1287784078
1290398099
1291780395
1297481967
1299393379
1299906799
1300496503
1300693471
1301873239
1304233134
1305737163
1306003206
1308164275
1308426539
1309418380
1313865847
1316749791
1319502603
132280205
1324156078
1324286431
1325596851
1327169775
1327217007
1331822711
1332216767
1334116651
1334444271
1335821786
1338048991
133817647
1338408369
1341194719
1343160439
1343226095
1349845891
1350303923
1350764294
1355350075
1358102767
1358300934
135916046
1360800187
1364283541
1364475638
1365181135
1369310345
1373045215
1373964158
1378025951
1380516319
1383335086
1383530615
1384785115
1385891590
1391789830
1395392751
1396179423
1398605574
1399128363
1400373487
1401094263
1409155671
1409155971
1409417695
1412235323
1412957838
1415119327
1417478383
142541998
1428489690
1431634399
1433403511
1438253235
1438521193
1440547775
1444348203
1444585320
1449525427
1451099610
1452605739
1454113307
1454164286
1454966534
1459421423
1459618271
1460273631
1463287987
1463892763
1467285743
1467417055
1469057972
1472594399
1472726190
1476199299
1479148479
1480065503
1485774396
1486029998
1487929943
1489109231
1490158047
1492977414
1495204079
1495531819
1496318431
1498
1498546295
1499005167
1499617636
15
1500
1501562630
1501626847
1501889411
1503199711
1505042877
1510457475
1510867423
1511784567
1513619515
151388279
1516437623
1517224535
1517617391
1519190495
1519387103
1522532831
1523318963
152699359
1527644819
1528890303
1530430519
1532887279
1533935675
1539387088
1539966962
1540021842
154009779
1540424159
1540867723
1542717679
1545340078
1548031849
1548484847
1548812767
1549271939
1549469446
1550255758
1550844803
1551828742
1555236014
1555303049
1557107627
1557397563
1561985143
156762351
156762591
1569067707
1569325115
1569961279
1573528954
1573585075
1576010327
1578632366
1580728799
1581842911
1582123217
1582498990
1583153751
1583286022
1585053755
1585381495
15860491
1586955139
1587021274
1587677233
1590297115
1590689792
1591935575
1593574095
1596540347
1597114238
1597178275
1597768159
1600194310
1600848771
1602486331
1602683479
1602814011
160564638
1606616958
1606879102
1607074810
1607139447
1607532723
1608124166
1610023391
1611990190
1618544510
1622808425
1623261303
1623851487
1624407257
162595295
1626407151
1626407391
1631793541
1633092782
1635975347
1636959167
1637417439
1637744699
163971191
1641284063
1643840087
1644954199
1646395871
1647509683
1648296415
1650460422
1654260011
1655505015
1658257467
1658781875
1660355039
1665402510
1665926918
1667105007
1672872175
1672938670
1674772959
1676019582
1676804395
16777217
1677722678
16777985
16778241
1677984223
1679180415
1679687739
168165615
1682270646
1685324255
1686176643
1689059387
1689126662
1689256055
169083179
1692083765
1692140479
1693909891
1696071919
1696073478
169608127
1696334303
16974303
1699023197
1699486744
1699742595
1701249983
1701380995
1704055
1705314054
170656043
170918847
1709574014
1710098062
1711407283
1712521695
1714749619
1717961183
1719730655
1721827507
1722155487
17236087
1723794606
1726349791
1727595215
1727595395
1729692127
1731789279
1734476255
1737688958
173801951
1738821432
1740505207
1741095811
1742471647
1745551479
1748435123
1752498655
17528369
1755513311
175574540
1756080193
1758203051
1759052075
1762132027
1763636629
176685175
1767178719
1767309791
176752390
1769865695
1770455159
1772749998
1772879931
1772880651
1773798574
1774846011
1775993550
1776224006
177866502
1780744911
1781270278
1781647282
1781727711
1782317535
1782515462
1784351069
1785006429
1785331891
1788740063
1789134718
178913759
1789418019
1790640607
1790975000
1791688763
1791691101
1792083118
1792725783
1793917407
1795097774
1795163310
1795293903
1795949443
1797654877
1798
1799816966
1801191483
1802569478
1802698811
1803225437
1804993710
1805755795
1806237755
1807351867
1807680447
1808336646
1809711583
1812857071
1813382618
1815150771
1816134830
1820852343
1821574198
1822230278
1829636445
1830420719
183069825
1831929006
1835204847
1835534086
1835599502
1835794911
183894255
1839923499
1842152287
1845429123
1846063020
1851167592
1853685879
1858995135
1862336991
1862337710
1862795503
1864518918
186581471
1866858795
1867448799
1868203850
1868367622
1870333342
1870769232
1876296159
1879377670
1882391007
1885603710
188809695
1888739716
1889076998
1896204061
1898083359
189909179
1899167923
1900151982
1903427774
1904148719
1906245871
1908211951
1909287748
1914768308
1916928899
1917386811
1919943135
1920926175
1922170999
1922205860
1922238214
1922826719
1923612821
1925073187
1933246943
1936659101
1937899819
1940391086
1941045487
1947599087
1949173630
1951038410
1952055775
1952317679
1955070851
1963302672
1967063279
1968504891
1968505311
1968570607
1969619423
1970602583
1972240863
1973158187
1974075631
1975977734
1976172663
1979646071
1980170483
1982248506
1984235150
1984627167
1990068094
199033131
1993277919
1993606198
1994256041
1994720131
1995833823
1997668591
20
200
2000
2002452779
2005532911
2009006559
2009530607
2012333721
2012350094
2014314735
2014502296
2019820718
2021196015
2021982687
202534842
2030240223
2032075231
2035351731
2036465723
2038235315
2038825199
2039350446
2040005087
2041905871
2043019743
2043200498
2044723319
2045509811
2053375570
2055340511
2055603674
2057635590
2057769719
2061829894
2065629663
2066574095
2067334618
2069037955
20709615
2071200223
2075001071
2075132143
2077529580
2077691404
2079654127
2080899251
2088173687
2089681075
2091319775
2091647215
2092106207
2094334431
2095737900
2098790639
2102396078
2108227883
2110456287
2113012551
2115503878
2117861495
2117992507
2119106619
2121664382
2127102251
2128150647
2132739846
2135556995
2138702783
2143486431
2143551967
214368555
2144076555
2144147305
2144802665
2146698175
2146762931
214827487
2148401451
2149319854
215285879
2154037967
215417311
2154300291
2154497198
2154955051
2155741783
2157838815
2158626566
2159411679
2160465960
2160590967
2163213187
2164785271
2167931359
2168062431
2169700531
2172911795
2172911915
2173437102
2175730143
2176319727
2177762239
2179474040
2182742495
2182938863
2183266363
2183922143
2185232863
2190868599
2194408323
2196242911
220135603
220202458
2202821354
220341404
2205615278
2209874039
2209874219
2214133999
22151347
22152966
2217017643
2220558086
222298171
2223702495
2227372931
2229078964
2229207519
2231757561
2233403084
2235696003
2240545067
2243429850
22439011
2246705751
2246968195
2249731473
2251292791
2252210655
2252800119
2254897631
2256011383
2256013062
2256535671
2257322043
225838254
2259082804
2260009439
2261286481
2261694287
2264399931
2272526815
2273856568
2274212456
2275935406
2277088634
2280391135
2281047934
2281308459
2284650975
2285764847
2288058847
2289239934
2289959691
2290549035
229115654
2291774221
2292647086
2299986159
2304312494
2305036987
2305418751
2305884279
2306045278
2307249417
2308310790
2309162158
2312241331
2312503775
2314076639
2316042419
2316043438
2316043738
2318987893
2319057015
2322006195
232597866
2326462523
23265759
2327316010
2331443439
2331967967
2332754219
2343436587
2352350862
2353201152
2355888427
2356216047
235628173
2358444511
2359817998
2360083630
2360380921
2360870062
2361459587
2362835063
2362966915
2363884419
2370175275
2371551711
2372436202
2372666842
2374304223
2377515487
2378367455
2378694775
2381006488
2381216253
2382954975
2385183199
2387411723
2391081079
2392129715
2395078805
239534679
2395734255
2397
2400126726
2400388570
2401108447
2402287795
2404319711
2407924910
2414281902
2416771551
2417271302
2418540723
2421096627
2422081406
2423457841
2423719086
242652495
2426734342
2429944287
2432500611
243269871
2434878676
2435645559
2436432351
2437
2437154686
2437349675
24379871
2439315755
2441742086
2442199939
2444559834
2445870734
2446066862
2446525375
2448467590
2449277407
2449801395
2458126206
2459900952
246481495
2466115364
2466843255
2468807555
2469134815
2469528750
2469660542
2469986543
2470277783
2473330138
2473377933
2479948255
2485256371
2486965369
2487943467
2488467575
2490434734
2490892467
2494736606
2497774527
2497840003
2501248774
250152710
250479071
250736662
2508522371
2508785414
2511732975
2512912503
251331039
2513633519
2515140847
2516349236
251727372
2517368951
2521694687
2522677727
2525699533
252576043
2535326655
2535706468
25362731
2537358031
2537555838
2538846868
2538930295
2541224415
2543125379
2545353902
2545617245
2546925687
2549614462
2550763460
2551841906
2553152686
2554331735
255459447
2555773167
2557412526
256
2565998462
2567706473
2569733894
257
2571239903
2571568602
2572681515
2574844083
2579431903
2579564414
2579759223
2582054542
2582839535
2583888771
2585659142
2586087079
2586378719
2590245103
2591228083
2592932319
2594505003
2596182613
2597925721
260506798
2605777135
2609517842
2612855743
2620588271
2621178035
2623144175
2623471795
2623670142
2626160390
2627933458
2631533143
2636382807
2638638085
264450463
2647785711
2648637919
2650276739
2651652335
2652570079
2655829783
2655846639
2656895095
2657060512
266
266010863
266089235
266273067
2664282982
2666520951
2666594483
2666726275
2669216942
2670920159
2673017011
2674065467
2677933830
2678063403
2678320741
2679963947
2681776972
2682257647
2684421055
2685597468
2687238623
2687981731
2688485605
268961542
2691237038
269230444
2697920571
2699560710
2700217954
2700936067
2701330182
2701983983
2705392095
2706178527
270991539
2713519278
2714634110
2718302267
271844227
2719416559
2720137515
2720203231
2720793055
2721448055
2721448415
2725446111
2727608559
2728002015
2728133087
272828645
2730761240
2730891293
273221382
2733834359
2733834779
2733834839
2733834959
273547443
2737706857
2742682079
2744386015
274530483
2745304838
2745569379
2745697155
27461382
2748515502
2753888315
2755002847
2755985887
2757034223
275775607
2758017503
2759000303
2759918047
2762540206
2762932523
2764308959
2766275039
2766405871
2767783806
277162457
2771911135
27749
2776891871
277741627
2778530091
2780436329
2783774590
2785871622
2786001195
2789282187
2789345030
2790000390
2793341107
2793930931
2794391302
2796814395
2798009337
2798784567
2799108575
2799763695
28
2801039303
2801271023
2801302048
280251828
2803040495
2804548063
2807498622
2808283255
2809135163
2811560895
2812608991
2821153706
2826661566
2833055923
2833056043
2835940227
2836070639
2837907805
2839478391
2840330539
2840461791
2843607519
2846097467
2851144159
2852394258
2852643026
2852983918
2855710613
2857173171
2858026158
2858680799
2858942643
2861629619
286261727
2863333855
2864775647
2870019846
2871263711
2871525435
2874015863
2874869390
28770543
2878341599
2886402347
2886664431
2886729907
2886730027
2890139518
2890990047
2892039103
2896298463
2897740075
2898067695
2899182047
2900034734
2900035214
2901161078
2901344435
2903377670
2904490103
2905539039
2905867438
2906980831
2908357806
2910126559
2911307526
2911961267
2915238367
2915565747
2917140829
2918318559
2918580823
2921071551
2923499020
2923764760
2925630835
2929918851
2934964703
2935481128
2937062155
2937586143
2938833245
2946368387
2947350707
2948661307
2955215327
2955386870
2956329139
2957815020
2958165166
2958270088
2962162383
2962554939
2965832159
2966160259
2969936029
2980774607
2981036211
2981560559
2981757407
298254815
2989162555
2989556311
2990932207
2991260127
2993357339
2994275263
299434283
2995060975
2997094150
2997944379
300
3000
3000632075
3001745647
3003318451
3003646851
3005416323
3006726623
3008052843
3008299487
3012952723
3014328799
3017429148
3017540063
3021734367
302252211
3022981169
3023569195
302580191
303235671
3033386157
3034126620
3041198679
3041263855
3041984991
3042312851
3042312911
3043100422
3044933691
3047227631
3048735619
3055616479
3057255119
3057913532
3058041431
3060006971
3061973231
3063415023
3065446699
3069773574
3070230707
3070231007
3077047231
3077111987
3079734207
308091040
3080980350
3081708318
3081731984
3081765103
3082224515
3085173335
3086614587
3088056499
3090157925
3092382175
3092579023
3094872543
3094939398
3098347689
3099741500
31
3100901555
3107324143
3107349678
311232262
3115516383
3115976334
3116303235
3120038127
3121014666
3121807539
3124298447
3127248046
3127968403
3129213707
3130918662
3132358955
3137470943
3144128659
3149667352
3151495407
3158245855
3160146219
3162636407
3165718877
3166963462
3167490747
31719603
3174039731
3174695151
3174695391
3178104582
3179217135
3182363103
3182428339
3183816832
3184637440
3185315340
3185443295
3186819551
3187016159
3187835371
3189047355
3189442430
3190948079
3191406651
3192259039
3192521183
3193503923
3194618335
3196393321
319750443
3199230509
3199230512
3201505129
3201958487
3202678843
3204382899
3205038559
3205930904
3206611183
3207996016
3208970479
3209012696
3209186816
3209299718
3210346975
3210938118
3212181983
3212902579
3213164723
3214067892
3215589615
3216901294
3217656012
3217688326
3218015167
3218273554
3219868674
3220182944
322109919
3221225951
3221291967
3221292926
3221574115
3221910545
3222208751
3222933460
3223145700
3223493244
3223651502
3223896623
3224171580
3224241806
322437359
3224551559
3224611072
3224635597
3224851888
3224857512
3224987864
3225015839
322503854
3225094722
3225330731
3225338616
3225524642
3225756678
3226011398
3226027954
3226075375
3226319387
3226362153
3226402045
3226421937
3226500434
3226516548
3227058355
3227100740
3227461458
3227523148
3227566672
3227728715
3227796590
3228029968
3228373820
3228400948
3228417010
3228510030
3228546332
3228597997
3228642596
3228971114
3228989262
3229024315
3229038588
3229061355
3229164318
3229165294
3229741682
3229943192
3229984766
3230062386
3230158230
3230183130
3230199109
3230228474
3230310389
3230343388
3230399017
3230427398
3230492348
3230571332
3230578048
3230649972
3230683369
3230733356
3230847050
3230879085
3230938983
3230967829
3230981146
3231037480
3231161323
3231186795
3231187123
3231223617
3231241839
3231371080
3231450531
3231621805
3231702284
3231815347
3231845754
3231920387
3231941677
3231973495
3232004678
3232123037
3232211141
3232268158
3232326339
3232350712
3232421754
3232433380
3232512715
3232527821
3232639916
3232681500
3232722682
3232867419
3232990199
3233082275
3233103137
3233146005
3233195674
3233260130
3233301074
3233303507
3233454466
3233481183
3233518889
3233687661
3233692074
3233815967
3233840803
3233847154
3233905931
3233928486
3234006190
3234104657
3234238873
3234267195
3234398387
3234416648
3234728776
3234728778
3234796221
3234815137
3234914342
3235013782
3235043499
3235114425
3235155316
3235231488
3235283622
3235488203
3235535112
3235610592
3235630465
3235716422
3235745079
3235840323
3236006988
3236169958
3236204536
3236233531
3236299231
3236314411
3236757683
3237165929
3237174315
3237218022
3237218026
3237240700
3237268668
3237287748
3237509419
3237690214
3237698601
3237742304
3237750726
3237764988
3237871795
3238787265
3238844426
3238854895
3238860932
3239397250
3239418242
3239648920
3239662302
3239690973
3239900599
3239965692
3240107662
3240138080
3240154854
3240239712
3240275744
3240286050
3240383312
3240445861
3240519226
3240522177
3240592624
3240781393
3240833852
3240922216
3241001607
3241135062
3241215150
3241263713
3241295170
3241326627
3241608962
3241774418
3241776514
3241782807
3241793838
3241793839
3241825843
3241829985
3241829986
3241829988
3241829990
3241829992
3241829994
3241831680
3241859257
3241869431
3241875572
3241880734
3242050123
3242052288
3242055978
3242070335
3242092088
3242092115
3242092125
3242092127
3242092132
3242092134
3242092135
3242092136
3242092138
3242092140
3242092141
3242131453
3242131456
3242131457
3242131458
3242144569
3242198054
3242213269
3242213407
3242215094
3242215095
3243114645
3244492550
3244687419
3246591500
3247243743
3249864883
3250847983
3250883551
3250913399
3250951791
3251043772
3251669042
3252721534
3253037829
3253207159
3253993951
3254381796
3254483884
3256362150
3256877955
3257610633
3258186932
3258340824
3258633826
3259934062
3261140869
3261837256
326238507
3263008330
3263300063
3263630283
3264025147
3264469280
3264576011
3265003819
3265467666
3265793937
3265861703
3266423161
3267101631
3267645735
3267806044
3267822047
3269493221
3270639795
3272173831
3272672131
3273402050
3273494844
3273818283
3274065036
3274578126
3274625921
3274968712
3275178079
3275766310
3275835325
3276128225
3276534353
3276586825
3276625465
3276961485
3277037115
3277063043
3277156521
3277875688
3278125214
3278489292
3278719384
3279612876
3280014073
3280101555
3280218843
3280273887
3280754906
3281107136
3281470370
3282347378
3283292207
3283419195
3283944083
3285254923
3286368855
3286720832
328794411
3287953398
3288245480
3288258087
3288268844
3288452778
3288682289
3288712426
3288837660
3288916576
3288989333
3289042881
3289143769
3289268811
3289275938
3289367944
3289605775
3289621784
3289634265
3289704565
3289746192
3289767677
3289769557
3289815009
3289863202
3289970545
3290032592
3290060421
3290073271
3290104047
3290235359
3290263443
3290312203
3290603805
3290870584
3291172600
3291275911
3291349051
3292856439
3292856799
3293513478
3293774303
3293807589
3293839539
3294298411
3295281331
329595395
3296921350
3300787135
3303549026
3307539301
3311198561
3311468663
3312058487
3312059087
3314090163
3315226946
3316188934
3316843455
331874783
3319494404
3322806991
3326018015
3327067910
3329753687
3330605295
3330736187
3332243935
3332571615
3333751083
333447647
3336111878
3336306867
3336569311
3336700383
3337291646
3342992079
3343057375
3344236843
3345285839
3346137567
3346321822
3347710431
3349415566
3349676511
3349742467
3351252492
3352889094
3354395403
3354658566
3355902431
3356496765
3364422111
3364880563
3368026291
337000030
3371172319
337446542
3375891151
337707187
3378970803
3379631977
3383624639
3383886603
3385065951
3387229358
3387490423
3387949115
3388343171
3388868058
3388998531
3389587935
3390376285
3393585631
3399221487
3401842807
3402499066
3406168123
3410428503
3410889652
341120754
3415040078
3416785015
3418423415
3418953577
3419932422
3420106749
3421306939
3425632555
3426812143
3427533279
3429329387
3429696387
3430389618
343540191
3436236370
3438281603
3438872146
3441426731
344260907
3443198900
3445818063
3446670211
3447455983
3447719686
345374779
3460432111
3461415031
3461546763
3463709571
3464406315
3467248095
3467472157
3471507935
3471770079
3472490975
3473801695
347408134
3474718959
3481011075
3487041286
349112190
3493925508
3495823110
3496084175
3497853107
3498314077
3499753951
3499763311
350291118
3505455583
3505651951
350680936
3507618271
3516177982
3517186347
3518103731
3518759391
352263192
3526754783
3530153004
3531145335
3536193286
3536652038
3542351931
3542941935
3548053743
3550640878
3552051379
3560822114
3564699887
3567060022
3569484255
357302511
3579068577
3579183163
3579184902
358220974
3586524934
3592882046
3599106287
3599349983
36
3604414943
3605856495
3607562589
3608347523
3608353816
3618963575
3620995971
3621193178
3626631407
363201471
3634823647
3641544758
3642004129
3642753263
3646095479
3646554351
3649569247
365101295
3652323078
3659945647
366019039
366084335
3664249071
3669203449
3669557367
3669754035
367263983
3673539222
3675457286
3675783647
3676570079
3679125563
3679981068
3680436463
3684040763
3686176850
368705938
368772750
369165247
3693660529
3696624095
369819767
3698275182
3702458417
3703375022
3708487130
3712483567
3717661151
3720808797
3725394039
3727884587
3729064415
3729653939
3732734131
3732865263
3738489625
3740008687
3740715718
3740795359
3752460407
3755081907
3755868999
3756922130
3758096863
3758163838
3764125875
3769600473
3770274608
3771645784
3771728711
3775988191
3777302028
377947310
3780772019
3781171049
3782213751
3783524531
3784447670
378537734
3787877981
3794667330
3795788771
3796107743
3796500959
3797156439
3799062377
3799065198
3799384543
379978687
380111197
3804037599
3804705268
3807227664
3807248503
3807314938
3808124789
3808537292
3815911691
3820552311
3820802894
3821668401
3827258893
3834373749
3834839219
3836608571
3836740063
3836805239
3837264351
3840540791
3841458235
3844997599
3845286314
3846898563
3849971772
3854369247
3857651561
3859677303
3861512491
386271581
386401155
3865117151
3865184006
3865510367
386601359
3866954382
3867869663
3872862214
3882090735
3883142668
3885761291
389022175
3892114312
3894281031
3894477699
3894647223
3894870315
3899318822
3901620703
3903062495
3904016814
3904176187
3904569583
3905159407
3905814647
3908716878
3908960495
3909288415
391100259
3911320031
3915189892
3915647325
3915907251
3920299902
3920429115
3920429175
3920429955
3922591863
3925082591
3926459327
3929145943
3930128863
3931266172
39323
3933274411
3933406023
393610115
3936223711
3936618246
3937141215
3939241484
3939960582
3941992797
3942252783
3943011577
3945238569
3945594939
394949231
3951401804
3953126150
3954508675
3956
3957784755
3957785055
3957982083
3959685359
3960407814
3960865247
3962110431
3962831027
3962896863
3963683775
39649579
3967812063
397017567
3975151795
397674246
3977774854
3980787951
3981641478
3981705695
3982295279
3983868383
3985441067
3989410704
3990276378
3992158510
3992520454
399376503
3995473769
3998811910
3999465711
400
4000
4000514647
4000581382
4006357305
4008640991
4008838019
4009443300
401080799
4012704643
4016112095
4017815671
4022337510
4028367327
4028381594
4032233951
4037346478
403767775
4038596693
4040898210
404292902
4044025462
4044031450
4046520799
4046523193
4048027887
4050911711
4051697903
4053706860
4053795055
405536827
405538566
4057072814
4058448351
4059496567
4063494383
4064208024
4065394987
4065526359
4066116063
4068149118
4068540895
4072341743
4074176811
4074439135
4077650399
4083483523
408354935
4083941435
4088725803
4092854511
4094034159
4100218603
4103460512
4104722281
410583189
4106223735
4107796719
4108059103
4113090604
4114088415
4116447951
411895558
4120381190
4121625415
4123721847
4124116142
4126148358
4126343287
4131522310
41358610
4136239583
4139123167
4139980312
4140106027
4143055087
4149712684
4150591967
4151837151
4154852287
415826399
4164550775
4165337147
4168027660
4169007343
4170318783
4170842231
4172546347
4173791411
4173948604
4174075240
4185587831
4190852500
419496415
4200923615
4205707863
4210487289
4210491631
421068859
4212196526
4214817067
4218063494
4219404527
4219601375
4222093661
4223467999
4227399739
4230611183
423100655
4232315779
4232518680
423559227
4235722871
4235722991
4237340250
4238672771
4239196399
4241490879
4241920689
4242931891
4244766899
4245278512
4246339823
4246668163
424870367
4254925039
4254925699
4258267615
4259513099
4263510135
4264886451
4265607347
4268234601
426837766
427032695
4270982019
427163707
4272226783
427294899
427622879
4282818844
4286
4287038339
4290773051
4294181103
429457887
429458367
430114566
43224
434635711
435290351
435880415
440795375
4457514
446957438
45
452396806
453903055
455868595
457311406
457533666
459152408
459490731
464781791
465766150
467775762
467796447
468599500
473367007
473628851
473694687
477298927
479
479766361
484401201
485359855
487872570
491061487
49218015
492240896
492241135
494864134
495911391
496717012
5
500
500106414
501023199
501088735
502661239
50677
507709190
510460023
514001245
516940328
519045299
519308762
523239723
525467827
527434027
527434207
527435526
532218335
532678406
533332807
533594591
535363883
537265926
538445274
539033659
539164911
541721055
542836606
544473567
547357151
55
550699247
550896095
553223312
553975927
554352614
554763199
557711839
559679358
55979
561709175
569508079
572588331
572654047
573475853
575668523
57606623
578553486
584253499
585236719
586285115
586285595
586285655
586285715
58982579
59
59083
598868207
59920131
600
603110481
604766687
606208239
609485039
610599151
611451119
614924527
615645903
615711199
616564486
618921063
620429551
622461407
62324855
62325035
624820703
630915551
633148450
635700398
638779871
640617996
640745951
641335775
641466487
644022571
645791923
648742542
648937951
65405047
661848543
665243854
665846958
666827801
672137695
67239995
675152351
675348959
67568095
677642479
680331014
681574879
682025502
684655790
685506739
685506859
686036242
68682207
687211395
688128899
688719622
690095039
690422059
696975839
700
700317875
701497463
704905695
706084983
706937071
708510175
70871059
708969047
713164670
713884846
714080435
714540566
715392774
715784251
715784671
715916462
717357235
718612998
720176602
721027551
722010591
726139359
731251167
731906527
735838327
737149107
737149227
741016031
741083485
741867999
745013727
745015166
748224991
748847518
749012742
750190831
751894827
751896326
752145954
752751781
753598523
753795251
754713055
756940919
758449806
758907359
762839939
76349919
76350339
765002207
766416185
768
769
773653678
777979654
781779123
785187295
785252831
789776134
796262879
798295814
799277535
800
802031965
802752262
803537135
804848215
807207391
810418415
812580923
813105271
813629859
818217199
818415366
819921135
819928088
819929816
823002886
823329007
824116099
829686659
832842742
833421791
833553522
834994415
838140383
839534226
839647711
839778396
840823936
842924271
843319046
843581190
844380222
847511791
850395195
850920622
851313119
852267
853738670
85590075
856097247
85852639
868746894
872284399
872416131
875169542
87623550
87688007
879232774
884342843
885391539
886243807
887291963
889653118
891290079
8912955
891748651
893714671
894501163
894632415
894763067
896740223
90112239
902365303
906952823
911690047
911999155
916785022
918554494
920000361
922026703
922288607
929562803
936248374
943063939
944899246
953352371
953664878
958596870
95948300
969408661
972148719
972488943
974258355
974901865
975438723
975569135
978321587
980484995
981664703
982126991
983305140
984744175
98697335
987890143
988680831
991887539
994182019
995754703
998179055
