1004125800
1013677351
1051507300
1098406094
1108123831
1152241258
1165598325
1190926988
1204877278
1220458191
1232625145
1235289514
126210074
1275190009
1298286592
1301929253
1302331730
1321535225
1340126914
1343973059
1389650212
1436586222
1449739750
1451752598
1464496029
1482490004
1490970368
1492233981
1493430582
1501432826
1507456733
1508447652
1511006961
1522916380
1528115586
1546451438
1551954794
1558604553
1580834332
1587041395
1602076768
1615862451
1648649473
1652787948
1666313346
1709368069
1720012455
1747783266
1757633323
1768867376
1774966715
1804885729
1824488740
1829743599
1835668194
1841628515
1875241099
1876704820
1881175735
1896339068
1902236229
1924237105
1979680404
199302881
1995497518
1998381437
2000557778
2016880550
2029808634
2031247757
2034609346
2044155776
2052956853
2079481694
2092834965
2104227514
2126272041
2136802283
2165417143
2176075049
2210329585
225667684
2260153116
2272383860
228147143
2282656837
2293160025
2313552897
2316494082
2330193686
2334677420
2348193229
2357907319
2390366653
239124013
241340249
2422195892
2448163341
2472461488
2487301505
2514112777
2516193892
2526056734
2528322782
2533966534
2537732000
2562361899
2562455740
2565949760
2581476201
258822775
2601047479
2603713503
2610831702
2631755628
2640315554
2654449218
2664706830
2668322448
2677651578
2678997535
2679327576
2725254368
2749787613
275633487
277799631
2797685495
2814685641
2818899680
2829508865
2832408568
2840451694
2842572816
2847095837
2847553246
2847910484
2878776489
2913733981
2917261854
2943691095
3005767617
3007830655
3060015345
3068758821
3073740874
3097904716
3107912927
3108302687
3125567346
3135568279
3141594201
3144786598
3145730685
3161661278
3161725732
3188582555
3239340372
3255345192
3278649249
3280863724
3284840580
32850711
3285256756
330089658
3313619303
3316364877
3335617545
3365343435
3389628426
3398417896
3423317276
3459074518
3459314393
3477231802
3484164622
3490445328
3531188964
3541039601
3563091063
3592528446
3596854783
3614420639
3616429538
3624354647
3624420621
3631151324
363444580
363663722
3659279446
3666049999
3669116257
3675826939
3699531409
370978535
3719319111
3725042258
3727205230
3787482554
3796392608
3804153730
380967734
3816138585
3816719214
3824076728
382870780
3843307620
3851891938
3856021152
3908955912
3929822449
3970451373
3976268894
4007088880
4026127070
4043615732
405991749
407207616
4084913225
4123855371
4140223124
415827812
4170909529
4202045514
4209260480
4212553566
4213224355
4214103614
4222769266
422930047
4230579560
423250163
4252556031
4277020204
447224673
448883341
465530062
476022820
492839374
509256838
547733045
596468109
596822243
645714973
649722272
664862884
666392710
692485474
698839159
701399692
722140584
724993235
732960722
740729803
754545152
775475688
795679940
80075525
807932726
817489199
853232010
856528559
857501626
861298832
86986036
900324835
902435884
92284593
924384662
936283491
945239504
959088978
977691556
978630964
