1027361581
1082367106
1138093899
1260214698
1369862772
1373733567
1376155816
1439438793
146700746
1509730793
1613019215
1663195155
1807898581
1839958862
2080287450
2142715503
2145703352
2146488296
215417119
2180497711
2199709280
222306623
2225672706
240566644
2516808361
2628245762
2647824843
2686714476
2704384790
2704957618
2726323525
2822386033
287512598
2879231505
2901082650
2944320654
3125244856
3327742162
3347750953
335225083
3357160837
3409837408
3431851914
3451742298
3464286997
3483317550
3489098252
359235969
3603530190
3651074868
3692997460
3719532184
3740364687
3799901417
381849879
3942718380
3982355510
4006346920
4024101006
4094918337
4141723707
4145423744
4186941616
4232811409
4240427793
4271848594
445053121
601960249
605832281
707784388
813795519
974938375
