104628363092931
107860653556069
107971382030130
108170957416094
110910461708803
131979655825354
134632255767227
134831024351070
144165622202971
147778574245031
151508070943428
172577124087781
181698488001281
18182289702738
186095902690375
190900599810185
191879097109850
195999153617904
198583059039036
210054881892999
215500919135276
215931795752459
222831778784984
234520716305333
238860956046310
24072122252884
248518743889428
256199147049634
260610944512619
274290097774951
275347129693372
275421524867070
28486853710333
30245646697796
60220108213051
81508944158916
8407921198549
91926021987862
96060184499687
96345662459179
9865677370950
