1008868611
1016183013
1034164535
1059208723
106109548
1071960041
1073342603
1073410867
1106762010
1121970522
1137683346
1138549586
1140297104
1142527167
1149192207
1172611261
1175411059
1198891970
121002977
1222411561
1231698177
1268733674
1274508161
1277587391
1291477239
1292766216
1298750328
1310890674
1315874842
1315953600
1322957229
1342257325
1342904111
1343109185
1372662723
1383536841
1384059117
1403595159
1426279052
1430606767
1447578933
1466528013
1471063122
1517441473
1532293025
1546080600
1555681710
1573461180
1575245004
1599382703
1602423196
1607724126
1618298957
1622711813
1637552359
1649884601
1660178034
1675526933
1685149048
168972419
1711696112
1714806620
1730408494
173941234
1747687853
1750732585
1772644272
1773122392
1774295833
1794885514
1819294566
18220548
1829083623
1850454063
1851030575
1871726074
1886130105
1901566354
1919837061
1929536920
1945337192
1948059113
19827510
1997306123
2002267078
2006136748
203322955
2036397089
2039750434
2040151446
2061297305
2081115713
2113219195
2114036444
2115525338
2118187647
2120309075
2133572996
2136114275
2138900818
2150625108
21759689
2179857811
2190395297
2201605098
2219164125
2221528906
2225111721
2231788872
2237734856
2262458004
2264189193
2270323480
2276622210
2282076029
229008199
2290423762
2308563669
2308795116
231141383
2313095622
2337114285
2354771490
2368232370
2371120656
2372941497
2382645517
2383335175
2385647719
2388289344
2396250522
2397884835
2425604434
2435243288
2453217694
2470580685
24782571
2478752058
2512695836
2531998513
2539086609
2548741629
2549874094
2557250463
2559178550
2563760797
2568737120
257469913
2587677714
2589912432
2619189819
264338363
2649148978
2652746103
2670566936
2714502945
271553076
2717473688
2730573579
273461519
2735561266
2739248197
2742025244
2773467774
2777745465
2816726057
2819084426
2829420549
2860456761
2866038534
288371541
2886052115
2932209522
2955842697
2964461379
2969137278
3012652735
3025251213
3086664453
3102738962
3118068794
3121139050
3130767636
3151505361
3166975819
3194799862
3205161863
3224031606
3226558039
3279233864
3281574957
3285492620
3286125213
3321037556
3323279540
3334170252
3341218654
3349605868
3356690313
3370337216
3375916329
3376547761
3381976866
3387920930
3410569715
3416922611
3420016940
3425224391
3441373024
3442544209
3452300113
3456848070
3470158544
3484605703
3522714569
3540614328
3547353830
3551089099
3569227106
3574533007
3580732249
3589855377
3591979996
3600222989
3609646752
361209476
3627202971
3629982128
3637925536
3641430582
3644747221
3647616283
3650424286
3653375152
3672938273
3675941463
3677004663
3709959788
3719354152
3723090707
3728122285
3729033446
3765639517
3783101485
3802017173
380334048
3807203569
3807372615
3832200710
3853050925
3853129351
3886339049
3887225232
3891438944
3898364510
3899660972
3901003944
3902698354
3926397573
3940178142
3952843979
3972018580
3986095527
4003246939
4029033816
4033783712
40356093
4039005898
407934344
4083128320
4093704913
409776198
4106911355
4118131663
4138856
4146471375
415788732
4162326465
4172521069
4189289272
4217952743
422362651
4237162172
4241747645
4243163142
4250049441
4282340642
4287654028
432744450
437451265
439616016
456655708
458699456
464716512
473928046
483175198
491008192
492187214
499903626
50214780
505795975
507523205
50783262
513524325
519804362
526561771
542170349
55182558
561998250
570720292
580587817
5809422
582746161
600205848
615114635
620303218
635196507
647784875
669124317
672542396
710544500
713256822
727865554
728099196
742643469
746738896
757302019
757688919
762078266
768271185
780853407
78733060
79749437
80254003
831074418
836271004
875599377
912877092
91753696
918568847
920278234
922681609
935522728
965795434
97764769
984593023
987484017
