105202610
1090094504
1168917758
1207630603
1209676673
1210029061
1321072960
1331222316
1352566524
1395463430
1473757023
1474903776
1536024244
1585302044
1664134448
1679075327
1685662265
169544137
1788791086
185479519
1906447848
1908779811
1958716354
1968547538
1976941478
2034504645
2076474638
2079200475
2102202248
210385097
2109126603
2160316217
2160934052
21816129
2232252527
2232520831
2251386959
2255447145
2275120890
2280222543
2312066389
2359306292
2375563923
239341372
2446466618
2464048075
2472191817
2569211815
2605706533
2634391637
2703039697
2743231502
2766286616
2774238872
2872365516
2970969973
2976429373
3079848586
3080190682
3080498900
3126856090
3287805602
3291200424
3296259669
3297987367
3333878422
3363150210
3414816146
343685883
3469261791
3469821443
3480526286
3536090353
3620802520
3646213288
3657792940
3658883132
3675239464
3712270626
3713831839
3721961495
383875916
3906419068
3957648949
3991195691
4011340794
4018766448
4021717939
4067783730
410820780
415139949
4192087593
4201039499
4232436503
4241229043
441643032
522828772
571443992
620678702
628459029
706390269
784092965
807610842
824727894
917781404
918983275
923360533
969488454
