0
10
1024
1026
1048576000
1048576032
1069641380
1073615995
1074790098
1081999339
1082654720
1083364088
1083743679
1084620141
1085743825
1090748426
1094501365
1094680523
1094680584
1098874888
1098874889
1098875142
1100988410
1100988426
1101191186
1101819019
1103085566
1103085699
1103101952
1105182720
1105199102
1105199103
1107296256
1131477758
1132396560
1133322510
1133453204
1133523281
1133703424
1133754421
1133852895
1134784176
1134803288
1134915133
1134931921
1135104825
1135115251
1135137171
1135189815
1135325274
1135341235
1135391561
1135411268
1135546380
1135564257
1135603252
1135674827
1135677231
1135709001
1135711358
1135749235
1135749912
1135814216
1135818613
1135936708
1135968205
1136024623
1136068407
1136101108
1136242090
1136374541
1136376637
1136379038
1136385676
1136400134
1136448765
1136500882
1136616982
1136633960
1136638678
1136740026
1136747036
1136803355
1136969767
1145985684
1146006926
1146045023
1146054987
1146083984
1146095886
1146134678
1146162633
1146165175
1146168690
1146198832
1146210721
1146212126
1146215033
1146236766
1146239206
1146292243
1146296221
1146303347
1146308352
1146316531
1146317757
1146367740
1146379551
1146387273
1146387454
1146389865
1146429050
1146445223
1146597127
1146702184
1146705412
1146726755
1146760839
1146769344
1146771424
1146817495
1146845911
1146853064
1146923133
1147006556
1148535079
1148805870
1149672069
1149696687
1149741139
1149781210
1149796610
1149817768
1150581940
1150582365
120
128
15
2
20
256
3
30
3238035448
4
910775196
990057088
990104315
998840816
