0
10
1024
1026
1048576000
1048576032
1069641380
1073615995
1074790098
1081999339
1082654720
1083364088
1083743679
1084620141
1085743825
1090748426
1094501365
1094680523
1094680584
1098874888
1098874889
1098875142
1100988410
1100988426
1101191186
1101819019
1103085566
1103085699
1103101952
1105182720
1105199102
1105199103
1107296256
1132608787
1133068188
1133961378
1134092072
1134162148
1134342291
1134393289
1134491763
1135423043
1135442155
1135554000
1135570788
1135743692
1135754118
1135776038
1135828682
1135964141
1135980102
1136030428
1136050135
1136185247
1136203124
1136242120
1136313694
1136316098
1136347868
1136350226
1136388102
1136388779
1136453083
1136457480
1136575575
1136607072
1136663490
1136707274
1136739975
1136880957
1137013408
1137015504
1137017905
1137024543
1137039001
1137087632
1137139749
1137255849
1137272827
1137277545
1137378893
1137385903
1137442223
1137608634
1147902552
1147923794
1147961891
1147971855
1148000852
1148012754
1148051546
1148079501
1148082043
1148085558
1148115700
1148127589
1148128994
1148131901
1148153634
1148156074
1148209111
1148213089
1148220215
1148225220
1148233399
1148234625
1148284608
1148296419
1148304141
1148304322
1148306733
1148345918
1148362091
1148513995
1148619052
1148622280
1148643623
1148677707
1148686212
1148688292
1148734363
1148762779
1148769932
1148840001
1148923424
1149845623
1149981018
1150630503
1150655121
1150699572
1150739644
1150755044
1150776201
1151540374
1151540799
120
128
15
2
20
256
3
30
3238035448
4
910775196
990057088
990104315
998840816
