0
10
1024
1026
1048576000
1048576032
1069641380
1073615995
1074790098
1081999339
1082654720
1083364088
1083743679
1084620141
1085743825
1090748426
1094501365
1094680523
1094680584
1098874888
1098874889
1098875142
1100988410
1100988426
1101191186
1101819019
1103085566
1103085699
1103101952
1105182720
1105199102
1105199103
1107296256
1127063680
1127982481
1129768861
1130030250
1130170403
1130530689
1130632682
1130829630
1132577136
1132596248
1132708093
1132724881
1132897785
1132908211
1132930131
1132982775
1133118234
1133134195
1133184521
1133204228
1133339340
1133357217
1133396212
1133467787
1133470191
1133501961
1133504318
1133542195
1133542872
1133607176
1133611573
1133729668
1133761165
1133817583
1133861367
1133894068
1134035050
1134167501
1134169597
1134171998
1134178636
1134193094
1134241725
1134293842
1134409942
1134426920
1134431638
1134532986
1134539996
1134596315
1134762727
1149392503
1149403123
1149422173
1149427153
1149441653
1149447603
1149466999
1149480977
1149482248
1149484006
1149499076
1149505022
1149505723
1149507177
1149518044
1149519264
1149545783
1149547771
1149551334
1149553837
1149557925
1149558539
1149583530
1149589436
1149593297
1149593389
1149594594
1149614185
1149622271
1149698225
1149750752
1149752365
1149763038
1149780080
1149784333
1149785372
1149808408
1149822616
1149826193
1149861226
1149902938
1150667201
1150802596
1151452082
1151476700
1151521151
1151561223
1151576623
1151597780
1152361952
1152362377
120
128
15
2
20
256
3
30
3238035448
4
910775196
990057088
990104315
998840816
