103360465259828
10809204878753
108228991558494
110689369403626
115055982515799
117210907502290
124554941940488
125168365699978
126258463999338
129046640231693
141414928512538
14232411764698
142744758812170
143852203215012
145784800117833
146612046164761
148806526412747
14993589248719
150828716151504
151761494927832
158199093409307
165601740950010
169906180931203
171770015972530
172230927147976
17865513893554
181568528637518
1823210312083
184567368785778
186689137901499
187978469514237
193484674600198
19378703137435
196599477999341
203000540209048
204794891629470
214377070854942
214565945518715
217301193736416
217335021533512
224360011677963
228218431651313
230980776890668
236766530251119
236829333798024
237817063623089
245485687374362
246109830828586
247467317469423
249737905162989
251963148984917
257657813235823
259961011561625
263267856912923
263490402554832
265553059281892
26962793438057
275401506830731
30125828747374
31737495518490
39382283402171
45598515207319
48315699534509
51039330292463
51246486161634
5258412604399
56349318945284
59633538258517
6493183264656
65774415930597
71552019252707
71649985491053
73706326947846
74176015109714
76528258525143
78714995051896
79835142233027
82425581608470
86766878375837
91543014834194
95525161490393
