10005813571025
100085717407964
100110621347724
100186500513734
100294512586258
100496937718609
100796264334505
100830625390125
100907365410858
100970592919183
101031443326839
101077800618794
101148287825577
101153212335733
101198190635420
101245450809078
101290340129572
101312489224846
10152520423260
101655871878698
101835274726887
101981321582362
102243912962406
102278322835895
102294833790879
10235726439132
102400570841686
102404582394462
102452029257218
102464066088320
102464113886025
102592628796953
102611639990309
102624111562390
102632963065928
102693241516124
102719082058932
102848295043289
10290849304628
102971810439952
102978032815938
103129867487766
103151170003699
103167227305182
103176728166605
103283974909387
103435693615215
103444240818976
103563387475184
103847941963588
103880723410588
103900910368032
104101346886930
104188970300524
104197745042899
104221348971078
104262628779981
10433024327252
104342928420309
104505982381248
104639041361551
104669249158975
104697621591570
104709425544809
104773437019266
104858874554378
104992578942362
104993662708463
105000550665067
10504179258204
105086034336271
105121883218598
10517486013002
105202498327696
105252849524373
105257832072953
105346205916925
105375629336086
105392381298261
105474147061154
105507722131491
105778151201446
105793864798538
105942659940047
10595354696348
106316700118694
106340130527579
106499677667382
106570378417424
106577966711289
106606424724463
106618898193923
106639353067590
106715709590023
106722133212987
10675925429215
106993020603359
107052697974226
107131895443638
10714932554856
10721666378942
107236230573013
107289143829160
107335796812852
107336014855366
107502480552872
107504479522139
107558964370340
107629267256641
10763172695963
107641433724228
107707765082720
107757033537074
107887838197932
107922862755400
107959575358391
108002069929984
108092808391299
108165573467576
108168228202535
108195461883675
108240835262567
108338332076863
10847260395807
108498662928139
108549734179570
108594507304023
10867926746197
108750862137979
108771324419360
108780245595309
108810378231771
108841360176573
10890694537000
108931881479517
108979410892719
109013729069458
109098612807208
109119595612174
10922353908422
109235961423734
109253102712077
109362699022492
109545480800174
109575373738563
109620401847976
109649452132579
109786356446252
109802113972222
109829202544190
109880506716542
109925500859142
10998952055932
110042232713114
110142471094028
110149617726984
110153076482746
110174536528598
11020083893451
110210490103400
110426414391736
110507477705020
110515293320474
110536109464698
110588663828634
11059439779887
110677051515223
110684272538531
110698481856549
110721640670957
110728925215383
110981180385988
110994234916178
111085176278913
11115262374412
111367783796311
111382231034507
111416189552988
111472824626930
111508440620858
111557203834237
111576150614783
111584850459173
111788457536494
111791975353876
111816689187364
111831617759350
111858397824100
111984707963803
112014274510115
112217259509453
112225448573247
112294049932032
112510503330014
112547371804640
112724065197225
11272451478323
112735921791955
112738265091370
112854365870059
113064883002599
113067052512590
113080329790025
11317692943074
113184824154634
113225822072782
113287871274314
113341211032841
113369208092602
113374409729712
113409573523520
113450256820815
113486258209988
113585139143157
113596381220383
113663482591619
11366443460713
113778844721216
113810936598282
113844651085542
113880658067229
114046413535776
11409741523721
114111949487044
114168408026780
114209758499943
114228908975502
114231377852928
11423572253659
11426985202104
114320287177505
114326273546939
114327573583949
114361504051557
114384369386870
114414569599023
114534297586107
114536674148467
114661219196093
115210906981619
115340954305660
115458298770275
115460502159265
115587042603082
115779320419979
115928330190058
116069911782641
116205144372703
116236524786926
116296614279573
116329412738742
116371049788786
116523271054692
116662932438384
116727742643345
116740845186484
116768123798168
11692033962598
116950413899560
116996102668007
117075824170171
117132433508718
117277774964220
117338077924229
11736283985743
117407388734700
117461657016179
117545408109170
117575081226834
117621749978679
117704903697917
117717066073380
117724351925908
117873531558644
117912022794276
117952362966428
118065484557390
118080378185055
118084190651806
118331311137270
118522908932571
11857720320950
118621652188662
118647513213475
118752997841748
118872622570383
118914064248649
118915789048989
118954963958306
119090959815614
119142924830804
119184857851297
119280327593484
119354290600477
119418658963463
119531681991993
119587898500792
119628424705182
119652985277571
119726721877291
119816178774658
119844235333874
120022344820330
120040856091128
120055504680769
120099234811362
120109235606637
120115071589419
120121097524711
120212418074141
120272377669703
120279833140913
12033747093829
120462958129206
120487679457249
120506029928495
120545394440519
120590270980968
120608251970388
120619412867978
120778957930474
120862955413940
12111524577402
121221305436758
121234590955881
121465018592590
121488335787100
121521084780390
121584518010195
121600852369211
121613545215028
121676774051743
121679806082233
121697023038213
121730328729914
121911799660413
121951962165228
121959661278692
122174492007907
122191956798254
12237599866621
122451680060612
122461323195678
122505043940976
122536477636272
122578439077099
122679435519013
122682438236832
122756603922594
122768304546916
122809661770020
122896332350234
122940080465830
122951983226162
122959882939991
122984973146014
12304370236168
123097220571505
123117900509553
123190425014084
123238836467830
123312499350554
12333601407460
123424063347369
123445572980614
123496741383247
123513072092635
123547892836156
123566476414994
123578634484969
123668353577493
123753837718918
123789501782983
123792067055015
123951086955658
124142242135196
124185944767834
124243790932366
124262831764523
124293274496628
124328688013793
124351290228529
124406173926527
124484272567985
124505591317077
124512839283422
124544666753644
124591632209699
124660970422936
12483870791989
125103211968512
1251846467259
125302055366023
125308908546101
125374312931345
125375463771261
125483703534597
125579402117360
12574632353719
125775250379421
125799858126161
125810480869261
125823812807668
125882400030449
126001812632801
126050595741556
126068521019546
126154029840669
126157504703641
126161283992611
126251260225754
126300858867092
126460138696166
126502023294836
126524774489739
126542764054051
126590057766587
126675162082854
126787576528452
126806798574815
126908956322098
126932846238323
126952611287332
126983780196842
126995619659125
127030809963991
127034444733058
127068773017342
127081258336314
127107089088335
12717773813171
127210395382041
127252523900332
127334192021288
127348231229615
127431336389483
127515058722527
127545796069031
127640742446998
127722156533243
127736980838832
127790175004009
127915786248814
127979110630606
128049075485869
128127595421857
128223305248318
128259394941118
128333681899174
128337858664660
128406124861122
12843784710922
128476734808366
128515334237344
12859511737676
128613628872017
128643473787290
128702715771123
12873323175546
128764313208128
12882956554539
128940118773568
128970744631668
128986098593340
129033070978726
129059207598857
12909006225875
129100236235280
129113542165759
129126351603103
12933173295014
129364403376861
129370821043382
12945629737822
129484856724718
12950802216288
129575824043618
129612064189044
129667424729993
129668915324530
129753055946752
129835591297309
129935691287256
130002956361348
130025733877528
130072401090985
130082067177870
130094943664820
130148562934203
13016348118482
130181000945133
130221046897558
130237432238172
13031982835793
130406574522846
130427675877568
130481771604902
130553577704651
130604485800481
130701909809428
130803114852448
13082167470086
130836401383724
130987170030242
13115435293116
131288083317124
131294942204496
131299224951055
131356218696598
131566513761766
131746682561801
131879230984047
131901416470826
131923671811268
131955310142988
131999963199764
132033779506651
132093808955359
132113046415196
132218031095467
132323010341698
132381199091507
132395941763835
132510981910459
132571274734079
132604123731284
132605932728514
132693074837664
132739773693046
132840631846547
132924276644811
133032005538399
13303471547216
133086022780433
133244290594758
133251768946461
133385631505068
133421574144770
133482364903730
133700992955103
133743172509951
133747916452591
133785714920877
133951236813814
133978031299992
13403124682874
134073999600668
134249072735561
134314237887742
134319455706098
134337046917531
134399931809083
13447443563402
134586504024109
134757186063770
134771371199440
134895738232408
134901793639940
134907899471937
134927905040306
135088363540690
135101193709866
135314174643019
135347830035599
135445231969660
135566532402809
13562668464175
135696220129581
135754776732388
13576157882291
135776482724710
135794197559045
135796224874679
135824376033584
135832301025371
135948553180748
136096548816142
136108446050373
136221709704341
136304420719721
136334370299396
136469286703890
13649913837270
13650822129020
136515303978457
136521789155747
136568701439221
136601896906247
136622054401524
136626813707949
136685880373335
136757223746299
136866644091867
136892268389692
136989187286299
136996847879444
137037128486182
137162493217063
137226969391021
137236937869651
137327885430730
137380859322170
137501642432951
137561615086654
137598248741125
137613330367291
137639105415529
137686460394311
137954723521365
138018075971481
138200163395795
138266469063438
138303789122786
138382932287802
138438758750590
138580694995520
13859132022176
138719095564276
138721679053722
138824301512949
138899806397321
138963274613724
138981827490652
139054825340221
13910238249721
139174795310560
139175060681581
139463466044581
139492278845943
139493796239359
139669662756938
139673766264654
139783695575772
139819223266426
139843610202955
139854278655138
140053812273197
140299006822141
140299244297910
140410000190678
140547375950859
140585760494109
140589323803217
140616448339435
140744226437777
140794924741084
140931634224816
14093500582678
141015321898311
141015911486204
141027359501662
141133797070203
141138299352383
141169186223425
141307465932936
141431594650832
141437189674237
141451633873415
141584611008924
141616971999120
1416283104128
141648149175323
141711063034312
141727563521126
141740532429678
141806266605272
141850714911033
141999658895738
142013528837655
142133168770816
142155725765779
142188558688880
142271478693187
142280962034003
142377505050647
142440513708700
142570280833867
142572742729639
142601717749465
142615868416297
142641755208055
142664285733901
142697174314742
142734468946707
142753994107387
14278096566572
142853511705064
142856550993160
14300330561792
1430350641604
143059922396486
143102856075085
143112769523966
143196834955513
143307861436073
143392203246817
143400804221482
143428176866996
143475570495611
143619820609255
143663303087194
143713480678201
143717756549903
143743477177934
143756871530178
143823708411660
143828250569636
143841842976175
143844892706071
143860064451772
14389041439220
143964041554516
144051848498547
144153817966649
144262604086369
1443010080679
144360871216036
144379031702775
14455816647151
144606000214440
14466999912264
14483203266880
144928640710884
145140169038009
145273699230217
145417465047522
145450774238825
145515800975275
145577484452335
145581981583084
1456589687840
145668965363517
145676234831727
145738718707960
145861813009130
145973034427339
145974441357188
146140209367657
146173675820457
14622359139332
146326729449442
146353612440267
146367998967727
146368608130419
146369329438277
146552234018287
146561301840589
146562535625926
14664090995150
146740443864673
146741334989623
146794403618010
147049726897564
147090401867527
147125483805272
147173492534777
147272682274318
147291246605698
147291335916722
147406027006049
147493195018748
147511043011543
147550199171975
147622903255108
147720142196210
147745597563426
147808188435064
147844351578480
147861097456450
147898603805176
147925866007280
147949596598652
147975058247989
148016117966910
148031184521983
14807340565501
14808358730621
148108385709233
148162862747028
148254399617919
148293845063719
148326951294268
1483365064795
148371625625340
148446145315389
148470017979616
148488768726819
148618627374995
148629072964557
148672000075326
148747404459428
148771779100843
148803625130836
148910146840175
148919630713365
148930268091688
148952792542323
149043670546286
149066104406668
1491865888891
149234069904362
149254369926328
149267322133711
149387755422851
14943342505949
149435131309924
149746814227848
149802007471270
149970811899354
150047668754287
150063380029317
150070559155146
150165068894944
150192384999830
150222423746451
150231500365411
15028217853681
150313693248768
150330496549539
150432157410123
150483538559552
150533992326686
150621768427929
150676036524817
150765017420387
150783403416912
151026563334275
151051543459673
151089899739311
151090663275409
151146933947821
151195679072719
151228375178253
151333290788828
151384957249392
151423865184123
151451199791624
151501218083192
151513205381871
151614502503930
151618851430457
151636240226499
15183875423005
15187309050617
151893107397810
151958950281978
152070440984640
152093701498189
152112691906245
152135638623368
152311327115593
152357588072100
152414894613274
152506365855494
152619014367448
152636047386168
152719502361844
152758119573275
15285893301879
152929201998496
153089472514301
153101244321576
153155014144670
153165701802805
153169640158935
15318643222563
153190491002823
153250439798384
153312410029075
153314118861993
153320436265849
153423979644221
15342878262356
15345184561368
15350574214826
153603730465589
153779017541617
153863972857957
153886441439233
153969889972720
154106342890973
154160663249592
15429733462372
154318700082958
154494294548277
154502069486887
154538947465765
154543342606446
154575119082880
154649144167374
154779102211730
154844719635043
154871388291210
154918840812903
155006787688891
155102303685908
155137994432858
155212165457723
155371562324677
155435045637849
155441925399732
15544959546513
155540986135567
155595483025642
155658454682571
155659560233604
155750870742996
155768752378278
15578642925418
155947042472116
155989120957678
156071101810970
156227221354077
156296059278048
156301373067443
156320547942921
156330889494856
156416758111449
156473697687539
156540921902984
156557552762896
15661250440793
156729654458635
156734819187698
15677015665473
156891560156599
15693546657651
156968250012312
157055740388096
157063436380162
157086230875425
157100428885564
157177605785994
15719062034459
157281157101181
157283633008577
157376506181217
157425061165127
157542329302843
157556129398353
157590590116331
157620161811995
157677694320698
15772486085644
157764904390968
157880292078111
158136193577508
158203009677827
15830212485483
158404560052450
158414629387342
158430797849985
158468566108625
158570344109831
158575386226513
158641788795921
15873575635950
15878064074898
158791989327087
158834750399016
159024720370629
159040439476069
159043401605815
159072817853547
159089859371259
159116113810362
159116481806239
15913633401604
159138200969257
159276777303575
159282197161324
159364445862162
159382282947839
159388297452477
159455076323914
15947726582864
159539074908675
159546748713396
159563281284262
159599508533503
159602229409362
159610876606297
159657383822013
159694878793041
159788607556815
159805415721594
159938034730721
159953011228169
160116865122616
160217060272545
160289896511913
160350861688163
160390061804977
160513384159932
160514114974655
16051739422805
160560290093256
160609936756675
160637742955497
160653862352157
160703488636896
160711154503349
160854004314403
160860756326766
160869189105107
160903676099980
161041143837082
161085240589232
161098480476292
161293308737149
161375257517518
161384100210009
161513008721596
161529362100096
161715261905194
161730088510835
161745652654463
161763442210194
161801130674718
1618375223427
161959727011629
161967963422047
162034993175827
162057089721384
162381486673748
162422657132529
162483878774511
16264645651224
16264903375548
162680940598354
162687508915349
162699536744915
162730200605342
162730741084134
16282594719201
162854989791224
162860363309285
162985018607367
163035809094542
16316033716386
163352424182914
16342552045605
163445605759157
163467749823536
163506917582285
163543118001338
163559469943666
163605363288222
163640430909625
163706057820216
1637562381006
163757084029664
163926535194834
164005346736663
164050960697096
164144246883376
164231559445669
164319769366882
164382391062445
164417284992973
16459127786669
164661658057654
164679088570450
164682606815816
164778269605691
164797935498521
164824800218886
16483303273601
164833953096240
164877609534785
16496440253311
164997480806104
165111737178492
165146918533150
165212720730651
165250988300370
165374666415072
16540386728080
165420600933334
165476091692294
165551567993976
165554289848781
165590849834663
165906794907951
165972666178415
16604339907675
166118417824501
166168066818547
166336152286278
166338333844743
16638766155354
166492238214957
166706798734851
166738999811341
166822211916852
166827939819362
166842163796355
166853310959670
166856494009845
166862321650922
16686268769493
166867519564339
166988382354559
167040248712027
167181171850600
16720257623475
167203088003504
167238885329108
167283451779881
167297296106322
167323817279519
16732727711678
167332069391795
167399516308900
167451045105707
167483524788585
167699759513957
16777487667937
167803716511507
167856631917744
167872027090367
167922845374702
167938560178341
16795585699806
167978770184123
168015752805380
168016704559432
168072806822533
168117269513154
168171864350839
168202436783356
168304764209681
168327568963586
16835361402416
16836002834125
168400764401011
1684376649936
16846839003027
168600284674277
168632036610388
168661308038331
168665468226572
168706173467500
168839541074868
168962300796262
169013918484317
169107545288984
169136086315959
169151588383979
169159900526999
169208553099395
169247100701784
169441340617120
169446764569895
169495332316636
169528119798539
169558439696943
169566066386843
169643811457513
169646900578889
169648601971576
169734180881629
169846138093436
169949020998784
169978099186404
170026485042187
170076575786784
170179320890821
170229370510651
170232467611386
170301591429655
170344613595199
170375612011835
170393364436635
170438047344519
17059318920871
170617880078867
170631988164155
170657802990509
170685270631575
170817150486527
170832841629301
170856188824800
170929266993882
17099252999033
171100437418475
171178208852192
17123229194840
171271112808754
171362781340850
171374015051141
171402429433471
171407129498406
171481439974755
171562648114487
17159700342888
171690061508049
171692173873865
171719633714296
171765904124284
171785286231210
171798436495057
171959471879452
171961472882236
172066000500680
172086244063015
17224444376026
172269395062423
172349660762677
172452502240767
172459865941372
172525165586155
172622658489166
172771220846139
172837728713516
172971233463711
173100533576356
173164125521389
173223789613386
173228896586210
173233007816646
173293579268955
173356353665331
173357444454728
173361661922792
173361795223423
173408398281506
173508085905679
173648268032466
173671464323472
173755742297797
173766213049626
173816631859206
173817375027107
173909375848203
174164552909845
174207051246297
174229043060857
174263551727030
174472400965252
174513171609665
174575256553935
17459457923362
174664955420962
174845706591848
17488284646934
174893606592952
174931950462919
175238248492508
175262098161569
175340057290090
175429905030418
1754342221442
175454130408141
175504688034110
175568684415691
1756150330030
175623522932198
175639935923714
175683200371314
175763401124675
175880588293430
175898521485365
1759263818075
175975314776760
175977262927525
176046155645843
176148339550819
176227630553297
176301620670181
176303117897434
176361806306837
176418530326144
176418797017644
176437817744607
176474501149167
17674582763336
176755363012068
176778653283554
176795227803352
176799310246094
176820207747957
176866206580714
176985264832498
177027238786934
177036793578289
17711480214216
177218354014136
177228319182788
177286200884629
177287314410171
177317394348583
177337685870771
177396994765785
177410870465188
177428853456069
177449084275946
177616818406803
177706111589340
177726758644223
177782480363965
177831548007058
177886595507313
177988300585499
17802008346232
178057871582056
178273379904626
1784572531519
178460786432452
178712048160410
178769663257908
178776741146725
178906368763206
178917446851250
17891847569513
178937618137865
178961766765422
179074602740931
179087298538801
179157420616465
179169727278089
179299692550539
179389422477031
179450822567660
179459755879288
17950405647926
179519583532818
179629424023798
179657460794980
179761931148099
179859506056499
179955055882491
179957916507358
180120078597419
180161283984789
180182269043766
180206780109957
18031828848301
180385238123248
180392441904955
180462867712458
180472680189219
180532804858871
180537592780992
180578731611406
180619447744608
180687154252485
180706718486420
18071503416135
180751105868415
180820510009683
180929632215481
180936431762715
180946572391016
180963056823072
180970853602155
181163935615586
181190109595968
181227965659816
181364337282814
181365448891428
18142295374368
181575067109785
181671998635675
181691179249246
181699123850157
181799931896202
181967406548513
181975780138410
182011384543499
182019617579678
182068123171557
182077110255773
182152732127337
182350640153405
182370342493906
182381436770384
182392968921595
182492042458633
182525798680867
182750330043846
182777469322351
182811042252543
18281239482514
182840194219123
182857286777054
182925624852385
183240283194228
183259396300818
183316821565592
183368489021742
183490905876333
183492448349009
183563382623578
183676688971759
183680908753568
183741701801370
183765005931691
183767488161676
183895866029584
183936465963789
183969632790666
184006335014493
18404720573625
184058487310754
184146169319010
184224651892342
184263031322747
184343225779402
184396632415877
184524421064160
184770209860900
184886377633772
184913432700053
18494461415040
185020171378601
18507863924745
185110092633210
185154667094657
185471039345540
185541703397564
185577210880315
185604118385707
185651555993846
18568645824892
185734507072047
185752595792260
185806932287002
18605377063636
186070698182707
186101774711134
186213907274567
186354704859992
186435080236589
186607473482661
186622687123446
186624252227379
186663540947882
186708571967310
186735825940228
186748156939624
18683233642258
18701789795301
187027040018657
187080788169036
187083317860764
187093249841322
187164379732889
187193159833530
187195445173033
187267478306263
18740657831829
187541679261184
187644341245392
18765103303233
187746816319753
187785820998825
187858732479120
18788835974992
187932604950948
187953538537963
188121735089829
188146998276365
188183283185263
188231889967916
188403786774227
188453315019176
188459735164921
188467207683213
188720279781541
188770140220348
188877268801274
188910049522372
188958835087622
18896723163519
189009430691115
189020444581732
189041484067239
189115910340672
189117212283673
189140087351663
189161138839124
189169532555391
18932393958059
189432518903489
189436465094368
189453228251626
189471932126147
1895538982429
189579082067946
189668144328683
189733491983338
189867791122630
189990920703323
190083750712697
190180276689897
190322397100702
190322509869831
190363922969136
190366041645949
190398841608799
190410712128457
190438309426044
190512826339427
190513093430920
190736139717887
190765883167903
19078060683076
190786266063533
190794221258931
190863012414009
190868324485264
19097978352251
191030628943512
191057788346031
191110484634918
191126053310083
191177079912130
191179941176340
191205355475812
191207753952011
191234823815470
191436910073051
191505265658942
191515065356955
19153394688375
191555145726611
191609596090086
191644002142128
19171274105505
191770265443963
191865917548687
191897058282035
192080049604121
192130308319401
192502958735244
19251316953945
192542304706223
192589186565952
192694490458199
192705134454311
192860762200616
193061663811813
193192819983642
193196865902220
193236745383099
193303820408120
193308818110348
193310892913903
193479663620525
193608755356726
193661073268623
19369507769653
193756453137751
193773902056245
193802097212961
193845815928686
193848513762481
19385343140564
193889498238692
193897401292279
1940381356803
194059764209686
194092952204395
194131908102738
194133034497395
194184409986188
194323531272954
194418241501926
194443758114893
194528804215239
194548105879819
194553897022602
194556867314155
194577243845994
19458709340790
194707961518410
194741022312076
194743676068197
194847490159551
194879441771231
194882258153844
194882922262741
194883958847697
194972445674794
195011947576981
19506629314522
195110861489277
195207576000090
195236264551324
19530457140472
195333154761110
195340438254957
195431434939757
195447088789991
195489130608845
19553335411158
195563495692523
195636141254549
195679854715299
195702804115679
195706886667844
195743810992925
195746047959955
19585715333417
195877529806628
195938093098866
195961413477602
195963261207306
196095867309796
196166092516964
196263748211355
196391324432002
196429560064148
196507637461132
196510959299245
196538388946271
196545544067168
19657738047593
19662298065653
196668429128320
196678495864517
196723133091112
196826400315417
196838357439291
196846821306742
196871435653269
196897770654916
19692318501357
196950648446952
196986512012162
197081833433911
197180559033118
197214068892413
197259308968344
197309754121349
197333814398385
197354356284480
197357951821805
197863504468616
197867780702543
197884080227731
197931047173585
197941316460968
198025107625415
198112725801179
198218071589532
198246800996958
19831119088427
198379182829025
198429312224810
198485982799752
198493855910212
198511785943171
198573722225371
198694566187252
198726778324306
198762535387162
198868239595740
199258128915619
199292146530968
199346956394465
199391432206659
199527668925393
199569781615381
199578198110474
199627523522935
199761398317810
199768149980316
199803830165059
199805518030034
199810294340437
199847801653389
199904341003562
199983992019822
200082902829537
200163240824480
200242669680990
200248668926220
200269200999681
200369141135012
200582113842086
200629259693871
200638207968044
200663990551730
200751766314855
200786356141994
200829322256260
200900694834531
200901393407131
200916513294602
200918531123208
200918599489403
200936563618358
200977409824989
201069681954908
201100669349233
201193952046281
201197289038915
20124725972042
201317704956862
201349880108680
201391961049575
201399285857967
201461291431390
201531879931220
201564430539639
201678870219168
201749320056111
201757603872231
20176718584577
201777009071768
201786135424681
201837645023252
202070095654079
202084265178104
202138094643952
202154808281530
202182284015083
202200032066225
202222390277306
202286265452284
202289221995496
202410424031823
202429113957642
202448209760662
202471070767995
202595224029913
202595918393523
202653900206337
202689785863551
202734334995321
202824799685521
202919321857895
203032393600322
203040819847145
203216344248369
203254299143247
203317116577891
20340338369410
203462743912064
203507843321197
203559141815188
203580940233823
203604752638691
203646097005800
203810772811649
20387960960653
203920520857763
204040694352638
204188858049924
204422071541497
204445183893020
204461870535641
204492091510728
204495740598501
204496366004643
204542057584806
204556260927190
204646213390579
204652180318346
204816376905292
204836687801708
204998973562826
205007493176325
205034997457596
205055977678598
205079649397455
205096802535942
205115066961419
205121100941078
205161363419955
205204912105775
205237256555083
205317086016676
205346926566568
205483132163425
205496483068683
20572212921461
205735811578968
205758335793624
205764212965703
205832928071030
20584134613326
20598771193034
205994029965928
206011899792753
206051093609806
206108764115810
206137563765071
206152311128582
206174672656064
206305726155579
206390530469490
206472032012240
206530309535803
206577572233203
20659647096035
206600176254590
206642964096563
206866547291560
206940710171104
207071004757712
207113239762428
207123691861943
207136711677713
207149274124036
207314208477901
207537644096533
207553346588890
207690088538407
207744143406474
207844935685305
207866216067858
207875927475267
207917496295620
207929938071360
207933657073326
208022312701418
208069198250526
208101288123574
208101996749845
208181145732495
208363203858435
208378505034373
208383385652238
208595236452333
208712653590796
208900412596015
208902730719459
208917130944205
209064249972473
209074957696663
209273165669676
209298241787448
209469059561251
209478092736974
209498928815367
209525822448573
209542277995907
209598976692742
209637778720007
209641272529645
20967009952072
209674088655458
20970011734712
209710434034236
209742494566823
209907880548676
209927134907487
210053183442532
210218467339575
210270525926269
210302303061830
210404121707467
210424301820354
210587312761030
210611025211934
210666228233273
210685124463883
210723153637825
210777624941511
21079676858602
210822969740359
210887172028374
210941508076652
210970399974636
211113445001227
211169456520370
211238973579540
211391507112541
211398180160531
211443640666179
211475553768947
211551750046963
211635946553806
211705721451375
211728235046296
211896356044745
211929958296930
212044503383568
212148107953202
212161896998090
212184003474876
212220744557497
212231926088707
21224321549495
212276262985025
212300993183641
212337978548879
21234401841983
212361510287373
212370332550105
212377244940393
212504917529871
212535604845912
212673884588701
212688796614290
212719122351544
212770509291519
21279940842160
213072502018942
213116644704717
21315507295427
2131880685755
213235664859904
213253582287590
213266162964583
213272328493776
213294594883292
213311631097216
213454995936292
213574790658146
213582503923643
213717541666230
213751107005283
213842137975670
213845315420394
213948830134463
214018837089308
21408410706099
214120382372906
214263783629627
214319141472651
214339040188190
214351157744947
214397550144849
214412193355495
214441849663385
214454332114162
214473386262019
214824681287729
21483318472687
214863941265239
214870435318313
214875135155162
214897815883831
21493663428028
215053098916550
215055174990523
215135966020455
215270495390649
215348478033585
215366307393215
215391551365341
215468714917299
215499703838752
215515739139087
21551867692857
215595789296349
215626192143705
215637766207433
215650635704175
215760741537250
215773140181962
215835296430195
21594858170200
216108380268231
216160683523712
216165480994829
216223025838582
216229605222052
216318433395767
216403359749662
216448878275034
216485195639952
216504739185207
216599652156641
21663444494606
216636937046097
216882532759625
216993920868415
217000116621197
217014426215684
217029401691861
217040665211329
217195473967705
217275689821843
217339082732053
217357454344545
217451675658317
21745598555861
21747398985564
217491279300112
217541562904837
217620374050047
217666899691226
21769411054183
217706687815849
21772630999692
217734086200624
217770757922508
2178027683540
217863841179049
217971685499005
217996700663239
218011361471666
218111493684365
218255900419975
21828561743171
218354288077326
218390673944224
218408843936264
218417361621305
218452804974412
218485318946565
218495060496089
218505762362242
218647569381459
2186895196997
218710498254239
218778542004365
218911356957313
218936844623375
219032057166680
219108580771861
219278430059147
219288471657594
219289812569347
219488636694993
219541810294738
219604473190744
219708058181440
219713830725570
219717568081628
219737585575551
219754479559304
219833604409405
219840854297021
219864789276207
219945473609662
22000134407770
220003858941262
220200655204264
220220187437980
220243935675494
220251944233047
220295553964572
220308662426592
220355808863526
220424392982749
220595172052486
220877043161439
220907133163137
220922064269847
220973826517365
221084314549618
221111532395739
221212821435331
221354037004329
221414869613886
221459087442250
221478141465020
221497406428950
221536811167464
221580132723017
221609147739734
221626825581619
221717130649433
221753533952515
221826349578977
222045716099821
222066469159033
222102329668641
222121423905619
222185807107492
222187410990134
222231524457583
222300123499622
222314386969049
222319444876856
222442498957485
222461837093296
222481645731658
222508469835856
222609850037984
222669893338338
222696763213053
222704775368454
222798861786238
222827445581932
2229449078139
222967867215336
222996537527481
223004652202501
223151620942497
223159872162363
223196908595167
223225577883764
223340649239256
223353007367877
223356064584043
223419039759609
223445659264690
223513299164611
223667406416659
223684693032283
223840941774519
223842193038772
22388706388785
223915148593190
223980763655262
224033372976042
224042737623660
224207266229806
22421079340452
224265050988203
224285470854536
224348089714237
224393561415809
224421829394410
224437162238235
224472011587775
22448090196869
224509281436643
224544324322188
224554327419723
224634181406671
224716943173617
22472768151637
224795120791096
224809463121408
224940758704723
224948288170647
224995600345688
225058756039561
225077106683525
225150312304661
225227359648271
225277493396502
225284271747513
225296199899166
225298619168368
225322796551514
225352244553145
225359851036467
2253783488154
225446335659164
225549806889612
225578674394974
22560361178084
225683573984641
22570797479398
225721305625870
225784955439063
225893766852427
225941582009406
226010655327748
22627890059616
226386113239958
226417027836925
226425558816808
226530296785663
226570310306912
226682793027055
226812549808409
226853233188163
226981428906295
227047634619597
227131201919064
227244879728071
227348795432300
227383860761234
227493689612304
227674880887909
227903512146897
227907241173195
228045226267382
228068276088606
228128189672898
228158075653891
228159704216790
228179943045547
228312314012002
228323037366824
228343307504634
228358872208203
22843496894559
228435873218836
228451845609397
228532401686609
228644860205716
228647034984534
228685002693727
228887805434551
228897071409971
228905571000525
229102258455588
229172245998183
229220623970722
229243104929950
229384946677765
229397560252060
229502620667777
229654345900021
229718387076129
229771625654604
229854468457457
229956088471261
229976056288673
230035865020245
230188866425206
230214070307818
230248170927248
230282235537699
230293770789147
230321919653226
230342810733094
230422439372656
23045457178514
230535522216480
230664039982782
230721478674793
230771261094400
23102654142346
231045528885227
231182649466678
231215319036393
231260852933181
231318602709590
231525158660439
23164476183295
231652938762337
231653376377843
231681438027182
23170627374389
231797315990214
231829282781258
231865737001503
231871832766773
231879564381195
232080101415166
232090014558475
232131991190080
232180652744257
232183211594306
232330206950828
232469801652088
232473238488551
232521033168494
232522277162108
232565716920935
232607052105861
232630632558427
232663660241213
232682714525886
23269977675927
232707990593345
232716262116921
232741249547192
232759435914790
232771344961466
23282862047310
232831651025354
232859006273973
232931299908219
232986608742259
233069415348166
233150322610938
233190317417974
233190507382073
233287807721214
233336517934901
233339435365621
233374629767647
233375953488618
233442764313084
233454626849878
233496230458588
233518173394640
23371518981938
23374410862319
233754437342566
233780920245537
233909948515834
233957779549701
233967377282368
233987288004282
233989128442257
234060796940624
234225278280952
234322840742455
234432897506551
234508309921185
234566203500232
234569023564896
234572913097220
234625062139606
234641919927985
234686609823296
234763557364990
234847868660007
234860191444184
234892270347401
23501485251478
235134758978240
235190039547803
235229867946034
235281035389032
235547529436528
23556002762253
235657023278251
235815201365457
235862174251543
235958598598628
23597175642206
23613451154649
236170487902039
236264400485731
236297111736417
236419209893602
236423021367324
236482729116270
236556852835085
236660097653135
236689294503838
236715076097361
236761556868341
23681425634366
236849207848120
236869709027166
236887503783303
237111689519942
237120923590482
237133776164316
237162054346784
237195582495905
237240795260698
23731090919587
237357891255459
237409329509703
237416802628607
237490959291561
237674627946876
23779290000746
23779391324887
237809148887013
237851514383450
237936147345494
237941059365638
238016327816089
238132410027907
238136859182698
238196115724634
238240573627692
238251585587900
23830533269330
238308294976986
238440348785917
238440418502726
238523213230871
238547315817203
238551549559366
23862570093961
238643092293915
238742682221474
238812158471954
238839072741774
238971424614110
239010175643310
239041411863288
239180697591759
239230868412988
239264111710137
239296943102441
239334008302758
239400595948388
239448789382019
239682971785167
2396830260538
239704111090179
239736341974169
239984984470131
2401257353821
240176376619756
24020563679857
240223153482621
240369430210213
240424625892107
240500316797946
240568229673836
240703571847973
240763320760550
240771471682575
240806415095590
240841175156973
24084976308351
240948057404023
240966952425247
241196458943330
241269518064278
241358140861754
241420025335971
241424864186005
241433038681847
241433979455927
241480019455264
241550941491738
241582330760304
24164869051550
241704587954878
241711510808154
241751357469275
241931785305091
242037838340183
242038617368756
242053061169264
242280596182275
242324213915147
242330341455589
242357645205524
242464108597387
242639656908563
24273538016598
242793307506467
242817708868033
242867468478135
242870744847650
242950097239228
242956935922352
24298339856841
243012434425685
243052533934550
243101952084686
243107022669193
243153037203572
243193372785865
243201868455926
243232684957025
243286726425274
24343645102724
243528001203203
243556970735902
243664325911173
243742534143921
24374695525338
243833768856073
243914393919125
243981413721463
244097958697680
244213907514512
244235596838700
244274374926707
244289506512263
244292172049872
244323226130595
24455035110601
244591089489198
244606489074932
244619782336002
244734632680098
244794617572227
24486915678671
244917523704583
245002761730371
245318863614736
245373363007101
245415495529171
245578510938963
245587695397313
245636574899633
245658191671014
245743529353593
245807444919585
245828132558216
246065291957504
246258657017436
246337745907157
246341975034556
246387967661779
24640959191886
246418068388761
246549348181233
246642783358
246785035230650
246895999415843
247236102610956
247336688489875
247464252625456
247470214606519
247494244705272
247527207365147
24757585730360
247607877086093
247655818342123
247734179969858
247744949225367
247781067925966
247812063205538
247840300317078
247846908282278
247930959745882
248011166262986
248155669854702
248181243888879
248213955072236
248232828524867
248338102918663
248430178873506
248449379935319
248607390674005
24863635424441
248683762360078
248725238509816
248750233702723
24880016953601
248866891755729
249112532861033
249271195322499
249346555276104
249348602659924
249364339424084
249378016191226
249445875300704
249526743859324
249530198962987
249534076499172
249551142892419
249647991335931
249722682884577
249827197937710
2498710857299
249891822612572
249930561893095
249947644547793
250025186758934
250038087687877
250127452285411
250278595771444
25036726876237
250381678744572
25038417018045
250444606162794
250484760155978
250506354888453
250600043146300
250883256819344
25090157540848
25092443206561
251136322176213
251352834208156
251379327892386
251522415371240
251534449212546
251615274374663
251702101231984
251775068737358
251796346316736
25181898943963
251862217118757
251905259335797
251905464549725
251949480056864
251957516049800
25202127001881
252031674548835
25206446056107
25206865246849
252174047871740
252225153917343
2523074772114
252315363108371
252341246169346
252445321930479
252524011948754
2525338753988
252578902867499
252747813839147
252851202553096
252864112502615
252956105168007
252996713554824
253031374916087
253038044836973
253234354352099
253466501539674
253585377118802
253678356628244
253688132769388
253708473973575
253717083649151
25379317895657
253832079893555
253861031794090
254076922738598
254192066008427
254220023781055
254241142632873
2543655873018
254388706199225
254408015017156
254465240036428
25447776247956
254482575041256
254697183983466
254707917339834
254741832140240
254804875134249
254928177671331
254979758327849
254988509556257
255028361541122
255055228150065
255090343907611
255213167224630
255259603691128
255280224829507
255297508248543
25530359540641
25534117981189
255611530304715
255678245721233
255692510192158
255803532119551
255889555994499
255893998184011
256062091506335
256142471364361
256161189540286
256178679770348
256200584135264
256321530745375
256371246201335
256424722395897
256459122945664
256472215350924
256543821538322
256799170904249
256881755985649
257021381713295
257026444088210
257098220427935
257113415020490
25711497140138
25717303207393
257204505894525
257224319525377
257262094393183
257388779158116
25740940918342
257437201633955
257444886131562
257589958555248
257602615421131
257624030589320
257641902895401
257690960295564
257719661410497
257747968567588
257972838291274
257981136633357
257985014703210
258140049638413
258142310542430
258201784568493
258231854015744
258264869360335
258273674969495
258336573963432
258375502706836
258381133936539
25838724159970
258397594772014
258411580684561
25847060422490
258603971489767
25862821054836
258682609183267
258718822173493
258745013195909
258748787277899
25881751598808
258838408509913
258850185392775
258864385860706
258894589575871
258981633845063
258999705991715
259011988911202
259090086452477
259091346529925
259096165354221
25920494062447
259226173591401
259472172956345
259521229567241
25955164545595
259677568850009
259706286150241
259859033522227
259884345423788
259900335975056
259948031683766
259973813672631
260107969302217
260110721697137
260328892680701
260330941623993
260522879561598
260531247736216
260662579363343
260666841521449
260735224300154
260789115504273
26082318949561
260944131248377
260945963760771
260975780742828
261311503054828
261372160699971
261398511478013
261447184409177
261537694141430
261643647015291
261661006710865
261693670354136
261753031252449
261790946901389
261797751567023
261850077942229
261862680165556
261916024102768
261926784773403
261947153312497
261978670050924
262005709019308
262019070881216
262039174561971
262066223322136
262107978701268
262126986796592
262136683892329
262294300546547
262301638674203
262381840691312
262445340865574
26247487172969
262519321878279
262581008587001
262581190956865
262730481162604
262802179097317
262968211884793
263183290905679
26321367304986
263221909271040
263264827617252
263286142100653
263302740942046
263310859223180
26333273761408
263336650618162
26352152361598
263537949860512
26354864161957
263571342785802
263576192677059
263672909040756
263941497825009
263955847499983
264043424987479
264061695497194
264173898088824
264266924948835
264270170226080
264274474201702
264429797401752
264438007578089
264469494640209
264476900704761
264538205527529
264698354473419
264772264937543
264813659218967
264848672781665
264863251592164
265039164150463
265039268391913
265055687549036
265062646466985
265108315527705
265115580696018
265152559085236
265255544010596
265268301193951
265326503231665
265344709633946
265430558990774
265459627324382
265465372526285
26548585745119
265496731645626
265531624538767
265540205086211
26559742612442
265615519728438
265633062780264
265756790959382
265841757224805
265877689872658
266170237389165
266179901455181
266202119407370
266351869844342
266446727778038
266499420018824
266624831902446
266701866236785
266733164448092
266747471048194
266772423647220
266884001892245
266909526155916
266935234633546
267076916653642
267096963722079
267097934836543
26714841034837
267202490193921
267411379459292
26755148859325
267562684203203
267605505950593
267632493363378
267653653283553
267701544999211
267747711024336
267755785875654
267775817378287
267891621701883
267897753258947
268023348596143
268098495235878
268180666613077
268226003946690
268322278941094
268348302003277
26835565887484
268382080047134
268392273539143
268399746156070
268400336570000
268405428659549
268443366525770
268521525504358
268582390261818
268597539346296
268632477132467
268731686438411
268794877594365
26883844813057
268849322794138
268888124361805
268945351466657
269004975285870
269126763929834
269147690578582
269164137628140
269595051949934
269600485685152
269641939813965
269657941409934
269720146727991
269737394008671
269790144091716
269798793138919
269890607712511
269902634861300
269961967377490
27000175865078
270036127835522
270081440585802
27019271848810
270283179719219
270440925880137
270464309959996
270465526503918
270465589805853
270529106064109
270603270106534
270607077146575
27061307360249
270647828913838
27069668613324
270763029333313
271000372175800
271023986040505
271037290913084
271051633719390
271070279825094
271192172461914
271258947833350
27137985450438
271434500055252
271452362438227
271475811586035
271529949462812
271542952882814
271543782594838
271643203754720
271644740034456
271807880775893
271934666448667
272138051959452
272157866341806
272266675377640
272293420298060
272372746905871
272395595489445
272403869701383
27250935101130
272554788268055
272606747539483
272606931708707
272752079873405
272753360107862
272769495759847
272771472475695
27282734422584
272840062570351
272945454488318
272986047325373
272990167660708
273083815046682
27319796491007
273201373648778
273249793047296
273285364438696
273397847614889
273444883470871
273730713529397
273739303086954
273752526942016
273797623554918
273823279966666
273843051416783
273888300428867
273936551712460
274127086078217
274178644345693
274235138015031
274272453865295
274400707467289
274404110788070
274509466711044
274564000977081
274765596702379
274774726282783
274816592294611
274858132772430
275166161525472
275185153119535
275267189837175
275460954445950
275671947846234
275680310824778
275715454599636
275815750827351
275817602604328
275835464213858
275849743638089
276061478910418
276082363261792
276101843819117
276113708939427
276127684836067
276194009078900
276255019523267
276333247794755
276374058930117
276568846423802
276673769459903
276685558957900
276725188352416
276731556369579
276743268649197
276747385932367
276860821750079
276972723359909
277056566612131
277259047018190
277350376116515
277351919262494
27737615969570
277407172380290
277503632972451
277621708359353
277710454098360
277715133136024
277742024618420
277805393680834
278030869687376
278100272709248
278164592114614
278277170993232
278330503039529
27839968223345
278477388476495
278937510546956
278956079706358
279017215118869
279043227700330
279174647635606
279212311801881
279231340988186
27924411056825
279250091551296
279346516374081
2794215734875
279426181422009
279516681963075
279523692169391
279531146293954
279603427368790
27968901415513
279689788228622
279692194199035
279701185689062
279710995672363
279720486018854
279727267500681
279974683595643
279997386839729
280019330355370
280038575520678
280087809574154
280126532525619
280158584264182
280457507138356
280574236399599
280601980903061
280766028203673
280899671130149
280901730317917
281060895109883
281077871481558
281186188107165
28119883445898
281199623042933
281325948072533
281330791599334
28184735227516
28289079863105
28293432274062
2829768200888
28357472546879
28498910391525
28602838813361
28737976366093
28858577403967
28942740340222
29037808003149
29059401618014
2908847170770
29182460633017
29200618048214
292745059969
2931034556522
29392325522465
29446399603949
29579178199530
29594371070658
29690276642112
29761585026662
29781237725847
29816958820699
29931301534350
29944798846452
30027105884243
30078299854286
30111470346501
301346983603
30201708311284
30233457548266
30266455289742
30311456648622
3034725697845
30423373633988
30464329109649
30467223154893
3049765702054
30505553724642
30558517411883
30586963217325
30748945343443
30795639234835
30826474882037
30842215406184
30860271474669
3090935488203
30978312305116
31024089865038
31039231960160
31069365311493
31073529519276
31091926564561
31115005547263
31119733907894
31202351464971
3120335056352
3121322520045
31419431711494
31444585378089
31469737699034
31595501016033
31669619828584
31739952044715
31897941058011
32001975918022
32010791246229
32070384898807
32165536915782
32167086220329
32223362750618
32289607984121
32369588482693
32412975013549
32505093966476
32542501903201
32559964030986
32643657254302
32645313617321
32680417488315
32752669429651
32788507739365
32836078701587
3283879211106
32916784952179
32944315741288
32950693693738
3297588012325
33060051494269
33141579567628
33156804450204
33161832314011
33179231183556
33253581470130
33301623374197
33486546362468
33488726626925
33494124498331
33496084100288
33510352254665
33515610038056
33532275126495
33560416099094
33564707679868
33593541283318
33667181483738
338209408954
3384496036789
3392214018263
34074154194495
3408417645202
34091578017274
34148770894427
3416544340316
34214791791184
34229113873870
34240478662086
34359742647323
34371389874778
34396533956953
34465669138611
34530556436268
34658516873156
34705258016511
34792424001889
34792711335009
34831432873809
35036684592725
35041899039339
35097563055040
35131632786682
35140298048055
35155203613754
35196465606930
35243225363182
35400733262171
35407144716675
35511216499300
35603242578015
35611200464490
35639176857228
35721642367055
35771121044377
35836235593980
35883312376769
36204013258712
36265777803791
36461408656548
36548779595405
36730357568604
36741902645470
36767693915697
36809153741203
36835377470629
36881754028768
36899256001202
37008505506189
37069301881606
37102489209823
3715694340153
37378205820745
37489732308678
37504070345790
37536326232642
37573972844486
37651594760497
37675163461921
37751111265707
37857110109215
37902338586425
37907875186147
38005643798702
38053072551781
38092309030387
38095396761372
3809859089096
38249098347085
38528636201032
38632683921240
3866402141929
38729448835934
38748515844456
38760436622183
38769657879499
38788430201279
38811370979252
38875315215201
38899020983578
38982123522867
39068449235984
3917016575327
39201801693121
3921764325511
39236203197458
3924836206067
39284395647707
39337680172831
39350298341672
39365676820415
39377019766739
39387137653085
39391023176763
3939751836860
3963504492516
3964728708671
39648405266745
39710663899257
39710767138133
39863210991015
39896158879119
39984725425227
40036716336441
40093257469766
40129897655495
4048143584392
40575022019572
40679989454038
40696624728761
40702416245738
40971072298863
40978506651625
41005672346790
41011434744893
41024203086333
41083771125741
41145791547644
41148496751584
41176667864245
4122242795247
41235144880461
4126829558131
41307014287746
41321054012144
41502805789974
41513137703921
41519489433980
41549858402545
41756645541440
41833898058724
41838983701053
41872291891343
41875379136895
42060705396224
4225167541340
42275066914368
42345180497363
42377305085962
42403287797770
42535627784057
42554804142766
42598006087900
4275650100866
42929857982067
43090773262080
43124382542543
43300919059530
43301422033098
43404863613178
43531695871292
43571220874982
43595323159105
4366735553845
43705292616878
43733083541523
43848920566614
44210007456871
44212158177828
44248754857529
44287065589313
44292505925283
44294996787709
44330200360534
44355535918147
44506138408936
44546132985936
44552370167865
44686303852834
44758288108346
45005737064340
45047017321429
45167337600407
45180693018761
45308983363570
45387133237999
45413107212168
45495290331495
45529745523672
4559349362128
45625450713134
45669139172639
45677573291315
45711813620442
45721210058924
45754785174986
45812002300973
45825037976304
45828405728820
45838911143356
4594896394182
45977009047217
46059649469410
46064803219978
4612016886705
4612185590521
46202633522234
46286065243574
46338011883419
4645207258797
46465455234113
46587227991603
46696827692617
46720433457663
46726576382907
46738562768543
46750271346978
46855640444161
46930546623568
46936849635682
46994915132064
47011169147212
47011179725090
47099104686815
47155947302772
47233684657581
47302920271047
47454258215133
4746108960984
47476512816084
47812878611166
47865092968964
47957462728639
4802926491480
48079209459660
48101791691276
48152140956180
48180279265581
48206825072400
48229900660154
48274565633280
48275245419374
48287893631904
48328635595622
48360715318939
48433069363356
48501773993931
48546391631218
4877321146795
48906888049394
48940220701893
48942214401761
48977057156375
49089231834034
49140464226546
49197216275240
4921273440201
49300176353031
49353944094705
49429053750129
49592886223424
49594312465100
49702428872276
49749532662498
49755413150971
49796549948300
49816582254178
49825536117979
49833008640509
50078315798964
50256018207446
50259683287099
50369608069441
50598376540047
50603653617256
50665688063344
50715943695460
50937245002164
5095747978885
51007954827424
51258937780819
5129578403680
51312517123982
51361223373457
51396227520719
51404749700330
51492011264132
51515457567094
51597825257391
51714356352655
51731393902953
51771523251811
51879611877252
51883757746902
52049517551816
52115690125716
52130300082997
52299650798004
52363804100421
5240769515985
52466317724607
52479881945891
52841434610049
52863022970859
52864771581850
53078934421020
53101346588425
53110770316491
5323732683197
53333522944439
5336252204828
53465473005597
53680142083322
53820264042362
5382200868824
53862308027949
53886329839654
54017471592855
54040294106566
54074744095298
54090736221411
54134894436256
54272503762933
54508727920952
54570079269824
5461092594411
54626177112433
54741472426044
54763847438483
54801399950507
54821509751206
54826644205529
54960807962493
55227444625368
55263378143206
55270583516480
5532573401968
5544025325676
55471746069862
55476385087049
55496674509585
55504674647190
55593431277226
55601860696207
55664413010248
55665857032164
55708614815318
55789543641618
55932965103062
55969948331268
56035224361393
56054900142252
56115688998919
56238958965304
56239293930500
56256499850171
5627088059597
56279620417338
56299668060492
56350758525245
56423232691230
56504231617731
56506184020996
56525141519242
56529062138212
56576433903358
5658318076731
56603771076811
56604472917824
5662008524577
56707728590882
56728056521690
56866912257626
56914007081529
56949452297377
56951487821329
56966922404648
56971528898576
57035168704083
57146505024101
57157206060610
57170828208816
57217418290955
5726565230718
57292251749904
57315683736372
57353159699507
57396062324255
57419681045518
57446775418359
57486382778789
576118030608
57618201855328
57647174982654
57710088174190
57757813296732
57820386432934
57823656036578
57851932404855
57944950980978
57984317705691
5805133818692
58116995781482
58158908869349
58191751080621
58224008313469
58305602568322
58326295415504
58329110148014
58329741198058
58358083613869
5844944874781
58497709995651
58563789178977
58687046612395
58796548818205
58813453036865
58888930558416
58988754348785
58989877266378
58991743152423
59094608335174
5917774925940
59272342519691
59443381512339
59475606370379
59511793019171
59522221687218
59546826961824
59801424527537
59846636825444
59870271397429
59970897108948
60027748137255
60150619878344
60163533467333
60238528928418
60252908751854
60306986235699
60312664920096
60405950143306
60426873715491
60545700552322
60592388029822
60630222938308
60714037456726
60721419210128
60839100063213
60938307037025
6108518434660
61120930021915
61125564615170
61153833952787
61202252741663
6129776774451
61396617976978
61465333747726
61489368943494
61492485100022
61565384035181
61650649673220
61665812326403
61697202364115
61738470649938
61765005515526
61786790629542
61870661041612
61905257986374
61963504717650
62031373331502
62050437497527
62159212997352
62337090856904
62382428900092
62382721514698
62386297269066
62528899358160
62803095556540
62837343559740
62997797368980
63144483704629
63290041220658
63546940690384
63558440725102
63588524643179
6362262576238
63640268231826
63695614815833
63733556465004
63810823629210
6386226379124
63893330433068
63915742799438
63994221494650
6402454763866
64029914195576
64131066392734
6420203065979
64209714072632
64262031162845
64333249746329
64392225856164
64450576143303
64482563376849
64483847181242
64505197487891
64582266253761
6462334675662
64650278872129
64854159518624
64895554341007
64997771732544
65005985194419
65069370098381
65150281035305
65154911948328
65165386615020
652392093471
65285200999163
65416961493008
65436114165354
65472785376564
65728470601878
65857650878674
65872744339939
65905000707283
65963302947928
66166516270182
66181117968533
66428156224518
6645332200570
66461790622465
66586722452405
66695349791235
66713492137453
66762512353999
66782532435615
66867871405800
66978600971755
67041328481654
67053808481064
6707294536961
67148079965220
67246624729283
67289834096828
67295188262510
67348934194119
67390193182214
67395539650557
67483737945074
67504374428280
6751721064327
67581199822384
6765207219505
6767776942492
67691580805659
6771164025846
67788090583257
67852074474366
68023673144085
68156014100775
6817234964920
68186656290679
68300106243291
68326288168686
68411623504350
68464825241810
68813767095649
68820935618980
68907452698673
68927231018489
68941692266743
68952013266180
69091872968397
69188491056031
69226226146169
69242297186802
69269611848252
69325457106064
69369619830516
69521248454635
69672058723911
69850303048985
69874066470758
69881710747637
69991561739810
70200358918286
70240561618614
70249299159486
70301000189906
70308375722650
70356577731997
70493265186598
70547399458274
70688032989950
70721297171461
70747708547334
70879479740397
709007585995
70944821964686
70945402869643
70987959834223
71011144228121
71040451245313
71093718750548
71143687925189
7130836163980
71310527763802
71359433044498
7143559331669
71548160068997
71592594544055
71602749961207
71638142117853
7164470955564
71725645114739
71919505588766
71939755045532
71979404857933
71996260000254
72001196783324
72161246226178
72194788044797
72258596741302
72259848125948
72336483141485
72362113922817
72396660770504
72427312313752
72499097637334
72546081658163
72549828753230
72680337716420
72761244903168
72800649638492
72835098001855
72939455589019
73104096925256
73165724920486
73228228206484
73229634085789
73314782548345
73404509071201
73437923263865
73501733407583
73521218032697
7352859251468
73615519994385
73624633599733
73791734613123
73805421912085
73863931120663
73877496551925
7389854390341
73920498356943
73954668098475
74012822198933
74059800293837
74087677317272
74130955049207
74172802240213
7425039017223
74263219235300
74394837064752
74484655603092
74598792930373
74742505696607
74812151107046
74832987029847
74958205793614
75052280208956
7515011301161
75197296702188
75215511247126
75220271852528
75260521711675
75296662845334
754030601358
75436698447633
75488611346544
75525086283008
75548237076279
75554158402733
75798227476892
75894570709614
75930838278628
76056561573662
76297946791453
76303421663051
76349458865016
76447784837598
76488084836734
76511985177355
76568929879372
7657185230410
76610383357052
76638265156581
76810222798737
76818563400451
7688326956239
76897993723687
76953022767277
76975078883529
77013293896034
77023926812682
77052375311951
77158489128342
77160631492196
77196408404175
7720777910906
77225859028239
77256715489282
77346520172526
77362432625417
77407501003463
77548872123800
77590518171188
77605736789937
77680532612064
7771746662042
77756534109491
77936448579464
77961059862196
77977604036845
78181871548386
78377874460237
78494698016500
78501881472690
78559953241609
78568823898167
7860299324109
78610829519481
78667831709414
78709910860871
78745549988720
78754743173209
78800651339130
78992429042233
79018190076987
79021582696251
79126563544826
79164543896695
79253542194032
79332053301737
79385446693043
7941246029439
79417973246872
79477388094613
79493629028021
79496726787247
79540916156326
79691083394692
7974317193462
79770818992118
79918025345448
79953879486027
80019616086201
80037453044575
80222846777561
8034898519039
80389353888422
80398254758110
80420322809218
80564213187608
8071612715140
80857538101
80949487022567
81085514605580
8108766590395
81099627730540
81200389518563
8128551332861
81342694218654
81379767818761
81593052571840
81597862181156
81688696479940
81697703231880
81703821723099
81857688987983
81917595303878
81994275131423
82130479423190
82144565135939
82179515688749
8220534126722
82245720268578
82290732408069
8232025890578
82402278050686
8241043199833
82467807611354
82486074569061
82613717440470
82863031332101
82936055007262
83095921748277
83123642620145
83156593983069
8326158741276
83315082483824
8331969977475
83356559082699
83362091445152
83383615530143
83645889859497
83732557942640
83912896620175
83995750917660
84034162628911
84314983071148
8444205181373
84483782329363
84499873858436
84518089421823
84520840218090
84828684320567
84847297455966
84861616914369
84903633432867
84913057257253
84962465670474
84990923752560
8503171758130
85065813640905
85134414781703
85136767322771
85186540502041
85224400712329
85250836007796
85253638513289
85272613794257
85315595965128
85357765071155
85432515275473
85610483854168
85660091516151
85660963232617
85668403301957
85683732707210
85858655626595
85886364347729
85952236534583
86005599106403
86128407643959
86140309701619
86156310070694
86162503941884
86176309203205
86233848149019
8624819083450
86287820888558
86304438998298
86349976675557
86366393002873
86405683005645
8646583744232
86468102496332
86596545605183
86608975026753
86611803660515
86687614780297
86712135357703
86714208611042
86724652816312
86791608821502
86800101792467
86824948503896
86874992620032
8689313752562
86932231173157
86940842836781
86961774123431
87049719788203
87064489716432
87106255579717
87118793452990
87162855359763
87339975757849
87449506148419
87531751843356
8758366000717
87595610231940
87650767497089
87709308411818
87756509498793
87807833774261
8781333447412
87821105083932
87842490178879
87881787847636
87915705313355
88023957439843
88040292316409
88089917691268
88230426367456
88292640745386
88292662722935
882948230777
88316870893507
88323090867157
88328648916025
88358030249790
88377277019414
8841865725664
88470787814680
88513478552741
8856243448328
88570525251698
88710047785340
88826159777017
88868846531674
88921435654144
89012713886667
89039249818666
89103456525160
89179327567508
89307909834501
8941418746331
89572175664628
89590760043922
89608712315512
8965048044758
89715932205960
89779145024552
89825098375762
89894749885957
89912784970174
90145798677657
90186799501962
90282090520389
90372460971106
90865980235496
90964757638520
91001372327121
91186680564312
91190439752768
91447225453664
91495739290901
91607368425276
91651022560769
91710368750018
91760245304825
91786053526612
92008324645272
92069473322314
92085031903930
92129885464972
9219935274564
92204277985717
92242486402382
92333316137702
92383041005087
92386930702681
92489536900710
92554883680923
92554980001537
92753873444486
92828575724311
92973078855572
9297958456463
93021116091010
93120921062226
93333069447190
93379868321587
93538023707584
93581438189186
93593528666793
93597302963123
93626082849421
93698185781864
93786219716578
93816431973212
9383866953395
93882929680209
93961887757264
94045079289004
94144089710082
94194500380424
94199229066316
94324213997095
9434580619470
94360352058281
94440534013652
94565011194455
94586902097
94754961362378
94886598292016
94889179773852
94918390121830
94954188303421
95002170455376
95009376818413
95035797608513
9505331939419
95150726263146
95305409100265
95311066983504
95330121751962
95453651312002
95477975778797
95546386830490
95571119634932
95695211544048
95837808841773
95849264525462
95880827767835
95889686469656
95898336080890
9596932544818
9607690912015
96156415032185
96306675686030
96409697353355
96439769603490
96452722162740
96469675718464
96490248998014
96551376302686
96570275911603
9658955143106
96597154923732
96599136828794
96639004923511
96686772628654
96689358882523
96786225936376
96806681155795
96890979296794
97045839931826
97051922573851
97130041968587
97192021772750
97196356589884
97221692544078
97234885683373
97259421750837
97302267223291
97396303206694
97504358315410
97636909285778
97781890702753
98003762752161
98006515153397
9802589213582
98116991095604
98227524705189
98278777926565
98385130480107
98815250510081
98912242642424
98936509850056
98939899569169
98965987125079
98974182446431
9899051615821
98993000950374
99001297909603
9908206213906
99169608143978
99198153851408
99256540436849
99269393951490
99356200012398
99490835319839
99556515668965
99638275962280
99651274732829
996563368110
99667232752457
99676125147443
99799179511474
99802487247471
99822699610675
99878520591558
99930294414615
99964934091729
99983325914734
