1040480943
1069852769
1092732629
1143701929
1177850974
1195611868
1204743271
1234422097
1348624332
1377298236
1473282099
1494185310
1495151796
1505278314
1528788632
1530636844
1768789447
1820585244
1849001137
1919880542
2086042813
2099942862
2101858181
2103758809
2197354817
229748682
2352154869
2370732130
2410430144
2422357483
2729615410
2780623247
2872969717
2882304040
2977814848
3007646730
3022516122
3148269422
3186432903
3307793548
3417858799
3468605935
3480583305
3484351038
3795454569
3827338283
384887724
3965899286
3986971286
4029808351
4074149713
4207440704
434970415
511656892
512152047
71293012
713552707
735235364
743249760
785930808
840335039
841274845
93874299
949600311
