1017912904
1068977618
1135313162
1199835171
131990258
1323894530
1351807891
1381545925
1403202489
1481519324
1533342133
1581166275
1634630124
1637356994
164591878
1652481592
1694420512
1708616786
1771109109
1796452218
1846618957
1875834256
1912208044
194999325
202874933
2180919472
2230757607
2278103677
2294130713
2294743868
2298891246
2314677083
2395571424
2489503889
2547016224
2582144059
2613252785
2729124093
2744504532
2780778328
2945932207
3108182657
3115769200
315364507
3154130525
3155807446
336907322
3443292990
3467504018
3500310534
351159740
3528364205
3721613530
3726703421
3735750865
3842733197
3862759402
3898918977
4099596984
4157390134
4171587505
4180000910
4224020006
444006570
485507239
500285120
52871417
605116603
736979371
887153222
925103920
