1013286215
1034541975
1084101101
1123948795
1125729558
1232470432
1386007864
1406795066
1470874708
1504430759
1537856855
155421515
1571720014
1593171399
1607134896
1701704489
1756554760
1756846057
1797414633
1817150591
184340121
1939282187
1941895228
198838825
2078845159
217106401
219878204
2206463497
2228810505
2231090142
2294904905
2342921703
2343543463
2363410076
2369854412
2392216177
2464469201
2476179257
2611178286
2632323695
263707114
2654323870
2655291187
270878799
2723769909
2745197454
275461609
2757038950
2839156732
2892108380
2897295475
2900166859
3020446918
3038202996
3070021842
307259356
3073609335
31402745
3175638954
3231194465
3231393587
3280306632
3287744459
3383017001
3416146010
3446716261
3448704440
3450601585
3494186340
3569187884
3627493559
3659195777
3683324935
3723617990
3800209372
3823336013
3851934431
3890629072
3972921285
3989173251
4008197486
4010397676
4011544151
4023101927
4045145578
4086459463
408683171
4116473158
4147306348
4225312389
4264774272
455515092
472513199
535659515
539338388
543120122
55009452
562548953
59479912
599068465
697034043
704862459
7491203
854492346
895521259
937198460
971599416
