4112171188
4225397604
732983320
1413719651
3811023019
1886998609
1213792291
689773601
2168863038
1411736317
3688523296
254430780
4187878898
2410533462
844018465
503644455
755496154
2339032884
3187079323
367186632
3021048338
3560126318
3352558234
3764435143
2001463229
2212267803
4039404510
4039404510
2341837770
765143981
444010338
2206206751
3472687983
3842433495
3287101294
3506298856
3411434592
1649619563
3970515531
1650608606
2895811483
2340615413
1032138268
3783056020
2282029548
3583143458
3728375970
3859676263
1125929962
1170338570
1669533173
41390259
3555943109
1521704307
3159778025
1790080659
3140605823
832916975
2101249012
910518073
3309798250
3951738596
2387746851
305018984
2506060358
2490867705
2770113500
3273546774
1188243459
186177187
1677742227
3766896615
3158383927
2987414280
1256300389
109115336
1784814955
4157299296
700845756
167586536
3980236790
2284648049
647068649
600096285
1432864823
844018465
367186632
3560126318
4039404510
444010338
3287101294
832916975
2410533462
2206206751
3159778025
3140605823
2339032884
3352558234
1413719651
3411434592
2282029548
2001463229
3951738596
2387746851
1993568150
3970515531
784026112
3262191408
1125929962
1170338570
1669533173
41390259
3309798250
305018984
2506060358
4165314322
3273546774
3158383927
910518073
2332414053
732983320
3811023019
1213792291
689773601
2168863038
1411736317
3648479175
254430780
4187878898
503644455
755496154
3021048338
3764435143
2212267803
2341837770
3472687983
3842433495
3506298856
1032138268
3583143458
3728375970
3859676263
4240261454
2101249012
1188243459
186177187
1677742227
3766896615
1784814955
700845756
2987414280
1256300389
109115336
647068649
2340615413
2923426667