100652267
1007176142
1015894532
1022315673
1025242198
1035958704
1063281224
1072997409
1086223406
1089171870
1089273398
1091717294
1095273165
1125031566
113530157
1202169041
1209627999
1212321483
1213217785
1219344746
1257328527
1269797908
1275653319
1279994303
1284211462
1289339679
1307768122
132039471
1329723640
1354777382
1357351763
1372674082
1383027057
1383925365
1402087307
1492129101
1538778633
1545297395
1555196098
1567290971
1601238694
1609353058
165447057
1659437479
1687994986
170992351
173251178
1791580042
1832864319
1840182848
1843062776
1858773381
1875504093
1877293119
1928543399
196324556
1983308278
201888401
2019990700
2029090565
2029300978
20982308
2122705112
2128923456
214147277
2154343138
2179320670
2230453131
2285024796
2302796723
230924274
2316073771
2326907435
233312473
2361671464
238818624
2432140064
2443526449
2447847853
2516289035
2534149672
2536495417
253892304
2539763413
2548089259
2579558153
2585985129
2594585120
2598884908
2602331044
2609077279
2618717521
2657744041
2662333738
2671255355
26867705
2727439916
2733299402
2757787411
2823824941
2835970299
2844453487
2850957463
2858471698
286842209
2893899389
2910640374
2912166765
2914979345
2915882114
2938299143
2961098661
2973749602
2980766940
3026123966
3059465556
3080531247
3136764719
3142836781
318478637
3195725552
3202186010
3226505205
3230154320
3246100826
3251940461
3258151590
3263206759
3273275303
3293504056
3300387188
3325277311
3372973604
3401565710
3427358609
3483186593
3490334402
3493084491
350089070
3535324656
3537044140
3552989018
3560826776
3570457258
3592484113
3623599656
3640667082
3642871610
3677257767
3725940205
3760079235
3779263894
3801317079
3820198338
3828622443
3836683892
3862122553
3891344410
389228146
3923425399
3949270969
3961709255
3969650795
3971683259
4003779144
4006278367
4030009747
403602198
4044321210
4091601784
4125428592
4130013528
4139036911
4163235032
4169404609
4174269610
4219714358
4293382527
452962688
463011545
485229178
514864146
515117855
526998227
538971506
555226474
561832368
626083436
650756669
722128915
786254219
794105930
815178593
815724233
842127113
872290462
877416347
895204597
899095161
908723083
916032025
932142535
971811848
977423429
987116016
