109080928
1092691452
1193785206
1488964964
1491444130
1553955832
1696845294
1738475148
1935749658
2002870110
2115966283
2129606631
2184776466
2210927132
2259448925
2268978654
2349217659
2359302621
2410294734
2454952884
245742007
2510446758
2600879358
2611148679
2622182342
2636134277
277346354
2795877794
282097582
2958800021
2975868276
3034409504
3070871638
3112535417
323229234
3309375082
3357997275
3389234233
3404024942
3485069347
3547420790
364227416
3793410699
3824314117
3853510712
3900210482
4108816398
41093925
4204705170
4294065710
441922919
475108055
476812481
495669021
579267685
652019546
716320128
944753904
968480201
992185111
99234591
