100689300
1036942088
1073096131
1077435184
1101919464
1203202803
1295233868
1350856894
1352994868
1391405155
139486081
1423797221
1462548787
1517993612
1538205944
1560548182
1575500764
1583859995
1814936154
1822678573
1865289655
1878144875
1968859138
1977423897
1983801355
200067250
2001476768
201601686
2093728084
2112578630
2259066345
2300430302
2368282401
2375621346
242203108
2429822007
2437809437
2443454194
2478068266
2546999481
2595834951
2608663933
2647514041
2673526436
2700424830
2739950148
2833387824
2905770307
2958658533
2961799650
2984348426
3003286858
3080130146
3218182508
3225175820
3242277319
3244094638
326292732
3267378662
331032216
3320597534
3380003187
3389102868
3398057085
3418234909
3509762168
3629062350
3662217353
3670201197
3686746686
3712087300
3732738428
3744337112
3758459835
376274298
378294197
3928306290
3937585915
3939264683
4004195481
4011442687
4011853879
4080971826
4095072966
4165515554
423974545
4289099032
4290051415
432564434
435928912
504196331
518587220
556465213
565041001
570070183
590780699
713943377
809585652
882184505
947349794
