1001464535
1005138133
1019849323
1040822564
106818173
1224107652
1274871117
1309801324
1399378160
1445864969
1564091343
1568771123
1652366906
1770642413
1774656084
1779199006
1968323501
2028167190
2095849600
2240561399
235320900
2416355687
243827594
2579073216
2604925609
2675301280
2677245091
2876072330
3008795292
3013879331
3018636006
3130973376
3199916903
3227327807
3236694614
3276779342
3328685955
3449573938
3481258914
3570056525
3656309131
3714888048
3790881290
3861064274
3862892742
4018668125
4052817900
4129436546
4135512474
4155555054
4185964162
4274000738
4292870767
432756355
436980317
465199156
469236216
550310727
61649343
648876242
657041955
667119699
68312067
766034666
797002566
847386982
936437406
977588997
