103653520375853
107512081957553
108448625764041
111905872992769
113051345320533
114766814815786
115231201648554
115810367106485
121326342301065
121526859502205
125092532269088
128812670311159
132566938580496
133341829774779
135194962082430
137478209137738
139945807358007
142893766660595
14945595999206
149580407458058
151398103684408
151558701900706
152868950939066
154237388590567
157145244283313
158904067847008
162648078035514
167555660800715
172957225422598
174295402062259
178260271529836
178844416063350
181000854983085
185451201784021
188740111582887
190267016053735
191614708518213
192163571392541
192611956767667
194351259321875
202175364727565
202912043517385
20425406444656
20598744086660
209382855670654
21321766245639
213976479229442
219278645256855
224449706740611
224691022910923
232945424004605
236183484911686
237385889553300
242298738382430
245536767246282
247557032616341
249432035909790
251966059569080
256766164938386
264376238675283
266578320227663
266883216789565
270075915579351
274882342126394
275669788107948
275928044758562
276210236200426
277477828235619
28616200563387
30102330766777
3553343885093
37119063787086
3808085799618
40410505610584
40738715643466
47888976791558
49807103723499
50781934601487
53956504200322
54208301299568
57924997806114
58923159812858
59336363793920
60128813599605
60731147605627
65632825518796
69627075927074
80602360639966
81285033063134
84042947148400
86888034065608
88477976803587
88722673587391
91487385803769
96195092038804
97929892712040
98086359774288
99077017417810
