1002198364
1002198365
100711222
1054611616
1054611617
1054611619
1054611620
1054611622
1054611623
1071994945
1071994953
1071994954
1071994955
1100438658
1105550246
1105550247
1105550250
1105550251
1105550253
1133454358
1150232049
1150379115
1150866404
1150866411
1217489553
1217489557
1239165396
1239165397
1239165398
1253624558
1267822446
1278080738
1294858327
1294858334
1326829748
1337887764
1337887765
1337887768
1337887769
1354665350
1354665351
1473011407
1511383527
1514110004
1514110005
1530887584
1530887585
1530887588
1530887589
1530887590
1530887598
1530887599
1544938699
1544938702
1546401728
1546401729
1546401730
1546401732
1546401735
1546401739
1588622138
1588622140
1588622141
1613182038
1613182039
16676011
1683828709
1683828710
175939744
175939749
175939750
175939753
1760963082
1830199824
1830199838
1880532715
1880532716
1880532717
1880532718
1891262221
1891262222
1891262223
1904125877
192717338
192717339
1946881036
1946881037
1974191442
1974191443
1974191446
1974191447
1997213893
2030916227
2044926630
2072804816
21895408
21895414
21895415
21895421
2199340566
2254487392
2254487393
2254487396
2254487403
2282390057
2289602845
2298800812
2315394858
2315394859
2332172437
2332172438
2357570430
2372188560
2372188563
2372188564
2372188567
2372188568
2373557506
2373557508
2373557509
2376953192
2376953199
2444063635
2517129661
2583604420
2583604421
2590444696
2590444697
2590444700
2590444701
2607222384
2607222385
2607222388
2607222389
2607222392
2607222393
2650862048
2650862049
2650862050
2650862051
2673985210
2673985211
2673985213
2701047754
2701047757
2701047758
2701047759
2717825466
2717825467
2717825468
2717825469
2717825470
2769144062
2801860656
2801860657
2801860658
2801860659
2818730377
2818730378
2835508093
2915064067
2979286707
2979286708
2984894946
2984894947
2984894948
2984894949
2984894950
2984894951
2986725273
2990907755
3001672528
3001672532
3001672533
3001672535
3012841887
3018450126
3018450127
3035227826
3035227834
3035227835
3035227837
3035227838
3035227839
3052005416
3052005417
3052005422
3052005423
3062835604
3068782976
3068782977
3068782980
3068782981
3068782984
3068782985
3085560688
3085560689
3085560690
3085560694
3085560695
310160657
3102338286
3102338287
3103684020
3159658898
3159658899
3159658908
3159658909
3251641067
3270633184
3270633185
3270633186
3270633190
3285196347
3285715760
3285715761
3301312746
3304188365
3304188366
3318090308
3318090311
3320966068
3320966079
3333879940
3333879946
3333879947
3341596560
3341596561
343715958
343715959
343715962
343715963
343715964
343715965
343715967
3537380008
3537380009
3537380010
3537380011
3543206359
3543206362
3543206365
3559984053
3559984059
360493521
360493524
360493527
3612359368
3612359369
3612359374
3629137076
3629137077
3682011266
3746050244
3746050247
3749121844
3749121845
3762827955
3765899424
3765899429
377271105
377271106
377271107
377271109
377271110
377271116
3779605537
3796530295
3821585098
3826415717
3846715985
3846715987
3848490625
3865268346
3865268347
3876748600
3876748601
390337112
394048817
394048818
394048819
394048820
394048823
394048830
4014639237
403058469
403058474
403058475
410826402
410826409
410826410
410826414
410826415
4146165288
4179293301
4216196962
4216196963
4232974556
4232974557
4249752139
4249752140
4261310416
4261310417
4266529843
4266529848
4266529849
4266529850
4266529851
4266529852
4266529853
427603988
427603995
427603996
4278088004
4278088005
4283307438
4283307439
436613633
436613642
436613645
436613646
442523624
512135125
512135129
512135130
512135133
512135134
528912711
528912712
528912713
528912716
528912719
533759124
564126497
629578436
629578437
629725625
629725626
629725627
646503203
646503208
646503209
646503212
646503215
663280790
663280791
663280794
663280795
663280798
663280799
680058483
680058484
680058486
680058487
696836070
696836071
696836076
696836077
712968572
712968573
712968574
712968575
713613652
713613653
713613654
729746152
729746153
729746154
729746155
730391234
730391242
730391243
730391245
730391246
738807844
738807845
738807850
738807851
747168954
747168955
747168956
747168958
747168959
762925635
784089281
784089282
829295804
830036208
830036211
83786452
83786455
918225904
918225905
928691280
928691295
