0
100711222
100711226
109676304
109676305
109676306
109676309
109676314
1150232055
1150379112
1150379118
117488788
117488795
1183934284
1200711968
1200711972
1200711974
1200711975
1200711977
1217489564
1234267138
1234267139
1234267141
1234267142
1251044851
1251044856
1251044857
1251044858
1251044859
1251044860
1251044862
1251044863
1261303155
1261303156
1261303159
1261303160
126453888
126453890
126453892
126453893
1267822437
1267822443
1267822444
1267822445
1267822446
1267822447
1278080738
1278080747
1294858323
1294858324
1294858334
134266370
134266371
134266374
134266375
1378746480
1378746482
1378746493
143231610
143231611
143231613
143231614
1529450864
1529450865
1529450866
1529450867
1529450868
1529450870
1529450871
1579783618
1579783619
1579783624
1579783625
1579783626
1579783628
1579783629
1579783630
1579783631
160009186
160009192
160009194
160009195
160009199
1617117106
1617117112
1628400560
1628400561
1628400563
1628400567
1628400569
1633894688
1633894690
1633894693
1633894698
1645178147
1645178149
1645178151
1650672272
1650672277
1650672279
1650672286
1661955729
1661955730
1661955731
1661955734
1661955742
1667449857
1667449864
1667449867
1667449868
1667449870
1678733323
1678733325
1684227573
1695511028
1695511029
1695511032
1695511033
1695511034
1695511039
1712288615
1712288616
1712288618
1712288622
1712288623
1729066176
1729066177
1729066178
1729066187
1745843891
1745843892
1745843895
1745843900
1745843901
176786775
176786779
1769068586
1796176648
1796176651
1796176652
1796176653
1812954336
1812954337
1812954338
1812954341
1812954344
1812954345
1852003762
1852003769
1852003771
1852003772
1862993000
1862993002
1862993003
1862993007
1868781349
1868781352
1868781354
1879770582
1879770586
1879770587
1879770589
1879770590
1930103448
1930103450
1930103451
193564465
193564468
193564469
193564470
193564473
1938583904
1938583906
1938583910
1938583911
1938583913
1946881026
1946881037
1947028203
1955361489
1955361494
1955361498
1963658742
1963658745
1963658746
1963658747
1963805776
1963805777
1963805783
1963805788
1972139073
1972139077
1972139079
1972139087
1980436307
1980436308
1980436309
1980583360
1980583369
1980583370
1988916793
1988916797
1988916798
1988916799
1997213891
1997213893
1997213895
1997213901
1997361074
1997361075
1997361081
1997361082
1997361087
2005694373
2005694382
2005694383
2013991600
2013991606
2013991614
2014138664
2014138665
2014138666
2014138670
2022471961
2022471963
2022471967
2030769186
2030769194
2030769197
2030769198
2030769199
2030916225
2030916226
2030916227
2030916230
2030916232
2039249652
2039249655
2047546772
2047546776
2047546777
2047546783
2047693937
2047693938
2047693943
2056027232
2056027233
2056027234
2056027237
2056027245
2064471520
2064471521
2064471523
2064471527
2072804816
2072804824
2072804825
2072804829
2072804830
2081249106
2081249115
2081249117
2089582408
2089582410
2089582411
2089582415
2098026696
2098026698
2098026699
2098026702
2098026703
2115452529
2115452543
2149007705
2149007707
2149007709
2165785286
2165785290
2165785292
2199340564
2199340566
2265612361
2265612362
2890242009
2890242013
2990907747
2990907755
2990907759
3007685338
3007685342
3079952321
3096730040
3096730047
3291263680
3291263682
3291263684
3291263685
3291263687
3308041392
3308041393
3308041396
3308041397
3308041402
3308041403
3324818976
3324818977
3324818978
3324818979
3324818980
3324818983
3324818990
3324818991
3341596561
3341596568
3341596569
3341596571
3341596572
3341596574
3341596575
3492595168
3492595169
3492595172
3492595173
3492595174
3492595175
3509372752
3509372753
3509372755
3509372756
3509372757
3509372758
3509372759
3509372766
3509372767
3526428781
3526428782
3543206359
3543206362
3543206365
3559984051
3559984053
3559984054
3559984059
3576761634
3576761635
3576761637
3576761638
3576761639
3576761645
3715566568
3715566571
3715566573
3715713606
3715713607
3732344151
3732344155
3732344156
3732344159
3746050241
3746050244
3746050247
3749121844
3749121845
3762827952
3762827955
3762827958
3762827963
3765899424
3765899429
3779605537
3779605539
3779605541
3779605543
3796383121
3796383129
3796383132
3796530290
3796530291
3796530294
3796530295
3808652288
3808652289
3808652291
3813160708
3813160714
3813160717
3813160719
3813307872
3813307873
3813307883
3825430004
3826415714
3826415715
3826415717
3826415718
3829938422
3829938424
3829938426
3829938428
3842207592
3842207595
3843193296
3843193301
3843193302
3846715985
3846715987
3846715988
3846715994
3859970880
3859970881
3859970882
3859970886
3863493571
3863493572
3863493574
3863493581
3876748593
3876748600
3876748601
3893526184
3893526185
3893526187
3893526188
3910303767
3910303768
3910303772
3910303773
3910303775
3927081458
3927081459
3927081460
3927081463
3927081466
3927081467
3930751201
3930751210
3930751211
3930751214
3933822687
3943859042
3943859044
3943859046
3943859053
3947528786
3947528794
3947528796
3947528799
3964306377
3964306378
3964306383
3980936899
3980936905
3980936906
3980936908
3981084067
3981084068
3981084073
3997714613
3997714616
3997714618
3997714623
3997861648
3997861654
3997861660
4014639233
4014639236
4014639239
4014639247
4027747074
4027747075
4027747076
4027747085
4031416947
4031416954
4031416955
4031416956
4031416958
4044524784
4044524788
4044524790
4044524798
4048194536
4048194539
4048194540
4261310416
4261310417
4261310420
4261310421
4278088004
4278088005
47279390
596023288
596023289
596023290
648882211
729370465
762925635
762925639
762925647
779703354
779703358
83786448
83786452
83786455
83933516
83933519
