103179051099029
112159263286333
116095061527999
116967254640338
131921145532596
132176807881918
13322039619048
133983686870933
149463034143830
162792237036358
172577124087781
178213254938018
211414089407674
221030629253436
225400063614319
229116675084186
23531113450011
241470151727979
244720175117252
248676323253817
253636205088177
257797155674913
260610944512619
263910186144172
271893035990678
27951261050343
281158456750476
40956508003033
52490684480208
6284919522236
91341212939582
91926021987862
93256061242372
99105293615167
