0
1024
1134157478
1134222441
1134257473
1134378174
1134684576
1134994954
1135139541
1135391828
1135660633
1135734437
1135856580
1135960350
1136090844
1136105682
1136229123
1136445914
1136471702
1136691796
1136906767
1136992222
1137052633
1137250347
1137337414
1137552933
1137646804
1137652014
1138254949
1138563759
1139519896
1139676506
1146639881
1146770400
1146854849
1147131319
1147250927
1147285640
1147286575
1147373852
1147408599
1147489489
1147594733
1147601026
1147633934
1147673207
1147698370
1147710406
1147718200
1147752942
1148163458
1148266589
1148427821
1148442315
1148483892
1148500858
1148579961
1148652992
1148691011
1148717113
1148721549
1148746525
1239181218
15
1505042877
1540867723
1692083765
1756080193
2160465960
2525699533
2550763460
256
266
2681776972
2798009337
300
3008052843
3205930904
3226362153
3227461458
3228373820
3228989262
3230228474
3230399017
3230879085
3230967829
3231037480
3231161323
3231223617
3231371080
3231621805
3231702284
3231815347
3231920387
3231941677
3232004678
3232123037
3232211141
3232326339
3232433380
3232681500
3232722682
3233103137
3233692074
3233815967
3236314411
3238844426
3240522177
35
3990276378
40
4000
4040898210
5
522
55
768
