0
1
10
1005781051
1005848925
1007550583
1019543671
1022493151
102381875
1025
1026032095
1027473527
10279
1031537599
1031602235
1035665467
1037175133
10476
1053688527
1054688159
1067123407
107088221
1072433501
1073676767
1073741883
1079181791
1079312863
1083168516
1087701111
109117559
1091176198
1092026487
1096483295
1097859551
1098515690
1102250463
1103364335
1106707630
1111425503
1118241247
1118241966
1124139487
1129120942
1137969501
1140130271
1140326879
1145269291
1145323894
1145464356
1145498741
1145511892
1145693336
1145847040
1145968711
1146027657
1146028631
1146106713
1146338345
1146391766
1146646768
1146666207
1146802953
1147152938
1147239744
1147265781
1150504790
1150531906
1150572905
1150631465
1150731321
1150767526
1150768004
1150779740
1150799014
1150813958
1150819447
1151025969
1151037419
1151109899
1151229815
1151264614
1151346748
1151671647
1165886399
1170604511
1177830720
1182335935
1184956655
1198
1204618294
1205797942
1215301382
1216349958
12179
1239102122
1252196471
1259667575
1275399835
1297481967
1300496503
1301348531
1304233134
1305737163
1309418380
1314712821
1327217007
1328920746
1343160439
1385891590
1391995224
1398605574
1399128363
1400373487
1401094263
1403126469
141233267
1412497887
1412957838
1417478383
142541279
142541998
1428489690
1433403511
1449525427
1450510086
1454164286
1455292595
1459421423
1460208814
1463287987
1472453153
1474626015
1480263789
1489109231
1490158047
1492911338
1501562630
1511784567
151388279
1516212214
1516437623
1523318963
1524959581
1531184302
1538263389
1540021842
154010079
154666758
1548812767
1553740838
1555236014
1556938871
1561592287
15651
1573537441
1573585075
15794
1580728799
1607139447
1615462879
1618544510
1636434159
163971191
1644954199
1655505015
1658257467
1665926918
16777217
16777473
16778241
1679360179
168165615
1686831163
1692533215
1699023197
1704055
170760729
1714749619
1718944223
1724252639
1726349791
1742471647
1745551479
1746076726
1747650070
1748435123
1766721286
1766916455
1769734623
1776224006
1780679135
1780744911
1782317535
1782515462
1784351069
1785006429
1788477619
1789069661
1789526615
1789985067
1790640607
1791099179
1791101277
1791688763
1791691101
1792083118
1793917407
1795163310
1796342239
1796342659
1797654877
1797718915
1798
1799816966
1800227054
1800602079
1800602798
1800603398
1801191483
1802698811
1803225437
1804725793
1808336646
1812857071
1813382618
1814036959
1815150771
1816134830
1817510367
1817837627
1820852343
1829636445
1830420719
1853685879
1856693749
1861736385
1862337710
1865353565
1865416763
1866858795
1868203850
1872429535
1882391007
1895498207
189909179
1899167923
1900151982
1904869555
1920926175
1922170999
1922238214
1933246943
19339
1938032510
1939014111
1940914355
1940980191
1941045487
1946878191
1965293747
196739251
1971716275
1972240863
1979646071
19816
1982248506
1984235150
200883910
2010711814
2014502296
2021196015
2038825199
2053375570
20543
2067334618
20709615
2075132143
2080899251
20906
2108227883
21133
2132739846
2137785758
214368555
2160590967
2175730143
2180841951
2182938863
2190868599
2192901894
2196439519
2205615278
2211447982
2213413343
2214659486
2216887710
2220140814
2223702495
2229078964
2243758429
22439011
224461279
2252800119
2256011383
2261286481
2275147895
2277088634
2284650975
2288976351
229115654
2291793979
2291794399
2305418751
2316173791
2319057015
2322268639
2331967967
2334393159
23375
235304830
2353201152
2360672315
2366242995
2378694775
2381216253
2385183199
2389836255
2397
2403992630
2404319711
2426734342
2428832093
2470250066
2473377933
2475885023
2486965369
2490892467
2498691251
2508785414
2510946783
2545617245
255459447
2569733894
257
2571568602
2572681515
2574713311
2579759223
2585659142
2623144175
2623471795
2629108191
2643985343
2646082794
2656895095
2664282982
2670199263
2677933830
2678063403
2678320741
2679963947
268961542
269230444
269355357
2701330182
2704671199
2718302267
272828645
2732458463
274530483
2750219438
275383231
2753888315
2764308959
2771911135
2790261215
2794391302
2796814395
2808087726
2808152243
2822242783
2829910735
2830271623
2837907805
2839478391
284492255
2857173171
2858026158
2858549727
2858680799
2858942643
2861629619
2864775647
2874015863
2877293023
2887320750
2887385567
2890990047
2892824755
2896429115
2896429535
2900034734
2905
2905211359
2905867438
2908160899
2908357806
2911792573
2911961267
2915565747
2917170817
2918318559
2918580823
2924544059
2930507835
2930561377
294454207
2948661307
2955386870
2958270088
2964390847
2969936029
2974875707
2981036211
29994
3003318451
3008299487
3015135
3017429148
3019506143
3019795248
3031368159
3031369358
3044933691
3046965727
3052143071
3057913532
3061907935
3061973231
3069773574
3070231007
3094939398
3096314335
3107349678
3111350873
31255
3126592566
313328095
3135046830
3135636654
3162636407
31719603
3185315340
318636991
3189047355
3197044606
3205930904
3208369624
3213164723
3218801718
3222208751
322503854
3229005906
3229024315
3233840803
3234267195
3234416648
3237174315
3237240700
3237764988
3241592309
3242092136
3242102604
3242198054
3242245184
3242354279
3242354280
3242410897
3250951791
3253207159
3260285407
326238507
3265659359
3267822047
3270184698
3270639795
3283292207
3289711491
3292856439
3311468663
3314090163
3318809055
3320644063
33312
3336111878
3355902431
3358655662
3368026291
3371172319
3377922527
3390376285
34054
3410889652
3416785015
3418423415
3438872146
3440183645
3441426731
3454
34839
3487041286
3495823110
3499624797
350680936
3514762354
3516177982
3517186347
3530621407
3534816670
3552051379
3552790188
3553310310
3571581227
3579183163
3579184902
3586524934
3598189742
36012
360186335
3607562589
3608347523
3608805855
3618963575
3642004129
3669557367
3675783647
3676505023
3676570079
3686532031
36894
36896
3704488055
3708487130
3712483567
3720808797
3726272208
3727884587
3729064415
3729653939
3732734131
3740008687
3740926431
3746824791
3769600473
377947310
3780772019
3782213751
380111197
3820552311
3834373749
3836740063
3837264351
3842310203
3842310623
3849971772
3852888464
3859677303
386271581
3865184006
3894647223
3899318822
3901620703
390857183
39113
3913812317
3915647325
3915907251
3920299902
3922591863
3925082591
3926459327
3929145943
3930128863
3934519895
3936223711
3936289487
3939960582
3941992797
3957785055
3961949071
3967812063
3980525747
3982295279
3989410704
4016112095
4046520799
405536827
405538566
4060414431
4063494383
4065394927
406650958
4077650399
4083941435
4092854511
4098294719
41046
4107602269
4113090604
4120381190
4126343287
4128508387
4131522310
4139980312
4140106027
4143055087
415826399
4164550775
4170842231
4173791411
4185587831
4219767612
4222093661
4230611003
424870367
4267
427622879
4283837212
4288809309
430114566
44341
45538
470680511
479
483459551
485359855
48707
49310
494864134
496717012
502661239
510460023
512296830
51912
533594591
534905311
553975927
566480939
566889450
57606623
58982579
59
598344159
617236968
618921063
621674975
62420
635700398
641466487
64222
64879
648937951
654180831
665243854
666076267
670304605
676856287
679609518
680001595
688390623
690422059
691667423
699072991
700185737
701497463
703070267
704905695
706084983
707330527
708510175
70871059
708969047
709035182
713818591
713884846
714080435
715784671
715916462
717357235
717619259
717619679
720912050
722010591
72963328
731462241
735838327
739771446
741083485
741867999
753796270
769
770186243
773653678
781779123
7834
798295814
810550446
812580923
813105271
818415366
824836695
834994415
838140383
839778396
844380222
85852639
866346318
869663199
882032469
884211891
885391539
902365303
906952823
910165166
911690047
917702406
940376123
9428
943456735
952304095
967901663
970429649
983305140
98697335
990576699
990577119
991887539
