1039957656
109925572
110547625
1168509997
1210485217
1232033200
128645402
1291447601
1314302550
1472179526
1555908141
1582711963
1592278679
1619251039
1628926180
1944678878
2041341740
2067752527
2094376255
2107533249
2160533485
2310691692
2387731613
2423623497
2505536761
2528954319
2640590465
2694209680
2739422787
2770151610
2856389457
2904600273
3039655044
3240567314
3388891014
3489229407
3523301633
3523572495
3576806723
3595823485
3623723284
3699546906
3744857921
3906167818
4057497916
4153145615
4270803234
429500387
441028773
49442678
552990730
599401566
663379563
759017398
768643227
816197436
952991974
