103551587650793
121278146536304
123132417563823
127481579920448
132908215149871
137360158239559
147481017212907
152490816150604
18688869541634
198250358483608
200317706739470
200474441362416
202696346220572
206288872478624
206694689191536
213701364421685
218402231638816
220001831608486
242288302506578
242918521104940
246171109762169
251305527684564
256313142877844
268275792338021
268673490638755
278785473885528
279664094442109
50310384331934
51974999612989
62619359076013
63255481514408
65016826842096
67584543432432
71807969660685
8116052263025
86643973537715
95905032322038
98621562645219
