103085675180984
103551587650793
107329767657033
119799526486535
121278146536304
127481579920448
137360158239559
137776141432179
139996296998640
147147985961269
147481017212907
152490816150604
174304987273842
18688869541634
190766636716021
200317706739470
200474441362416
206288872478624
206905386241491
213701364421685
220001831608486
229209715215904
23550055915243
236812774291239
242288302506578
242918521104940
246171109762169
256313142877844
268275792338021
268673490638755
278785473885528
40949139741232
50310384331934
54096599709003
62619359076013
63255481514408
65016826842096
71807969660685
8116052263025
86643973537715
89415193137663
93871273370550
95790199514243
95905032322038
96382871771313
