103551587650793
107329767657033
114281684459976
121278146536304
121483979658112
125414208188875
127481579920448
128971313438
130677919132583
137360158239559
137776141432179
138801669262644
139996296998640
140898520202432
174540412244147
18688869541634
187722248153231
190766636716021
197323828317837
200474441362416
206288872478624
213701364421685
220823903287099
229209715215904
239655364677707
242288302506578
242918521104940
245545037062909
246123319738194
246171109762169
259409237669232
268275792338021
272933633082294
35719387840192
40949139741232
44556439610786
46715432399941
46904970050013
53327579224729
56917008762082
7119915322523
8116052263025
86643973537715
93871273370550
95790199514243
96382871771313
99610486607812
