107860653556069
108170957416094
110910461708803
131979655825354
134632255767227
151508070943428
157310544915746
157687679407703
159918592545707
165991983806716
16787986784266
172577124087781
186095902690375
188643438332811
221966759100867
222831778784984
234520716305333
23463391709190
24072122252884
246807753043925
256199147049634
274290097774951
275421524867070
2755808233795
276981779850611
277409320524446
28848249376204
30033909465817
60220108213051
8407921198549
87067160542761
91926021987862
91932972848672
96345662459179
