1032379776
105200813
1057431478
1098224527
1106521619
143011403
1484911801
1611234974
1624954197
1839353198
1871210921
1918334169
2193044820
2243562364
2345926986
2379399145
2428483319
2452834343
2454181638
2457103209
2538791333
2565761328
2576531962
2724614419
2749252327
2762236228
2817302158
3064968983
3082928935
3129619862
3133433925
3293205962
3334373012
3407848257
3452500465
3470481450
3472902798
3505261734
3660443534
3667570127
3775940365
3785433301
3786821270
3829648260
3868447165
3959661258
3960856060
4057822298
415185107
4173044439
4174268767
417757509
4197116378
4204699788
4211423800
4282100740
432820146
452791096
471263683
619500807
639634905
816327961
902166538
958183043
