1005068402
1010784988
1032645030
110479132
1129339602
1161855640
1171188380
1214056814
1227207863
1288601201
1368370568
1427879147
1502494346
1556515074
166627844
1746453540
1801813248
1908038482
1910039593
1963508877
1974751292
204009951
2063339302
2071174113
2080372222
221873983
2322843395
2327136986
2490580628
2525332583
253902361
256424610
2617221204
2668756889
2730645419
28428772
2846337776
2855554481
2857051142
2858795691
2875179562
290846314
2973173003
2992232869
3082831485
3136411560
32153268
3244173607
3288049561
3337589330
3359391170
3360859280
3473160016
3496545347
3506592131
3565445082
3662874133
3734494863
3773747369
3783957187
3795572544
3865423865
3940678020
4011786063
406509751
4070112861
4128052789
4155029027
415804781
4159476185
4192238756
4204062033
421016080
4233845926
4239738685
4260013340
474347172
564901356
653080959
878133739
956494544
