112343072848184
118203047976082
123052228194860
123148558034433
126176655411362
126345216444555
129927246589578
12998258650945
130947511795069
132161387659701
134362150709758
136771629596753
144814271635605
150455422804144
152465401647604
153451379993944
155280106775601
156113586814958
158908456776991
159953918269525
163406860674104
170778290400958
171419138479437
172053096534692
172983664952189
181257280937667
181598823488999
182802781540326
184285697170147
187681546222280
189811891557155
190612004337601
195061131108706
19848154937453
200125312953086
200170799830521
20090492886586
204845326638520
208198118628108
208581547860727
210627627509924
21095858496282
211795243499846
214918198857290
215941457396706
216265682532834
216428597047616
219034395487372
223285423606816
226262843552846
229599597220493
231396465344591
231709169461259
231928588610277
232119714067224
238696372006942
239261790298101
24305669715600
244150411502829
264670486039610
265869311462810
266869748197542
270510373571952
276799985465601
279600388690144
280547702695679
30386338729491
30866954209503
38312523752471
40740646678695
41271502728113
47698528046989
58676904144641
66684167019096
71720698804807
73578359799758
78373725206683
83118953065437
84985237220430
8749112094694
89264724648449
9459505784736
98793105130138
99791019666869
99979895099782
