105835628702906
112343072848184
114671348333480
118203047976082
119624726949191
123052228194860
123148558034433
125222622574597
126176655411362
126345216444555
129927246589578
12998258650945
130947511795069
134362150709758
134421206066371
136771629596753
138600543519333
144814271635605
150455422804144
15135112714029
152465401647604
153228737538480
153451379993944
155693461127466
156191599938673
157262825851083
158908456776991
160999245799926
163406860674104
169248880165734
171419138479437
172053096534692
172983664952189
176470177465139
181257280937667
181598823488999
182802781540326
184285697170147
185422682851593
186174345163148
189811891557155
192714522087023
194258098543101
195061131108706
196728328920889
199653075951401
200125312953086
201523643168543
204845326638520
205960598917173
208198118628108
210627627509924
21095858496282
211898784672843
214883365053264
214918198857290
215941457396706
216265682532834
216428597047616
219034395487372
223285423606816
229599597220493
231709169461259
231928588610277
232119714067224
235516765112866
238696372006942
239261790298101
24305669715600
244150411502829
249894028508078
251285799869991
255344351077053
257459916113291
259261806321886
261763969866702
264670486039610
266869748197542
267429428485321
270510373571952
274221839083408
279144760916257
279600388690144
281304252324558
30386338729491
30866954209503
3518629836845
38312523752471
40740646678695
41271502728113
47698528046989
63877238008789
69220422067191
71720698804807
77573816687451
804453255475
80851009945971
83102671947497
83118953065437
84985237220430
8749112094694
91592403166453
9459505784736
97614531754460
98793105130138
99791019666869
99979895099782
