105835628702906
114671348333480
125222622574597
126176655411362
126345216444555
129927246589578
134421206066371
138600543519333
15135112714029
153228737538480
155693461127466
157262825851083
160999245799926
169248880165734
176470177465139
182802781540326
192714522087023
194258098543101
196728328920889
199653075951401
201523643168543
205960598917173
208198118628108
211898784672843
214883365053264
214918198857290
235516765112866
251285799869991
255344351077053
257459916113291
261763969866702
267429428485321
270510373571952
281304252324558
3518629836845
77573816687451
804453255475
83102671947497
84985237220430
91592403166453
97614531754460
99979895099782
