103551587650793
107873114937415
113494852238749
113904706023823
117627849285634
118847118554498
131265833524987
133021911874576
13681342485444
166066869718285
167266465326493
176785262613728
194597426078312
196640379261479
203145926977971
203577245593368
209508226998534
231463931967603
244226309640189
252624586423932
256184529630225
27313442267392
273633448047665
274601597212369
277314565146813
280469408768482
28970894760627
32044554192657
33252621835629
40910369231539
44237582787590
45587379142220
47141253393207
54654681170703
62719954535560
63327148843005
79347214900694
9287195824078
96164615851521
99381057498419
