10240625507716
104321664443263
10758280226750
10905213269679
114062473644734
116676237681570
123621915489817
128962863544359
129950478097841
131935651655483
134460049880401
13601451416815
136648882733499
154185501003079
158904067847008
166858115220171
168597242065059
183055890770793
183463792166727
184857808028165
195904904900661
200260710570262
210942553705122
214653548705706
222881805776470
232012663760340
236087540813175
244391166083373
244433326111746
249845956083610
254303588521444
259565477162257
270575818663743
29742790838834
31652651698136
32651061522680
35150201229645
38939641084948
42310607233166
58090987923905
69363872977005
77846446986667
78496550008444
