1022856428
1139501599
1176344413
1177361166
1179928017
1198029009
1250669820
1254332366
1267381191
1467167781
1498963501
159653244
1632973960
174351207
2019324142
2026248231
2170021530
2345893084
2368956379
2479310365
2534754341
2563697826
258365624
2620757119
2697657040
2702065524
2738280073
2791839864
2844345083
2854209964
286167559
2867391058
2974795059
2985370619
3231368375
3249430149
3339562828
3434775932
3444304053
3521231226
3570950016
3580734444
3704665797
3714579645
3760495668
3774520219
381749147
3831193790
3834912067
3859728223
3866070745
3919122259
3998489594
4131261143
4218458141
606925091
725539367
755496816
758888113
795233768
800440565
97959515
