1059781853
1069862623
1092323242
1111972935
111493190
1126857465
1153877472
1199831423
1254698205
1449241934
146297728
1499519945
1509847045
1583805112
162938746
175189919
177663653
1802732389
1891099427
1976678506
1998703507
2011965417
2049624340
2148639140
2214947724
2252622930
2277800738
22918950
2409275020
2492181669
2521480287
2554355382
2565245001
2586357116
2651792181
2734002486
2811828426
2822915711
303578616
3047012207
3089396580
3094809081
3113503641
3126015366
3126422565
3147446009
3263376553
3285679197
3301761227
3321988700
3431548615
3464827684
3498211450
3517561793
355939384
3561757708
3670288193
367659575
3699272010
372338779
3745561506
3852959121
3871787233
3920148621
3979332186
4001147997
4005086833
407043597
4095212369
4154084030
4155729283
4208281437
4252639057
4262055014
4281019823
503653382
515798526
530569576
543478136
54631060
565013983
588880685
636157579
684595599
788192982
816005833
834245719
880946425
964800889
982100318
999674149
