100061417147981
104640305798390
107157258716055
11259479785916
116839102568106
122923082958614
125676372895356
129310593474473
131063550990088
134495502217373
135194962082430
144565901192601
148826832046896
149432429031786
158904067847008
161659663589558
165312455327375
166387262169471
172476478277877
1733048865240
174950392484972
181975655761964
188057399743441
194310735421871
198812193598652
199386342952510
200984158700867
208679010699942
217423486201389
218614191057930
219862648053267
222280392251147
227405573451036
243035698405826
250620841755695
2549896080811
26350723724688
2647649182978
266406744086592
271327723780893
276210236200426
27968022020419
28845850195763
40871097501245
44378084933112
48310606201355
51650884127182
52200811068812
57057092209985
58106672026268
61110322180277
68965795389191
71177866206696
7564772902971
78199672111713
78213002563729
83930196007014
90911034154103
92109742296202
92227004725337
94588470118351
99247825139481
