1012899490
1049488670
1061144502
1083719061
1104159005
1148440565
1157543731
1332765958
1347372562
1390996558
1409956620
143123682
144843389
1513991106
1522601850
1525582466
1531229199
154289325
1597224704
1598155195
1656229627
1735297723
1770151211
1874954990
1931478506
1957617896
2134275973
2140204238
2187503925
2203570787
2205042944
2256170104
2356051416
2433725408
2448801670
2513381360
2595685931
2672264850
2723371836
2749403504
2771639998
2849669039
2914637647
296819143
3000686482
3000976729
3091354113
3102619570
3121599650
3129109781
3173437736
317947082
3401387
3408010274
3411043693
344201888
3466770063
3531798228
3535800656
3554338157
3589624177
3594188419
363005429
3656124508
3682520949
3688582011
3714980922
383368069
386384810
3900396168
4052932681
4071618772
4098930759
4127857396
4158570029
4196185010
4255673337
467704318
486560883
488523529
573149387
597770634
628360882
751996693
766474506
800895170
844952112
908713667
915373747
982041853
