1024821820
1034979187
1066814960
1163351781
1175018348
1199543426
1398625556
1531162617
1658406844
1722175915
1769488907
1816113506
1867577982
1927892826
2108426059
2175297887
2177648075
2213430481
2221473999
2237185771
2278869308
2290430334
2341042186
2431624625
2451204573
2730155157
2779883154
278543646
2838323977
2838600374
2860881468
2947834839
3099415078
3108046751
3300089611
3354585436
3418576508
3498725309
3634160991
3834948854
3909151067
3966752488
3969834376
4075771154
4244922190
4291570860
438338944
452214474
457942809
467490288
620290924
63014000
745882088
916843140
985506359
998472274
