101622980019261
102458687744512
108410403951483
122333231343779
128589158208522
131329260547825
132566938580496
140428497627925
146894703159950
160746651710237
162648078035514
166134712177339
17121802726063
174521847389076
176130546090116
178844416063350
187610361055810
192388982967634
20425406444656
207516098251708
208637832575964
21149796206887
214670829761004
217468047885400
220971179228227
221964042579429
225535577848794
232351040519789
243025406733852
249399499594761
251501985864966
257146463243264
262002801934889
264491147331844
268707962499330
274332537969082
279144760916257
40619508560299
44713001801150
47067644429708
55573879641440
56876611679914
58923159812858
61841449704144
6693333119125
69379107452363
70285016366011
72314938049127
83047405109371
84470788651699
93561384620195
99003897689285
99399435595222
