100079080043906
101073143576706
101782827299083
102043150126734
103783279783307
104006222263832
104934752268415
105481487477352
10822583777946
108513169678556
109842985881927
111039480649659
112917187342755
113364127265992
115826092402338
116075381914098
116570141116991
120710097856623
121700613217086
122380081466599
12319520560139
123604486832303
12398202358954
12468588258228
125611225113940
1267918954349
127926253651811
128737748315457
131165766218860
132292813745115
135023155747518
135357853489816
135696518807374
13593408422008
136243345372962
136960913482212
13739984026260
138175410142477
140279864092384
140995343613229
142572994664429
14505124359144
145445196000814
145932566382542
146128049863571
150291795909009
154266259015736
155016655205781
155067989989893
155258601763093
155504085994188
156601694720824
156727021301480
15699051307202
159524409350470
160019526695722
161113053951346
161147443755969
163212263732549
163508423162648
167383926539685
167394849769640
167510132046347
169368019771556
169578360954002
172070453086845
172708723918081
172825096911668
173180675363447
173255877888326
174502716336188
175464376432338
175756066370135
176048323493613
17719312417297
177321707066567
177451988959225
177510446788516
180211108627087
181279045081398
181434588711924
181530980956752
18302687860850
183049908375783
184238821105934
186552645168032
186931787498345
18713216511844
189661812248232
190851995784346
193299053040391
19630334165006
197568096099066
198583106147211
201974050716166
202052304881513
202565454923611
203564565877685
206144939334069
208491865038394
208958492551942
20994193991771
210089672772648
210116718200534
211324704226875
212379264300583
212392593187076
212742390286243
213681372650479
21372502369514
214625905403879
21469203499568
215279138821298
216500517530584
216906134313782
220015618066609
220561086492123
221988080808596
22251665183505
222700618788675
224103415964434
224532498123443
227905113718771
231262094508147
232334200235952
233889407305412
235698681896827
241170860917840
241663595098443
242027061962010
242393360546245
24315411924335
243386282332197
243713444196038
245524554802124
248142911301140
250238699120914
251131403082510
251884049853612
253342510570903
253826315938599
254173587586672
254471809080478
257853683787630
258357831973063
258390997680050
259438387495312
262605350707506
263872618423314
267571294744591
270565106225029
27068272978268
270709691378450
271670263340279
273012288307249
27346304912585
275248455982373
275934877857594
2762444217151
276316989353212
276411677090787
276524846374421
276749177361388
277673125090191
278182714028928
278394195338390
278815228012265
280058149133696
281051185034902
281456913311387
28250675342827
29557008877437
30157899800630
30589440491564
31217270602458
31812563445102
32192519088249
35037471247652
36047685621941
36113643377790
37461653922070
37658639680298
37928801439109
41968074253806
46915551711911
48721823512079
48762062798665
49459659138008
50098736365883
52008553310803
52564766277957
53069365868733
53814622347278
54354265345713
54982815689469
56009125749143
59310318598404
63795658615418
63911429846538
64669420215898
66071776762318
66923677396227
67986428024851
70203470243365
7222088944183
72809456274775
74288389790533
76466286486690
78567516150666
80196762773271
80361814730151
80479913863186
81095009968138
82435331788876
83115032131092
83583295284418
83585815906944
84954505870364
86716618836914
88446875333900
88834226037320
89194537573201
89207757844285
89707128683650
89790512671824
9083228910126
91191212138353
9149744025797
9165751917240
92395732181934
92889995581022
93252720734558
95992805656117
97124797161025
97384012504010
98406997631906
