0
10
1000
1024
1032
1100
1103760569
1122306134
1132944166
1133436756
1133909225
1134018201
1134413569
1134421833
1134538108
1134655509
1134893620
1135331763
1135854705
1137621044
1137651152
1137666729
1137678512
1137680921
1137681479
1137692549
1137829021
1137882610
1137900012
1137908059
1138690373
1138780324
1138960910
1138974676
1138977909
1138980912
1138985322
1138995187
1138995453
1139053268
1139053322
1139059543
1139063228
1139071283
1139074911
1139111463
1139114799
1139168876
1139209080
1139245839
1139249294
1139253662
1139258274
1139260268
1139306827
1139326234
1139326838
1139343079
1139344326
1139353547
1139398597
1139496340
1139614619
1139631058
1139635798
1139656757
1139817891
1145071938
1145124617
1145130199
1145523506
1145532713
1145547745
1145550054
1145567552
1145593736
1145594219
1145673006
1145729550
1157754339
1157824393
1157846149
1157857572
1157909393
1157997473
1158001329
1158003133
1158004988
1158007372
1158017684
1158021790
1158031398
1158037220
1158045234
1158046867
1158060638
1158065076
1158085994
1158099819
1158101372
1158114587
1158119186
1158247459
1158264763
1200
1210392020
1248103490
1290
1300
1343049053
1500
1519404721
1536
1736182156
1883515968
200
2000
2092686664
2488560144
2500
256
26
2906858987
30
300
31
3205930904
3235189431
3289697959
3292816154
3292856665
3293328557
3293726428
3293894340
3293948252
3293977844
3294052951
3294201611
3294235088
3294330352
3296613114
3296745964
3296756533
3296887874
3296892636
3297047808
3297172826
3297200339
3297242905
3297408182
3297497278
3297828280
3300026924
3300052049
3300098995
3300259224
3300507196
3301929746
3301968639
3301997780
3302047473
3302086429
3302269612
3302278873
3302280094
3302307800
3302337440
3302342935
3302417926
3302557550
3302674952
3302677751
3302852915
3302875462
3302886633
3302891819
3302919083
35
3581491891
37
3726842035
3874771943
3927464325
40
400
4157166859
5
50
500
522
55
600
652688835
700
768
800
845098615
899845787
