103551587650793
105901279840054
10946220884196
115687094746765
122015415621521
122794249586238
127881674520559
128384436043155
129122464804479
134907733202044
14069904407942
150820820706636
152982190038227
155426055352377
164588510908301
165786648677037
175527174247257
179249879080425
179895399900183
180338431045238
184397269256443
188091491127317
194155743273753
202427956554427
221565752596587
226339844311025
228049503857743
228474196153848
232522437957067
233037637316038
238420854942336
239565708971120
241367805248921
244115637438959
262223228897032
263965098863543
26613033388596
272016656591506
278228800335503
30361929202700
30950307002743
31994501028000
3517584841076
36344364862223
52763026084451
58634417540612
63412776647858
69892159943268
7056732908882
74076843445540
76634694704237
76693721355248
86404513736447
97723515320970
98866426830209
