103551587650793
105901279840054
10946220884196
122794249586238
128384436043155
129122464804479
134907733202044
14069904407942
152982190038227
175527174247257
179249879080425
184397269256443
194155743273753
19919296419540
202427956554427
20713264604892
221565752596587
230954010032016
233037637316038
239565708971120
241367805248921
244115637438959
262223228897032
263782779853955
263965098863543
26613033388596
272016656591506
30950307002743
3517584841076
36344364862223
52763026084451
69892159943268
7056732908882
74076843445540
76693721355248
76893008569467
