0
1
1457258675
1458897015
1618018423
1618018483
1618280567
1790771379
1791164535
1908146295
1908146355
197001335
198508723
2079522935
2079522995
2080047223
2237333623
2237333683
2578776183
2578776243
262013047
264175735
2705129591
2761293943
2761294003
2839281783
2839412855
2874540151
2875261107
326238327
326238387
3347316915
3347382391
3347578999
3347841143
3474325623
3474391159
3474391219
3503161463
3623682227
3623878775
4080271539
4080599159
4080730231
441974963
634192051
634388599
778174583
836042871
836042931
