1049185134
1065127508
1107454791
1188744846
12287384
1312417550
1340378040
145450499
1526821399
1545798886
1553866649
158830946
1729879898
1781072570
1867269284
193500775
1963850525
2092024128
2163274534
2218282969
2245904527
2256712011
2350261791
2571191839
2614501669
2634910808
2750520216
2779214846
2862905250
2945461571
3040563114
312414882
3134726030
3180009801
3188658638
3200207697
3204924692
3246393927
3254970788
3272578676
3410687457
3448465200
3576048979
3600487099
3684679800
3801733581
3870579379
3890905858
3893827614
3918590597
3940252738
3968816096
4051544939
4120552165
4253859178
495361192
647722476
654523876
670971172
681418106
752634775
77403254
823087249
966417014
96725146
