1094659944
1134110663
1147074588
1430556216
1450248520
1487242914
1503240349
1538425549
1587889342
1596757542
161200468
1660806646
1684479120
1730709972
1878735997
194940636
1976339458
2002104503
2006409729
2026014860
2034964529
2088002240
2161179610
2175774612
2314081608
2382398719
2470051712
2486384404
249838741
2611563501
263083206
2749993063
2799460185
2820351344
2919609511
3012904121
3048424819
3195611219
3210782250
3248430948
3363013645
337491371
345279960
346179758
346956752
3607640226
367964397
370918766
3739299565
398447019
4077700684
4081516048
4170822723
4262612432
58494224
615071806
756648514
776606034
824024801
831611404
840988114
857883572
905178434
934536611
