1018283934
1048918557
1060248244
1063430616
1089996408
1105222797
1153793608
1156394477
1172751529
1189960709
1209597793
1247261286
1275375479
1278002218
1297073502
131446657
131446685
1329761213
1362407670
1416753587
1421585107
1427323632
1463391275
1463391278
1498523234
1508170366
1531167681
1531167684
1533496616
1555493858
1578875426
1601042159
1632153301
1637413873
1670363931
1695093042
1701798011
1702856629
1709327813
17582484
1767654016
1812406161
1844958735
1903626220
1917963540
1920403787
1941379026
1967865026
2034681271
2035581337
2079845407
2118582581
2162582754
2165705397
2191189408
2247897819
2252516779
2274982911
2280026104
229110504
2303982550
2305815937
2306435974
2337872658
2350127816
2385939859
2403515501
2442813060
2509959691
2517669693
2524246583
2577571825
2582611514
264968870
266558585
2668029725
2690456104
2711402200
2721069647
2727143172
2739292788
2773211507
281658812
2880006684
2894919512
2906446710
2927273257
2979283343
2981490176
2989140576
3005757085
3012743855
3046696541
305729879
3083225951
3090692362
3107009506
3113676018
3126509163
3139727757
3152739337
3188303862
3194903696
3194903701
3256800243
3319138493
3388649371
3390416806
3397847398
3453465402
3483190722
3484649010
3484649015
3488586052
3509197127
3510804992
3511658798
3514774447
3526535236
3527582831
3536506217
3541108918
3545213958
3545213978
3590456183
3592097973
3633524921
3643563716
3645543840
366333329
3665524674
3701454609
3701878347
372306877
3726116234
3730186391
3737846363
3762497786
3777240065
3850200725
3888467660
3899955123
3952299685
3973929738
4003514116
4011538511
4017977029
4043782068
4066472229
4082783752
4170696756
4191629654
4561404
499326473
549713952
552711584
62327693
681879798
70622406
748843066
753474698
762452188
786866379
78753180
790575721
790575724
914522664
953951093
95530987
965574972
966016366
982793925
