1000113356
100345078
1005418224
10056457
1005915027
1007247990
1007619884
1008684240
1008819452
1011486079
10130982
1018208433
1019350026
102071432
1020799356
1022629882
1024171198
1025479017
1026825744
102719536
1027499976
1027523083
102817420
1030102371
1031645931
1032063058
1032696228
1033410184
1034266093
1034914224
103683594
1037042324
1038834718
104137266
1042431719
104298505
1043106882
1045810909
1046531770
1047035426
1049300520
1053298491
1053422234
105392113
1057050322
1057830075
105911416
1059327133
1059357589
1062953740
10651684
1069259671
1071866262
1073184946
1073398610
1074705195
107539838
1075993619
1077177982
1079091353
1079824868
1080998850
1081376145
1083075636
1083963133
1087295648
108752911
108962089
1089806375
109095772
1091614144
1091793139
1092541632
1093670834
1096200674
1098715952
109954785
1100930614
1102599084
1104647057
1105028810
1105231733
1105283997
1105664121
1105747257
1114649275
111846867
111916246
1119166143
1119245907
1120570144
112130729
1121969383
1122117190
1122173628
1122576336
1128020098
1130432828
1134872590
1137659861
1137813949
1138866885
1138890466
1139296073
1140526340
1145935342
114923506
1149527029
1150310359
1150433864
1152570364
1152700187
1155767852
1159142868
1159700646
1160139631
1163133609
1163930509
1165569787
1166303967
1168969428
1171960414
1173369077
1173710295
1176750496
1177867160
1178263662
1178575122
1179210844
1183232998
1183770787
1184307730
118432392
1186582109
1188309809
1190127273
119176846
1192237231
11934472
119352478
1196119365
1196255942
1196740815
1196916888
1197023521
1197274138
1201939258
1204498378
1209016090
1209621320
1209813938
1209821605
1210358439
1211813156
1214868517
1215201534
1218199771
1221285961
1224579289
1225448526
1226892560
1227943521
122875126
1232791962
1233941590
1234925922
1239413398
1243204693
1244987063
124587654
1247621173
1248134486
1250356923
1250982588
1255903606
1256625063
125969894
1260822738
1261381452
1261624350
1262014112
1262161050
1264135803
1265728538
1266721014
1267066180
1268155197
1270448051
1272081945
1272823059
1274381902
1276362283
1278134757
1279215719
1279480284
1280933761
1282081431
1285185018
1285961214
1286064506
1286306034
1286796108
1288461488
1289253690
1290174206
1290886833
1292134458
1292857204
1293065134
1293773969
129573725
1296271200
1296518562
129668819
1302422787
130353139
1305302867
1306431005
1307407583
1308681832
1309270332
1310864776
1311879038
1312821793
1315784425
1318291644
1319437448
1319953580
1320418891
132184837
132722565
132755820
1329504930
1333081924
1333211469
1333221584
1333696278
1335059373
1336798176
1337481185
1340510063
1345958892
1346864153
1347720269
1348394493
1348483618
1348901689
1349728711
135009085
135019412
1350288040
1351443262
1352517358
1355906763
1357969391
1358601107
1360324603
1361088906
1366819147
1367242346
1368600855
1370817858
13714186
137151343
1373411883
1375368619
1375818001
1378122557
1378724906
1382961009
1387671725
138876123
1388770251
139205480
1392999570
1393739918
1394074174
139600536
1397924470
1398272615
1400386689
1400938607
1401785401
1401976546
1402908371
1403601921
1405493577
1405609362
1406121009
1406632274
1408967013
1412523427
1413818688
1415616744
1419154297
1419353947
1424184730
1426022773
1427433771
1429239592
143188707
1434429259
1436726463
1439948062
1445071792
1447268803
1447594821
1448252707
1448404619
1449350560
1451719723
1451918228
1453281686
1454941623
1455173587
1458739666
1459381121
1461170191
1466002050
147073917
1470743409
1470969400
1471632608
1472016063
147309142
1473369919
1474441042
1476374036
1480509553
1482144654
1482550312
1482903768
1485292413
148560017
1486824474
1487016763
1487570411
1488382760
149308136
1493303754
1493696830
1495081625
1495330091
1495651846
1496892866
1497017275
1497246251
1498419925
1499253191
1500020521
1501744016
1505105111
1508918149
1513062377
1513204062
1513919925
1514505311
1515258648
1515322886
1518642735
1518714007
1519014285
1520811815
1523094122
1528545284
1532303878
153515346
1536417385
1538362871
1539226604
1541260309
1542375390
1543642913
154409143
1547838508
1549930290
1550019804
1551625945
1554311658
1554544763
1554975264
1556415665
1556779614
1560549675
1566645399
1572431747
1572444690
1575280619
157619570
157645898
157737701
157933960
1581016094
1583680595
1589520746
1591258131
1591537652
1591605255
1596877465
1597511609
1597533052
1598637449
1599723548
1600711311
1602225135
1602938233
1607403542
1608188817
1610164877
1610326165
1610900855
1613466087
1614137146
1615468629
1616693466
1616958087
1618305876
1619264517
1622296351
1622734699
1622878253
162502415
1626340760
1626599699
16298761
1631231101
1631628216
1635451211
1642301140
1644672859
1644754271
1647464819
1647806069
1649028358
1656636595
165988041
1660007559
1660193983
1661223823
1661323659
1662040757
1663262423
166353974
1663874157
166417539
1666628015
1667165811
1668815994
166980290
1669944011
1672548065
1675023205
1675280033
1677302122
1679494758
1679980322
1680074676
1680937098
1681081575
1682137680
1683726381
1685699453
1689001424
1689563307
1695896678
1697998662
169964223
170059717
1700685578
1701737132
1702927031
1703309982
1704936276
1705760814
1706648674
1708697260
1710080646
1712048283
1712707181
1713094635
1713676247
1717176534
1718019126
1718231539
1719788743
1723187416
1725590350
1725848365
1726656018
1729326966
1732016109
1733121827
173381874
1734689754
1735860165
173799595
1738759759
1739704438
1741602125
1744316108
174644347
1753677866
1753832982
1759109227
1761419483
1764612332
1768198912
1770285373
1772113293
1773852368
1775620996
1777022011
179013702
1792926847
1793260747
1794283745
1794670757
1801320542
1808171662
1811839271
1813195654
1815135349
1818158196
1819473222
1820206616
1824384771
1824638984
1831443726
183221654
183408245
1834904635
1835399555
1835464524
1836079817
1837049957
1837549608
1838931334
1841136367
1845298823
1846320542
1848036692
1848872203
1850303042
1851089838
1851999315
1852028673
1855694081
1856944521
1861173954
1864102538
1864362751
1864472117
1865562087
186721637
1867414518
1868251198
1868695390
1870182803
1874681628
1875932794
1878962772
1880826750
1881459600
1882122871
1883790912
1884005516
188435958
1886594239
188960773
1889703680
1890329458
1890412863
1891213097
1892751914
1893200294
1893571506
1894497668
189459240
1895282375
1902443785
1902804956
1905643830
1907420332
1909797487
1912862216
1914154632
1916619428
1917870507
1918645578
1922624533
1922884491
1924280285
1925613659
1926518367
1927556142
1928579164
1929225832
1931172598
1933632479
1934668776
1935872730
1937420051
1937782893
1940507578
1941559949
194656523
1948053478
1950615742
1951234903
1952094088
1952539139
1952718910
1952819906
1952965891
1953070739
1953654745
1956221682
1958472142
1959599236
1959795367
1959870580
1960414808
1962594991
196279975
1966265013
1969549400
197107802
1971250963
1972265236
1980638795
1981964986
1982022662
1985877177
1988565903
1988673248
199350595
1997306983
1997795657
1998429187
1998530177
2002315579
2005512007
2007136063
200716395
2008285079
2009439599
2016487387
2018247768
2018958735
2022528039
2023579625
2023744551
2026401588
2026412530
2026569293
2030404402
2030991321
203161541
2032442365
2034246053
2037008370
203719796
2039410800
2041953531
2042639685
2044942419
2046551380
2046669512
205074484
2051435206
2051950131
205275122
2053907720
2054685514
2056408507
2058361502
2062549826
2062580725
2065868571
2066521757
2066558546
2066861601
2070213898
2073781761
2073854969
2075489725
207793280
2079199638
2080160222
2080869354
2081343742
2081803334
2082228999
2085105856
2085645968
2085730068
2087056295
2087213104
2087939290
2087999204
2088115422
2091113038
2091194863
2091782425
2095093538
2097411562
209872898
2099339587
2103724610
2103859891
210601011
2107441098
211018668
2110847098
211260102
211377298
211662005
2116680242
2117499112
2121382113
2122747772
2126431573
2126896254
2127732103
2129298409
2131949232
2132338875
2134007152
213523744
213676226
2138020072
2138371133
2138719224
2139027110
2139076106
2141659237
2142360465
2146414606
2147050555
2149414600
2149688882
2150517640
2150768738
215317659
2153294212
2155114224
2155671550
2157081801
2160330100
2161767105
216195441
2163270802
2166523215
2168297609
2171041460
2172566335
2174407158
2175128276
2175317823
2176105386
2176357396
2177488963
2177696417
2178049904
2178284826
2178497363
2181042984
2183405481
21847090
2186501430
2186625836
2187770108
2193518836
2194293376
2194527454
2195545823
2196231174
2201117908
2203450431
220374939
2203934449
2204338124
2206038815
2207148976
2208483391
2211458045
2212206354
221462808
2214944081
2215410341
2215818647
2216670134
2217221726
2217926133
2218971099
2219327960
2222479723
2225722609
2228000215
2229480353
2230877357
2231196455
2233493332
2235945729
2239852948
2241151949
2241292577
2244746527
2245842089
2247612848
2249861202
2251605224
2252872861
2256017568
2262157453
2262543671
2262555644
2263255955
2263852508
2265657667
2265932288
2266020488
2267079547
226890206
2269345905
2270816527
227086147
2271960325
2272278974
2272357562
2273492844
2274030413
2274639035
2276093205
2277691629
2282105466
2284665010
2284924587
2285579518
2290170267
22901933
2292214890
2293692873
2294682017
2294721650
2296866531
2298113946
2298238582
2301129594
2301949539
2305227285
2306496093
2308366262
2310251494
2311921905
2312163255
2313908710
2314667202
2315292324
2315322462
2316778288
2322093823
2325168056
2325845373
2327269346
2331649930
2332034954
2332815852
2332843556
2334928305
2338987276
2344077736
2344420063
2345614656
234605322
2347484824
2348156995
2348744161
2351711701
2352024130
2353552950
2355370249
235775347
2358728473
2358784586
2360668280
2360773983
2367047780
2369800547
2369967212
2370762737
237146495
2373301805
2380461960
2380609084
2380663156
238212196
2383242480
2385142868
2385157624
2386492966
2388517959
238912870
2389926207
2390919281
2391035542
2392101565
2395862606
2396937975
2398546155
2400656292
2401400286
2401843980
2403630443
2405838841
2408786735
2410647943
2411181088
2411600934
2413861996
2414203761
2414541161
2418952956
2422814334
2422844778
2423131417
2424162142
2425332451
2426410743
2426422898
2427061924
242726347
2430236303
2431707220
2431947848
2433095368
2433468492
2433743489
2433778102
2434238154
2435197663
2435648612
2436229685
2436851800
2437412627
2438975950
2442798861
2444365911
2448936634
2449787471
2455051862
2455861736
2455967386
2457264228
2462394119
2465092957
2466307025
2470332289
2470971871
247236389
2472625529
2474529662
2475750107
2476184394
247686503
2476972735
2478675597
2482867577
2484157493
2484382281
2486025358
2487252805
2487968783
2491300817
2491942085
2492181348
2494812973
2495774527
2496106960
2503709107
2509365413
2509762093
2511709231
2511959228
2512745547
251357139
2513983931
2519474418
2524666501
2525319751
2525756921
2526563497
2527796599
2529250729
2530212253
2535614366
2537200069
2537636225
2537953637
2538363509
2539443232
2540897335
2541614292
2541729766
2542534921
2543319607
2544394446
2547059953
2548759136
2550187921
2550260729
2552891925
2553039788
2553619320
2553971372
2557652875
2557944744
2561704673
256605317
2569757529
2569871739
2570196468
2570629922
2572326378
2573127775
2573189256
2573841172
2573925553
2574313940
2575413946
2575798371
2576133844
258116611
2581792718
2581931839
2581994468
2582770748
2582998388
2583494674
2583573139
2585420895
2588524633
2588535444
2589069768
2592804100
2592992214
2596793640
260207458
2602503161
2605911305
2607428587
2608305468
2610899580
2612293586
2612543415
2614672911
2614722172
2617712992
2620520291
2621855666
2622329759
2625780065
262752444
2631945282
2633560292
2634447330
2635312170
2635956700
2637081976
2637516332
2637669849
2637926675
2638655074
2640239759
2641521833
2641893626
2642149398
2643675192
2645052892
2650896862
2652298114
2654137266
2655464336
2656262560
2659241184
2664187794
266540093
2666959862
2668205682
2668888426
2674703089
2675982925
2678084556
2679666682
2680936992
2682740547
268359718
2684025693
2684439986
2685108864
2685659684
2686548903
2686982395
2688823883
2691143634
2691200592
2692171124
2697187843
269741239
2697865350
2700484891
2703499900
2704509951
2707805290
2708101988
2709295318
2709599211
2709752060
2712063368
2712876765
2713033863
2715769825
2716829664
2718612795
2719202615
2722278103
2723770846
2727305958
2727783204
2730222384
2732114219
2732349234
2732563227
2738905498
2739508090
2739727273
2740948017
2741744897
2743798054
2744561876
2744665683
2748612397
2748665838
2752288632
2759069178
2760501924
2761821875
2765811482
27675058
2770890472
2771348204
2771685411
277230419
2773212800
2773228043
2774133930
2776224285
2776976561
2778912644
278010422
2782022581
2784150616
278457546
2786578792
2786612567
2788019831
2789537287
279751067
2799187685
2804218940
2804708506
2805679148
2812182564
2813355832
2814466683
2814611608
2815905248
2817050090
2819216609
2819827632
2819857805
2822168077
2822415599
2824531799
282592341
2830238014
2830685927
2833269305
2836383636
2836999173
2838998569
2841815506
2842156233
2843306091
2843385055
2847689801
2848058292
2848661971
2848879487
2849273493
28507170
2851411543
285448980
2855500852
2856091728
2856560023
286059854
2861353982
2861434221
2862032217
2866739167
2867817937
2867999356
2870080963
2870766479
2871127481
2872726026
2873537942
2874322070
2874395806
287534
2877311910
2878441440
288183318
2883287001
288343317
2885285648
2886039742
2886184304
2888892574
289011053
2890490098
2892206802
2897088168
2897743377
2903500799
2904412966
2904583313
29048380
2906603334
2908532286
2909974737
2911344141
2911685892
2914468296
2914676936
2915447502
2915682377
2916578986
2918157121
2920469526
2922792042
2924879598
2926699994
2926828234
2931578869
2933800454
2937830286
2937936473
2938957224
294040989
2942937676
2943178228
2944289792
2945548934
2945555036
2945845000
294668082
2949246512
2950511580
2954473504
29546608
2954909281
2955177653
2959844389
2960169099
2961643580
296378660
2965412566
2967121701
296743857
2967764787
2968497957
2968720938
2971145338
2971205024
2973205419
2973378284
2975479565
2976805282
2978155452
2981193375
2982386619
2984649292
2987142388
2987682055
2990067405
2992651504
3001196882
3001824529
3002694074
300827127
3009674530
30105701
3016793604
3017375637
3017678703
3019186888
3028184495
3031777151
3033182165
3034717490
3034728573
3036370984
3037607752
3039471649
303968195
3039702703
3040208990
3040949224
3041174413
3055892083
3058167045
305944916
3059553564
3061511156
30638038
3065794731
30660567
3067081880
3068209365
3069673102
3072204870
307373053
3073971034
3075741321
3076776241
3080437819
3084010790
3084101194
3084197123
308652414
3088868936
3088954985
3091485560
3092391595
3093677924
3097241976
3098729438
3099427028
3103357485
3104761265
3107782375
3108889878
3110171267
3111290298
3114392723
3115050522
3115154442
3115967422
3116091945
311819608
3118537249
3120521892
3120529718
3124723611
3125642584
3126323320
3128083291
3128286582
3128638947
3128912969
3129697848
3130734636
3131768208
3131816139
3134017930
3135057636
313694604
3137734702
3138670069
3139408247
3139774824
3139873024
3140530526
3142124816
3149127926
3153645296
3154006199
3154113105
3155071668
3156875253
3157714572
3163567511
3164205854
316505639
3165484140
3165602702
3165680711
316575820
3165803308
3167367005
316759666
3168832920
3169181901
3169340649
3172322860
3173374673
3173437705
3173697448
3175002119
3178031684
3180845708
3184009034
318556073
3185727129
3186086824
3186183864
3192462968
319412037
3194278655
3194469901
319722377
3198502952
3199054340
3199656966
3202274679
3202735157
3202825826
3204886428
320830799
3209692333
3210977503
321177671
3212417118
3212938813
3213208834
3220602131
3221381594
3222283613
322251791
3222559498
3222591591
322544179
3228973027
3230986028
323233142
3232965612
3235264577
3242126111
3244646639
3245954175
3247931204
3248746520
3250068127
3251151081
3251646813
3251792337
3253309473
325423184
3255036227
3255125095
3256084629
3257528290
3257919725
3258681577
3259519369
3260499288
3261235125
3263209779
326860503
3277077717
3279066288
3280590168
3281195853
3281896172
3281964503
3284429338
3284885697
328492579
3285817891
3289061543
329094451
3294224459
329772934
3298842508
329990810
3301235028
3301279371
3301419720
3301438240
3302342953
3304342101
3304834454
3306451164
3307838408
3308076953
3310836661
3310930226
3312672703
3313404645
331698667
3317479350
3320654565
3322823300
3326241966
3326970078
3328649452
333045844
3332558656
3333318909
3333854679
3334705657
3334910277
3336310692
333807942
3340966506
3341378106
3343249757
3343723539
3344200479
3345027583
3345455686
3347659517
3347963038
335240865
3353080604
3353322844
3353480329
3353707446
3354361789
3355369360
3355936476
3356043322
3357536302
3359107618
3362032259
3362541161
336274363
3363181354
336329660
3364901749
3366885883
3369951068
3373148888
3374589934
3374964640
3376806944
337763876
337784521
3378005605
337807545
337891694
3379500778
3381888839
3382067395
3383917189
3386319327
3386877075
338775482
3388205507
3393343736
3398241260
3399279860
3401502499
3401868230
3402205450
3403891888
3404330502
340513224
3408936108
3410361387
3414061539
3414507932
341981003
3422205695
3423941823
3424485297
3425860985
3426040042
3426393846
3427221306
3427746581
3429598837
3431093728
3431330438
3432187639
3433994403
3434061542
3435816918
3435831637
3437330516
3438371829
3439793214
3441413419
3441874926
3444046487
3447094280
3447272686
3449019831
3451739735
3453503292
345913431
3461828310
3462313102
3463137232
346316902
3463745177
3467178428
3470506575
347112502
3471513718
3471772746
3474322501
3475659016
3475927102
3477389726
3478158421
3481763367
3482598741
348443693
3486111715
3486413855
3490019412
3491253249
3495900814
3497941704
3498557816
3499099945
3501210458
350179391
350236461
3505049542
3505583507
350572486
3505886130
350667482
3507867617
3508056385
3510201577
3512145067
3512941535
3513501206
3514258899
3515957092
3516551358
3519128386
3519375119
3519584577
3521714751
3522439248
3522450392
3523365329
3523453637
3523553176
3523592182
3523690787
3524625369
3525227369
3528039857
35294201
3534097132
3535261645
3535560348
3536844693
3537028287
3537621318
354056598
3541960950
3545384630
3547402406
3548843641
3549672613
3550433517
3550740038
3551941112
3552370656
3554407592
3554448558
3555359940
356185208
3564092545
3564756009
3564805032
3567884935
356855519
3569354048
3569496032
3574364817
3576929232
3577081627
3580368754
3583718760
3592065069
3592185448
3593401596
3598099201
3603760208
3606090344
3611098130
3611220961
3612636158
3617292890
3619234409
3619493843
3620142388
3622659620
362520784
3626984942
3630415652
363125210
3631799790
3633139295
3634881662
3636008215
3636771444
3641244156
3642904396
3644969865
3645789683
3646590607
3646840035
3647849547
36507065
3651460060
3652224330
3652820714
3652958916
365302143
3660976029
3662387986
3663364427
3664429506
3664582806
3665447592
36655336
367275479
3675678455
3679511955
3679904468
3681399353
3684203619
3684365859
3685452817
3691374274
3692560471
3693425941
3697125442
3699466513
3699803428
370043894
3700739847
3700816431
3701434331
3702846011
3703149024
3703540473
3704452470
3705025665
3706492817
3707009539
3707881084
3710556807
3710817214
3711765468
3713226913
3716783559
3719672371
3720517637
3721877712
3722294168
3724109942
3728041603
3729679875
3732189683
3733284697
3734090508
3740182618
374373330
3743941267
3744275637
3746568006
374776445
3747972413
3751802126
3752099577
375420468
3758615758
3760587376
3760915657
3762686423
3763713456
3765806057
3765981383
3768167819
3768331944
3772335198
3772991814
3773534670
3776116204
3776819649
3777898598
3777936138
3778224512
3778888663
3779728552
3780398330
3781277932
378265398
3782699005
3783564235
3783747563
3784324431
3785682508
3790510493
3791382939
3791556462
3792982829
379395348
3793976854
3795587607
3796226087
3796476308
3797165506
3797970562
3798888655
3801824013
3804848964
3806261383
3806414871
3811801637
381216036
3812511204
3814443401
3814596367
3815190234
381646320
3816933071
3817295686
3820379837
3823174095
382698365
3827829374
3828391365
3828441673
3828555508
382956172
3829682406
3830817896
3831228720
3832585518
3833243282
3834118998
383487479
3835826111
383586947
3837188797
3837257015
3839660980
3840226716
3842148100
3848287818
3848761236
385123100
385496704
3855922793
3856893730
3857919104
3860584868
3862319817
3863167962
3863928217
3865730692
3866466296
3866935484
3869893158
386992827
3871880621
3872145083
3872318408
3874900816
3875178702
3879599088
3880143991
3882229935
3883815851
3888344235
3890580209
3891928275
3895156288
3896756038
3898884917
3899953068
3901638257
3908560411
3909091726
390983175
3912745073
3914103540
39165419
39173289
3918412242
392077947
392317462
3923500820
3924984484
3927244414
3932242611
3932651328
393473528
3937472443
3937608286
3937960725
3940248048
3945966072
3946074419
3946612901
394668981
3949823120
3949831091
3951528617
3951865501
3952140275
3953198074
3954614492
3959158709
3959579749
3959697450
3960670849
3962501859
3963289924
3963387407
3964651935
3964774632
3966991166
3969522625
3972523492
3973688523
3974676916
3976388106
3976389966
3978799245
397947475
3980614706
3980640507
3983115154
3983533349
3983569706
3985140606
3985372238
3985501529
3986582289
3989169485
3990997795
3991253990
3993027745
3995459608
399636133
399766553
399905810
4000410193
4001783706
4007397978
4009786418
4011154532
4011765272
4014657573
4016474020
4017883350
401832006
4018322796
4020905392
4022852686
4023895091
4029103872
4030816758
4032863833
4032943919
4033611506
4035689544
4036307522
4037935225
4038320110
4038743331
4039384582
4041853319
4046251254
4047253873
4047362675
4048972910
4049389079
4051425065
4051775381
405204088
4053184614
4057232877
4059028126
4061529278
4062089972
4064119644
4065126794
4068062742
4070584831
4072656273
4073777021
407850488
4079921332
4081249278
408810456
4089197114
4090647378
4091482753
4091591272
4094722949
4096318607
4097185081
4101883807
4105148465
4106990495
4108396498
4108571394
4111016180
4112255782
4114610650
4116137371
412164559
4123470535
412543428
4131617993
4131969985
413386732
4134325581
4135641918
4138241063
4139375723
414003286
414076805
4145029312
4146724990
4147833582
4148900082
415174140
4152872015
415459380
4154908037
415557926
4156235189
4156581291
4156852053
4157842134
4161202022
4161379067
4162632685
4163344728
4164572095
4167612067
4169205985
4169572656
4171227683
4172405123
4172492361
417396672
4174840051
4175698960
4176437639
4179824867
4179845482
4180418629
4181616110
4182636268
4182880748
4183988313
4186656546
4189215157
4194623537
4195070095
419566379
4198814029
4200825099
4201184913
420139986
4201695620
4202100530
4202414530
4204543865
4206733783
4209521480
4210147147
4216936034
4218349656
4222903892
4223429702
4223441572
4225559710
4225724114
4225742315
4236583466
4237549629
423948630
4240220397
4240317364
4241361417
4243099370
4244130957
4245053049
4248368928
4252052897
4254123655
4254300637
4255203620
4255319097
4255552972
4256757818
4258663367
4259023047
4262178667
4262425382
4267406756
4267463348
4267746348
4270081243
4270786848
4270885156
427407792
4275903076
4277379189
4278121170
427854480
4279775607
4285576723
4285745025
4286757118
4287902316
4288462188
4289722071
4290434766
429103887
4291265753
4292572533
4293313368
4294343076
430716428
433103111
439320615
440578897
440843356
443126206
444057483
445102538
448529511
449589465
451678953
453130059
456264357
456900919
457178405
458384476
460159268
462292969
463672849
466696665
468421543
469839640
470901348
470920971
472532202
472899613
473029472
473084242
473758078
474272387
475870476
477075928
481707345
48569080
487787272
490229278
490528234
49242148
492433299
494210121
494254161
494730816
497309310
497765838
498010219
49961545
502886788
503373282
505633892
505650754
507840834
507874383
508819644
509636476
510441133
512766282
513618175
514386370
514418257
515542907
518115288
519633404
520700225
521332529
521359757
521975176
523160825
524011585
525374322
525920076
526293441
526344047
52847414
53042578
532560497
532807605
53281419
533422930
534967187
534986364
538271506
539825853
540443268
541101191
542932714
544287873
549018127
556456293
55812533
559396966
560348883
560472899
561295887
562906208
563340985
567433979
570123445
570147097
572140327
58116450
582964134
583347858
585691523
589066944
59241303
595389539
597624238
599002759
600049520
600707903
600925795
601114545
602987341
605840016
613246726
614445130
614599902
615079131
616400698
618823359
61997063
620304623
623126432
623822031
628129523
632286130
633552641
637286910
638478843
641100844
641193846
641478762
641589063
64203907
642634224
644496925
646617395
647324143
648229280
648735628
653478553
65599111
657317362
658192484
6626517
663467729
667860468
66985588
670363441
6719239
673380366
677159126
68218408
682855426
68370162
684404380
686302032
688350290
689220501
689409817
691238213
691353597
691364684
691432959
691722133
694087884
695187831
695327628
695606094
69699901
697292981
700008502
700142282
7003060
701447098
702907246
703080196
703707102
70717574
715080916
718692949
718724639
719830546
72013062
721149599
722499116
723456149
724642544
725536681
727501172
729641026
732226190
732236807
734777062
734870117
735648399
739387712
739570180
741808385
74305724
743115358
747858473
751184010
75170680
752220388
756161353
757296827
758497875
762078894
762529980
763298008
76494951
767543787
771171953
772753182
77276281
773983759
776807570
777441219
781301224
784839383
785361967
785908039
786679407
792944384
794989223
795831610
797818315
800008738
800435825
804540092
805498643
807005601
807916451
808779517
808911548
813840874
815018557
815074383
81805929
81958296
821962518
822589992
82276264
829206366
831682801
832089926
832485543
833413774
836440172
83831379
83832824
838668836
838754883
838953807
839658298
839764616
842597619
844864013
846003312
85601818
85620654
857321750
857648015
857871963
863490361
863869397
864641457
864913152
866513692
867776360
867779589
868007682
871030018
871625340
873316946
879601734
880071579
881206957
881871104
88266320
88319651
883523322
885452597
885604489
887108643
88789245
888789599
889491545
891937453
893522399
894021095
897091963
902044875
902412355
90515773
90900180
909066776
910180503
910896574
917234860
918091572
921461109
922852942
924297931
925212005
927413428
927577220
929960562
930902257
932248078
935175128
936205328
936459952
936502604
936650625
936928265
93731430
939041638
941087231
941205305
942059248
94444303
944643064
947024456
948019440
948414294
94992184
955973430
956532994
957109157
959364369
967566263
967749992
969003087
96947525
970162586
971608162
973949481
975327423
975992431
97797661
979650000
980414158
981667393
981814084
984156566
986926430
987547185
993032406
994798519
995009848
995226689
99925595
