1001603464
1003638124
1003640281
100433596
1004804958
1005317777
1005317778
1006112784
1006112785
1006112786
1006112787
1006112790
1006274402
1006274403
1006274406
1006274408
1006274409
1008000600
100848009
1008665164
1011763380
1011763384
1011763385
1011763389
1011910418
1011910419
1011910420
1011910421
1012452828
1012736478
1014238061
1014904417
101653183
1016890970
1016933955
1019027700
1020705709
1022070369
1022890368
1022890369
1022890370
1022890371
1022890373
1022890380
1022890381
1023051986
1023051987
1023051988
1023051989
1023051990
1023232914
1028530607
1028688007
1029550918
1029987723
1030395629
1031015617
1031015619
1031015622
1031984396
1033246295
103429483
1034920315
1035337760
1035337768
1035337769
103779847
1037942501
1039247019
1039659986
1039829572
1039829573
1039829574
1039829575
1039829582
1039829583
1042696951
1043072799
1044701134
1045465715
1045465722
1045465726
1045465727
1045668194
1046465209
1046465210
1046465211
1047303756
1047303758
1049472417
1050188820
1050188826
1050188827
1050562426
10514082
10514083
10514089
10514090
10514091
10514092
10514093
1052115345
1052115346
1052115348
1052115354
1052115355
1055238666
1055760283
1056396180
1056607294
1056607295
1056636376
1056636377
1056636382
1058335413
1059314501
1059470729
1059883566
1060309406
1060564647
1060738290
1061245873
1061358950
1062243300
1062243305
1062243310
1063601072
1063875072
1064889964
1064889965
1064889967
106534931
10661121
10661126
10661127
10661131
1066272897
1066513648
106793341
1068892931
1068892935
1068892943
1070812781
1070843685
1071309610
1072840358
1073384868
1073384869
1073384876
1073384878
1073384879
107425028
1075184716
1075852852
1076562006
1077306438
1077306439
1080515852
1080515853
1082836339
1082918113
1082947491
108565986
1085670650
1085670654
1085817683
1085817684
1085817685
1085817689
1086340539
1086627798
1088465499
1089146558
1091969059
1093094858
1093604101
1094084146
1094084148
1094084149
1094084155
1094158962
1094158963
1095046638
1097068867
1097486034
1097530820
1097530821
1097530822
1098130784
109900884
1099068273
1100451547
1102448232
1102448233
1102448239
1102595264
1102595271
1102595274
1102595275
1103115057
1103996243
1104966375
1106226097
111040368
111040373
1110692001
1110861730
1110861732
1110861733
1110872022
1111668615
1112198216
1112198217
1112198218
1112198219
1112198220
1112198221
1112423803
111326867
111326869
111326870
111326871
1114209452
1114351720
1114351725
1114351726
1114455452
1115734430
1116708718
1119225814
1119225815
1119225819
1119225820
1120804815
1123682494
1124481705
1125975232
1126263606
1126910327
1128625028
1128625034
1128625035
1128975904
1128975905
1128975907
1128975909
1128975914
1128975915
1129524991
1130002392
1130125511
1131129305
1131129306
1131129307
1131129308
1131129309
1131285255
1131315696
1133532465
1133532466
1133532470
1133532471
1133532472
1135548875
1135902472
1136003504
1136003507
1136003508
1136003509
1136658626
113702874
1137766945
1138341900
1142188957
1142368679
1142614521
1143970923
114409807
1145002017
1145753488
1145753489
1145753491
1145753494
1146571714
1147393322
1147436650
1147906886
1147906889
1147906892
1147906893
1148048642
1150310048
1150310049
1150310058
1150310059
1150325045
1150616256
1151146631
1151614200
1152781088
1152781092
1152781093
1154102867
1155304326
1155978516
1155978517
1155978520
1155978527
1157102305
1157600993
115858225
1159000295
1160515692
1161416470
1161660777
1162327361
1162327362
1162327363
1162327364
1162327368
1162327369
1162531073
1162531081
1162531082
1162531083
1162531084
116253953
116305438
1164538328
1165273315
1166910335
1167092218
116764013
1167769525
116864923
1170380825
1171471203
1172382938
1172756102
1172756103
1172756107
1172756108
1175075245
1175615375
1178084904
1178396815
1178957908
1178957909
1178957915
1178957916
1178957917
1178957918
1178957919
1179105075
1179105076
1179105077
1179105078
1179105079
117914397
1179308787
1179308793
1179308794
1179308795
1179308796
1179308797
1180065916
1180625002
1181462161
1181462162
1181462164
1181462165
1182274522
1185684008
1185949185
1187292199
1188635620
119025024
119025025
119025026
119025027
119025028
119025029
119025030
119025031
119025032
119025033
1190289938
1192399709
1194167834
1194718772
1195411947
1195727029
1195735495
1195735499
1195735503
1195882656
1195882657
1195882662
1195882663
1195882670
1197846863
1198239745
1198239746
1198239750
1198239751
1198266416
1202530902
1202806510
1204488288
120481391
1205309101
1206016827
1206523514
1207766169
1207942867
1209626186
1209936185
12106139
1210955936
1212513185
1212513190
1212513194
1212513195
1212660249
1212660252
1212660253
1212660255
1213760389
1214505235
1215017466
1215017467
1215017468
1215017469
1215017471
1215173414
1215173415
1215173418
1215173420
1215173421
1215570379
1216183500
1216471337
1217567052
1217764752
1217772150
1218263409
1220038592
1220038593
1220038601
1220038602
1220038603
1220038604
1220038606
1220038607
1223088960
1223088961
1223088971
1223088972
12231260
1224074800
1224074803
1224074804
1224074805
122644220
1227096555
1227535650
1227674185
122866893
1229290768
1229290769
1229290773
1229290780
1229437834
1229437835
1229437837
1229437838
1229512652
1231277369
1231795044
1231795052
1231813940
1231950977
1231950980
1231950981
1231950984
1232020388
1233915817
123496965
1236197520
1236669120
1236669127
1236669132
1236816307
1236816316
1236816317
1236816318
1239363179
1239866675
1239866682
1239866683
1239866684
1239866685
1239866686
1240013713
1240013718
1240013723
1240852386
1240852388
1240852390
1240852391
1240852397
124316953
1243822203
1245178337
1245265991
1246215544
1246215545
1246215546
1246215547
1246215551
1246513980
1246896128
1246897943
1249693069
1252036286
1252435448
1252944339
1253000779
1253446834
1253446835
1253446839
1253446846
1253593894
1253593895
1253593896
1253593897
1253593898
1253593899
1253593900
1253593902
1253593903
1253706684
125446436
1256644262
1256644263
1256644265
1256644268
1256644269
1256791298
1256791308
1256791309
1256834119
1257629976
1257629977
1257629981
1257629982
1261252017
126206335
1262600516
1262692338
1262993106
1262993107
1262993111
1262993115
1263679841
1263941622
1266588388
1267753376
1267753386
1267753387
1267753391
1268530147
1270371460
1270371461
1270371462
1270371463
1270371465
1270481410
1270481411
1270481417
1273157089
127329032
1273421826
1273421829
1273421832
1273421833
1273569016
1273569017
1274407562
1274407563
1274407564
1274407565
1274407566
1275854214
1276947069
1277516763
1278677514
1279623656
1279623660
1279770691
1279770692
1279770695
1280924022
128104454
1283694543
1284130039
1284530968
1284530969
1284530972
1285504406
1285663865
1285663866
1285663868
1285663869
1286034203
1287149175
1287149180
1287149181
1287259123
1287259125
1287259126
1287259127
1287459524
1288367434
1289672405
1290199537
1290199538
1290199539
1290199548
1290199549
1290346594
1290346603
1290346606
1290346607
1290549031
1291185272
1291185274
1291185275
1291185276
1291185277
1291185278
1291185279
1292892120
1295395892
1295873453
1296401216
1296401217
1296401220
1296401224
1296779166
1299570599
1300660012
1301308550
1301308553
1301308559
1302107883
1302294393
1302294394
1302441446
1302441450
1302441451
1302441452
1302634050
1303746694
1303926754
1303926755
1303926756
1303926766
130464658
1306977120
1306977121
1306977126
1306977127
1307124182
1307124183
1307124186
1307124189
1307649234
1307962836
1307962837
1307962840
1309499581
1315450939
1317879886
1318086245
1320704339
1320704346
1320704350
1320704351
1320814296
1320814297
1322175365
1323349601
1323754714
1323754715
1323754716
1323754718
1323754719
1323901874
1323901877
1323901880
1323901881
1324740418
1324740419
1324740420
1324740421
1324740422
1327005436
132755356
1327780117
1327807972
1328784586
1330365628
1330659253
1332244896
1334863825
1334863826
1334863828
1334863829
133509806
1335120343
1335849560
1335849561
1335849564
1335849567
1336198912
1337174589
1337481924
1337481925
1337481929
1337481933
1337581341
1337591876
1337591877
1337591885
1337591886
1337976336
1337976339
133806112
133806114
133806115
133806119
133806120
1338419697
1339102639
1340298542
1340531538
1340532292
1340532293
1340532298
1340532300
1340532302
1340532303
1340572814
1340679456
1340679462
1340679463
1340679469
1341518142
1341518143
1342887617
1343490044
1348505100
1350212597
1351641413
1351641414
1351641415
1352627248
1352627251
1352627254
1352627255
1352732101
1352774312
135367967
1354369594
1354369595
1354369596
1354369597
1354369598
1354369599
1355267813
1355909883
1356930040
1357457040
1357457041
1357457045
1357457046
1357457055
135802736
135802737
135802738
135802739
135802741
135802742
135802743
135802746
135802747
1358295722
1358295726
1358295727
136038708
1360410769
136321595
1363560069
1364780518
1366764481
1368318356
1368419133
1369551890
1369551896
1369551897
1369551902
1370841164
1371147156
1371147158
1371147159
1371147162
1371147163
1371516851
1372747383
1373307399
1373808213
1374218276
1374234632
1374234634
1374234635
1374234636
1374234637
1374603565
1375073300
1375073301
1375073306
1375812223
1380296966
1380296967
1380436432
1380436436
1380436437
1380436447
1381154376
1382085744
1382203910
1382829781
1382954613
1385196714
1385196715
1386329478
1386329479
1386329481
1386329484
1386329485
1386329487
1387924740
1387924742
1387924743
1389732641
1390070944
1391012344
1391012347
1391012349
1391739566
1392178654
1396805545
1401062085
1403032824
1403107168
1403107169
1403107172
1403107174
1403107175
140813890
140813891
1410388015
1412679211
1413118306
141371090
141371095
141371096
141371097
1414591028
1415714437
1416668057
141703971
1418856518
1419810411
1419884754
1419884755
1419884756
1419884757
1419884758
1419957442
1423132798
1423424174
1424733365
142509017
1426288944
142754452
142817658
143177126
1432342122
1432480599
1432595400
1433047050
1433614597
1434088616
1434657074
1435243802
1435637916
1436587998
1436662337
1436662338
1436662339
1436662343
1438526995
1438686941
1441477106
1442885371
144389535
1448267475
1450023695
1451083501
1451139584
1453365681
1453440050
1453440056
1453440060
1453440061
145376510
1453776868
1454128366
1455446894
1455758026
1457579636
1458985451
1460354307
1461544620
146335837
1463590202
1463620738
1463988632
146408090
1464345310
1466631951
1470143268
1470217636
1470217637
1470217644
1470217647
1470290331
1470384189
1472264980
1472667403
147308723
1473844382
1480795812
1482169727
1482361822
1482674977
1482674978
1482674979
1482674981
1486144808
1486876650
1488202534
1490879657
1491297991
1491710916
1494984200
1497368219
1498435502
1500699220
1503462542
1503698442
1503845601
1504624528
1505217057
150583696
150583701
150583702
150583703
1507193491
1507758021
1511974722
1513492960
1513523365
1517266452
1517903870
1519236432
1519236440
1519236445
1519236446
1519236447
1520476156
1520476157
1520476158
1520476159
1520623188
152342322
1523530152
1524290577
152580324
152580326
152580327
1526781774
1527317816
1529621713
153090214
1531735491
1533444498
1533889554
1534275964
1534747316
1535439829
1536014018
1536014019
1536014028
1536014029
1539215236
1539291336
1540373745
1540465572
154366939
1545093638
154567142
1546072923
1546635537
1546635538
1546635542
1546635543
1548176015
1550358418
1551732863
1552347137
1552791734
1552791735
1552791737
1552791740
1552791743
1553845258
1557099507
1558976073
1559394301
1562157335
1562712144
1563092100
1563413121
1563413122
1563413124
1563413125
1565035075
1565035081
1566898673
1569018868
1569569297
1569569300
1569569301
1569569302
1569569303
1569858181
1569982094
1573025854
1573422744
1578778817
1579393781
1580190832
1580190833
1580190836
1580190839
1580994957
1581812788
1581812795
1583211986
158394138
1587447761
1587788739
1589031977
1590908285
1592264368
1592588697
1596782547
1596968424
1596968427
1596968430
1596968431
1597115458
1597115459
1597115463
1599129771
1599614431
1601329927
1606269185
1609006830
1609264623
1609874734
1609926335
1611786116
1612719943
1613746004
1613746005
1613746008
1613746014
1613746015
1613881688
1613893168
1613893169
1613893172
1613893179
1614607581
1615002931
1616233463
16170957
1618552624
1619145348
162441334
1627506911
1628156076
1628243948
1630523593
1630523594
1630523595
1630523599
1630670752
1630670753
1630670755
1630670758
1630670759
1630670766
1633139278
1633850131
1635958459
1635958461
163722855
1638544950
1639510842
1640411106
1640470393
1641340682
1641382487
1644803928
164527901
1645540073
1645940526
1647301280
1647301282
1647301283
1647301284
1647301285
1647301290
1647448345
1647448348
1647448349
1647448351
1647998724
1648101164
1650457324
1653206888
1654459216
1654459218
1654961239
1655313070
1655966845
1657360672
1658207942
1658813815
1659267606
1660001342
16610173
1664078866
1664078870
1664078871
1664225924
1664225925
1664225928
1665678592
1667752383
1668257632
1668257633
1668257635
1668362873
1670567099
1672801053
1673870695
1677815558
1678180758
1680251664
1680251665
1681003638
1681003639
1681003640
1681003644
1681003645
1681003646
1681003647
168467552
1686246041
1688288880
1689372395
1690779077
1690799713
1692332927
1692775942
1694375960
1694392109
1696168904
1696208592
1696414303
1697557378
1697781202
1697781204
1697781206
1697781207
1699106021
1699882888
1700857176
1702566399
1702849108
1707567642
1709055306
1710522112
1710980878
1712338481
1712364430
171239098
1712589588
1714558784
1714558785
1714558790
1714558796
1715001619
1715023301
1716729093
1717318147
1719158513
171970709
1719858462
1722333028
172260707
172409836
1726513898
1726513899
1731048488
1731408354
1731408358
1731899866
1733168186
1733188761
173428675
1736312472
1736701364
1737270265
1738413372
1742616735
1747967026
1747967027
1747967029
1747967030
1747967036
1748185938
1748185939
1748185942
1748185946
1748674756
1753995526
1754601524
1755207645
175550683
1759223703
1760014379
1761110661
1762641338
1764330571
1764744608
1764744612
1764744613
1764744622
1764744623
1764920248
1764963521
1764963525
1764963534
1764963535
176606689
1770066493
1770907517
1771515604
1771941496
1774438428
1775106436
1775541177
1776912547
1780110906
1781070470
178143218
178143219
178143220
178143221
178143223
178143226
1781741233
1781741240
1781741241
1781741242
1781741243
1781741244
1781741245
1781741246
1781741247
1783414096
1783472697
1783986728
1784825403
178789971
1791024300
1795903074
1797610961
179857568
1798931431
1800405830
1800585587
1801816119
1802186763
180271521
1803128
1803847514
1805186533
1805202839
180729972
1810679868
1812533143
1812869088
1814991372
1815296406
1815962430
1816846485
1818413064
1819535936
1820034626
1830386584
1830493265
1832002114
1832002121
1832002125
1832074097
1832074101
1832074106
1832074107
1832240176
1835867820
1836212753
1836557423
1836717093
1837823569
1843042725
1843165939
1843302478
1843452798
1846529361
1846529362
1846529365
1846529366
1846529370
1846827076
1847144496
1848779832
1848779836
1848851680
1848851681
1848851682
1848851683
1848851685
1848851693
1852082910
1852170444
1853871830
1854354355
1855584887
1857419970
185835888
1859453351
1860890620
1861104660
1861566973
1863306944
1863306947
1863306948
1863306951
1863370088
1865638542
1866031459
1869106387
1869627200
1869627201
18724194
1873569856
1874179098
1874328957
1876104911
1876767256
1876767259
1877915583
187868738
1879964422
1881055050
1881055051
1883569618
1885706152
1886970005
188739153
1887445258
1889980984
189081053
1893150298
189431162
1896252392
1897832759
1898275964
1898452662
1901861760
19025426
1903974600
1906983366
1907915684
1908059648
1908666100
1909686662
1909762444
1912032173
1915152499
1915382273
1915486132
1916980248
191703977
191703978
191703981
1917234449
1918092513
1918771417
1921753702
1922771365
1923237842
1923237843
1923237847
1925897462
1926555848
1926886902
1928292039
1931678494
1931997103
1932739715
1932739718
1932739719
193336819
1938749275
1938776580
1940015424
1940015425
1940015428
1940015435
1940790301
1943454134
194567351
1947044128
194920802
194920806
194920807
194920812
194920813
1949515635
1949517425
1949517429
1949517430
1950348962
1950746167
1950845835
1954503663
1954548950
1956341998
1956793138
1956793139
1956793142
196262033
1962925966
1964970555
1965471169
1965614507
1965693562
1966653126
1969295829
1972070910
1972296727
1972447011
1973570729
1973570732
1973570733
1974204306
1976646023
197813916
1981968159
1983752610
1985538811
1986450989
1987769419
1988275370
1988678945
198901016
198988594
198988595
1990348309
1997197832
1997459339
1998115799
1998443973
2001940975
200237879
2003995311
2004028554
2005118592
2006579850
2008056685
2008090970
2010415615
2013367019
2014962323
2015060172
201913514
2022820090
2022824121
2023547070
2024122032
20242053
2026659423
2027383445
202844754
2032421376
2033901616
203588919
2037104047
2038342679
203993429
2040320145
2041721366
2044951551
2046459346
204785284
2047883287
2049690032
2051271449
2051348327
2052090653
2053828625
2054166310
2054689043
2058763938
2058766127
2066321858
2066720416
2067572068
2072279995
2073173713
2073290333
2073584481
2073744086
2074960979
2075803785
2082219958
208255934
2083476065
2085113537
2085807385
2087439161
2089450731
2094920522
2097189349
2097822669
2098193594
210104704
2102945567
2103086437
2105181179
2105600314
2107177852
2107826269
2108010658
2108010659
2108010660
2108010664
2108010665
2109105618
2109105619
2109105623
2109105624
2110006355
2110396786
2111512410
2112519084
211419337
2114440347
2116732694
211698384
211698394
211698395
211698399
211719694
2118605834
2119130519
2121086260
2121372845
2121574483
21216341
2122058911
212287241
2123041326
2123949573
2123949574
2123949575
2124331931
2124788243
2124788247
2124788251
2125883200
2125883201
2125883204
2125883211
2127523048
2129892548
2129892554
2129892555
2129892558
2129892559
2130442179
2130464300
2131326474
2132729530
2132932378
2133342328
2133428500
21348561
2135076894
2137650658
2138777270
2138932840
2139192589
214001684
2140533458
2140727282
2140727285
2140727286
2141565824
2141565826
2141565827
2141565830
2142138955
2144420945
2144420948
2144794944
2145938026
2146670267
2146670268
2146670269
2146670270
2148520582
2150864102
2152303010
2154696668
2155275998
2157915021
2158124498
2158124499
2158124504
2158124505
2158124510
2158343536
2158343545
2158343548
2158343549
2161798788
2162228679
2162799539
2163897160
2164030071
2164849931
2164930531
2168372751
2170003978
2170203170
2172375502
2172679362
2173305343
217359553
2174902085
2174902090
2174902094
2174902095
2175121130
2175121134
2175298049
2176154528
2179147010
2179776580
2179776581
2179776584
2179776587
2179776590
2179776591
218126463
2181389324
2190624020
2191323046
2191898711
2191898712
2191898716
2192045872
2192045876
2192045878
2192045879
2192321481
2193140836
2193140838
2193140839
2194190546
2194190547
2194190548
2194190549
2194190550
2196407104
2196407113
2196407114
2196407115
2196407116
2196407117
2196407118
2196407119
2196554297
2196554298
2196554299
2196554300
2196554301
2196922421
2197703286
2198368422
2202967289
2203724639
2205705893
2205794916
220590691
220785093
2207984786
2207984788
2207984789
2207984791
2207984798
2207984799
2208676401
2208676406
2208676410
2208676411
2208823457
2208823464
2208823465
2208823467
2208823470
2208823471
2209228713
2209694638
2209918424
2209918425
2209918426
2209918427
2209918428
2209918429
2209918431
221081329
2212242079
2212329829
2213184818
2213184819
2213184824
2213184825
2213184826
2213184828
2213184831
2213535356
2213569840
2214161177
2214340365
2216084147
2216587909
2217314679
2218900976
2219017157
2222245286
2222942360
2223658848
222390917
2224731015
2224762378
2224762380
2224762381
2224762382
2224762383
2225356661
2225453985
2225453989
2225453996
2225453997
2225550939
2227124041
2228030369
2228171926
222903472
2229962406
2229962407
2229962408
2229962409
2229962411
2231456517
2233341139
223357665
2234500798
2236180061
2237604792
2237787633
2238219610
2238219611
2239641481
2241923893
2243326538
2243326539
2243326543
2244346594
2244580601
2246739968
2246739970
2246739971
2246739974
2246739976
2246739977
2246887153
2246887160
2246887161
2246887162
2246887163
2246887164
2247535712
2248539972
2250550472
2252314304
2252314319
2253098041
2255361234
2260087667
2260104243
2260104248
2260104249
2260104250
2260104252
2261083322
2261434017
2261693491
2262937163
2263418885
2263517680
2263517681
2263517686
2263517687
2263517692
2263664738
2263664744
2263664745
2263664747
2263664748
2263664749
2263664750
2263664751
2266028490
2269092024
2269092025
2272440453
2275356632
2276727024
2276881830
2276881833
2276881836
2276881837
2277058241
2279163055
2279456592
2279456593
2279456594
2279456597
2279456598
2279456599
2280295268
2280295269
2280295270
2280442330
2280442331
2280442332
2280442333
2280442334
2280442335
2280497443
2281235437
2281441156
2282355951
2283098492
2283845544
228475970
228475976
228475977
228475982
228475983
2285466991
2285821678
228713961
2287292342
2288965075
2289395966
2290700452
2291664665
2292711497
2293659394
2293659395
2293659398
2293659401
2297072857
2297072858
2297072859
2297072862
2297220016
2297220017
2297220018
2297220019
2297868724
2297868731
2297868733
2297868734
2297868735
2298851495
2306446754
2308070185
2308650529
2308650538
2308650542
2308650543
2309071636
2310437107
2310437110
2310437111
2310437116
2310767966
2312503546
2313640190
2313997600
2313997601
2313997602
2313997603
2313997604
2313997605
2313997607
2313997612
2313997613
2314646310
2314646311
2314646312
2314646316
2314646317
2317452805
2317832304
231787304
2318871556
2319010030
2319011156
2320355548
2320659550
2322091271
2322297150
2322537783
2323583587
2324261287
2325428121
2325428122
2325428124
2325428125
2326266792
2326266793
2326266796
2326266799
232646784
2326634184
2326677512
2327214689
2327214693
2330251800
2330775184
2330775187
2330775188
2330775189
2330775190
2330796439
2330803024
2330980060
2331269305
2331423873
2331423878
2331423879
2331423883
2332085594
2332603575
2333577879
2333796975
233397200
2334103238
233438221
2335006250
2336049740
2336445345
2338455509
2338586810
2339253469
2340371237
2342205704
2342205707
2342205710
2342205711
2342897322
2342897323
2342897324
2342897325
2342897327
2343044352
2343044355
234306125
2343992274
2343992275
2343992282
2343992286
2344401855
2345602471
2345744709
2346967822
2347552770
2347552771
2347989176
2348201584
2348201586
2348201587
2348201588
2348201589
2348240919
2350432587
235243043
2353782376
2353955407
2354621051
2355287584
2356847799
2358262018
2358836227
2358872540
2358983393
2358983396
2358983397
2358983400
2359674900
2359674905
2359674909
2359822065
2359822066
2359822067
2359822076
2359822077
2360769861
2360769865
2360769870
2360917024
2360917025
2360917026
2360917027
2360917028
2360917029
2360917030
2360917031
2360917036
2360917037
2362995384
2363152984
2364330485
2364330489
2364330490
2364330494
236468352
236468353
236468354
236468355
236468358
236468359
236468364
236468365
2365481583
2367035432
2369537665
236999087
2372523982
2373531345
237427195
2374328468
237466912
237466913
2375613944
2375613946
2375613947
2375613948
2375613949
2375760979
2375760980
2375760981
2375760982
2375760983
2375760988
2375760989
2376599648
2376599649
2376599650
2376599654
2376599655
2376599662
2376599663
2376905702
2377694608
2377694609
2377694610
2377694611
2377694612
2377694613
2377694614
2377694615
2377694622
2377694623
2379344650
2379772971
2385896596
2386635337
2386635340
2386635342
2388078193
2389605307
2392538562
2392538563
2392538564
2392538565
2392538574
2394472194
2394472195
2394472204
2394472205
2394472207
2394811369
2395557359
2395602569
2395854422
2396185775
2396550558
2397155333
2397504303
2400835514
2401778382
240217232
2402538794
2404559822
2407276573
2407827942
2409316274
2409316282
2409316283
2409316284
2409316285
2409316287
2410954507
2413181082
2413328241
2415310840
2415332065
2418147211
2421845992
2421878558
2422874774
2423698556
2424627432
2426093860
242609575
2427367650
2427506549
2427779932
2428934059
2429432749
2429887559
2429958669
2429984417
2430105828
2432906842
2433118368
2434115252
2436652024
2437329756
2437457394
2439290472
2440492911
2444952248
2444952250
2444952251
2444952252
2445146340
2446115532
2446710179
2446883415
2447276147
2448506679
2449001541
2451523946
2451909908
2451909909
2451909914
2451909915
2451909953
2451909954
245253686
245253687
245253689
245253692
245253693
245253694
245253695
2455855952
2456187931
2457582741
2461766188
2463370901
2463661002
2464166033
2465213854
2466050844
2466818093
2468729063
246982037
2470605757
2473982364
2474547731
2477357584
2477460307
2478212142
2479327123
2480438717
2480497275
2481684034
2481877615
248506669
2486473315
2486890224
2490137325
2490475532
249111768
2492692734
2493570467
2493652841
249409861
2494294911
2494691801
2496173045
2501283760
2502047645
2503527757
2508492199
2508508882
2509310217
2509857550
2513136761
2513500992
2515826952
2516385680
2516415451
2517863769
2519167536
2519167537
2519167540
2519167542
2519167543
2519772528
2522028001
2525492016
2525650235
25258219
2527102832
2528596160
2530249651
2530576212
2530993159
2531480183
253354538
2534508675
2535069651
2535150745
2535945129
2535945133
2535945135
2536092160
2536092161
2536092165
2536092166
2536421073
2538377716
2538668781
2539207242
2539882653
2541613946
2545505958
254772408
2547860859
2549364748
2549460149
2551664135
2551932143
2551967264
2551967268
2551967269
2551967272
2551967273
2551988245
2552722712
2552722713
2552722714
2552722715
2552722716
2552869875
2552869879
2552869882
2552869883
2553287188
2553561316
255391345
2556246637
2557169629
2558966032
2559616182
2559906215
2564785914
2565865284
2566072985
2567819158
2568393765
2568744848
2568744849
2568744852
2568744859
2569500294
2569500298
2569500299
2569500303
2569647456
2569647457
2569647460
2569647463
2570154448
2570945061
2573582541
2574639190
257725577
2579783781
2582072890
25836681
2584118052
2584128161
2584405812
2585762101
2586153742
2586277984
2586277987
2586277988
2586425048
2586425051
2586425055
2586572208
2586572212
2586572213
2586572214
2586572215
258901236
258961487
2590220710
2596494829
2596537163
2597370479
2597929766
2602180200
2602300144
2602300145
2602447191
2602447192
2603055568
2603055570
2603055571
2603055572
2603055573
2603202633
2603202634
2603202636
2603202637
2603349792
2603349793
2603349799
2603349802
2603349803
2605204759
2606513712
2606721278
2608061955
2608769185
2609213075
2609281212
2613610948
261439561
2614421213
2615013534
2615435137
2616811702
2619077732
2619077737
2619077738
2619077739
2619077740
2619077741
2619224768
2619224771
2619224774
2619224775
2619980344
2619980348
2619980349
2619980350
2619980351
262031249
262031252
262031253
262031254
262031255
262031257
2622126233
262238897
2625261678
2625551746
2630873909
2630873910
2630932206
2631982470
2632448036
2635855323
2635855324
2636757906
2636757910
2636757911
2636757915
2644585829
2647100388
2647577112
2649625051
2651908393
2652515550
265260395
2652633008
2652633011
2652633015
2652633019
2653388455
2653388458
2653388459
2653388462
2653535492
2653535493
2653535500
2653535501
2654805034
2657581529
2661569506
2665000548
2665315728
2666117512
2669410592
2669410593
2669410596
2669410598
2669410604
2670166016
2670166020
2670166024
2675319590
2675719981
2676158265
2676186702
2679600413
2685068062
2685998714
2687404554
2693290227
269424659
269549025
2696254312
2698719417
2700925250
2704503674
2705049057
2705884402
2712743070
2713120459
2715671755
2716888006
272002987
2720652307
2720793120
2720793121
2720793131
2720793132
2723388464
2723388465
2723388466
2723388467
2724120836
2724789898
2732776611
2733443515
2736393984
2736668109
2736668110
2736815289
2736815290
2737231487
2737570706
2737570707
2737570712
2737570713
2737570719
2738869844
2739143972
2740166048
2740166049
2740166050
2740166051
2740166052
2740166053
2740166055
2741151760
2741151763
2741781244
2741782420
2743415772
27438834
27438835
27438836
27438837
27438839
27438845
2745198838
2745322961
2745904923
2747901788
2751177606
275162087
2751655641
2754348296
2754348298
2754348299
2754348302
2754795495
2756929859
2756929862
2756929863
2757045551
275739199
2757730816
2757929347
2758025052
27580336
2759354812
2759865175
2760669091
2762452976
2763972018
2770127465
2770223401
2770223404
2770223405
2770978826
2770978828
2770978830
2770978831
2771125986
2771125989
2771125992
2771125993
277299535
2773707568
2773707571
2773707574
2773707575
2774339022
2774508530
2774508531
2774508532
2774508535
2776271733
2776271734
2776271735
2776271742
2776271743
2776317180
2781060162
2782687975
2784039532
2786853922
2786853931
2786853934
2787000962
2787000963
2787000964
2787000965
2787000969
2787756533
2787756538
2787756539
2787756540
2787756541
2787756543
2787903568
2787903569
2787903574
2787903575
2787903581
278808833
278808834
278808835
278808836
278808837
278808844
2790485160
2790485163
2790645971
2790645973
2790645974
2790645975
2791484648
2791484649
2791484650
2791484651
2791484652
2791484653
2793032403
2793729712
2794351841
2794406632
279744461
2800516150
2801147771
2801244132
2802394358
280282550
2803631515
2803631517
2803631518
2803651621
2803778674
2803778675
2803778678
2803778679
2803778684
2804490298
2804681152
2804681158
2804681159
2804681167
2805832664
2806584468
2808587942
2809121372
2810766122
281087199
281113445
2812084278
281820580
2819456385
2820556260
2820556261
2820556262
2820556270
2820556271
2820951974
2821214514
2821458866
2821458877
2822933319
2823790067
2825365529
2830201348
2830847118
2832323205
2833700208
2835207707
283680345
2837333843
2837333852
2838054677
2838236456
2838236457
2838236459
2838236461
2839126307
2840418379
2842900248
2843987970
2845845048
2845952670
2846242400
2847513863
2850251953
285039146
2850914728
28525307
285327877
285383938
2854111432
2854111433
2854111436
2854466634
2854525245
2857312577
2858085941
2858742156
2858742157
2858742159
285937069
2860336393
2861145191
2863768408
2864957151
286497112
2867878058
2869185403
2870486624
2871333894
2871747807
2873535188
2873737528
2875778915
2877380219
2878599632
2879095883
2882355277
288366741
2886549443
288899240
2890993634
2893637379
2895355877
2896730106
2897468466
2897797799
2898399407
2899522189
2899738380
2901518976
2902715599
2904012851
290455116
2904654925
2905243383
2905395785
2905813113
2908542762
2909292513
2909703492
2911913176
2912722514
2913034419
2915235202
2919284882
2922165028
2922926003
292413133
2924156535
2927414669
2929422383
2931884240
2933691786
293379382
2935090268
2937041217
2938248865
2938293810
2938293816
2938293817
2938293820
2938293821
2938293822
2938293823
2940571791
2940594342
2940912910
2941156754
2942028885
2942644920
2943571561
2943607708
2943709861
2945453888
2945453889
2945453890
2945453891
2945453892
2945453895
2946355335
2946409252
2947270538
2949307355
2950148379
2950559486
2953578380
2953807078
2954645753
2955071400
2955071401
2955071402
2955071403
2955071406
2955071407
295586546
295586547
295586548
295586549
295586558
2956563566
2957383941
2957723986
2962231614
2962231615
296432705
296432706
296432707
296432709
296432710
296432711
2964599566
2965884768
2970909901
2975100883
2975120395
2977493584
2978593900
2979474870
2979748870
2979751155
2980915832
2981056981
2981427753
2983565809
2983853001
2984427395
2984751978
2984974420
2988847352
2989742517
2991415320
2991878470
2993151609
2995786776
2995786777
2995786782
299757102
2998222429
3000007458
3005767355
3005871885
3006115880
300618767
3006470421
3009029026
3010123935
3010305606
3015083552
3015784004
301582326
301582327
301582329
301582332
301582333
3016003830
3016003831
3016003832
3017085888
3018263742
3019963820
3021903260
3022173558
3022283587
3022522945
3022522946
3024034919
3026039291
3029499283
3030451045
3031535326
3032453293
3032506958
3032680311
3034575686
303472064
303472065
303472068
303472069
303472070
303472073
3034825749
3037107344
3039224581
3040648223
3041653425
3042358518
3050539807
3051529813
3053640196
3058635590
3060172032
3062810608
3063940533
3064629834
3065098735
3066336688
3066336696
3066336697
3066336701
3066336702
3066336703
3067341920
3068958927
3071417360
3071745571
3072652795
3073373389
3074212034
3074274377
3075767484
3077562102
3078264912
3082043249
308226876
3082333282
3083114274
3083114275
3083114280
3083114281
3083114287
3083261313
3083261318
3085321036
3086301374
3086965898
3088175157
3088531170
3090223047
309079621
3091395769
3093268310
3093936350
3094125418
3095111596
3096009858
3097495832
3097567604
3098617075
3098895921
3098985909
3099847607
3099891864
3099891867
3099891870
3099891871
3100967816
3101557716
3102267918
3104109012
3110554037
3111459201
311638667
3116669552
3116669553
3117356289
3118897728
3118897729
3118965641
311913564
3119538858
3121756362
312185844
312364131
312364137
312364142
312364143
3125749970
3126154447
312754588
3129292517
3129565162
3129565165
3129987029
313210419
313210421
313210422
3132289904
3132289908
3132289909
3132289913
3133447138
3133447139
3133447141
3133447142
3135352024
3136942775
3137149223
3141469671
3143306642
3143653339
3144345602
3146147771
3146475998
3147894186
3149067490
3149067491
3149067494
3149067498
3149698339
3150224723
3150224724
3150224725
3150224734
3150670723
3152293018
3152547963
3153445296
315382898
3155769855
3156366884
3158321811
3161471795
3163076240
3164598250
3165057526
3165331526
3165845074
3165845077
3165845087
3167002306
3167002307
3167002314
3167002318
3167010409
3167970102
3168675041
3168943765
3170538556
3171717223
3175149873
3176700329
3179893428
31800064
31800065
3182027332
3182622656
3182622666
3182622668
3182622669
3183298624
3183780024
3183780027
3183780029
3185590114
3187834715
3191133562
3194171314
3195094111
3197136905
3199294195
3199400373
3199400378
3199400379
319990150
3200524727
320249776
320249779
320249783
3206274691
3206452019
3207461798
3208373564
3208692330
320895818
3209498784
3209498785
3209498786
3209498787
3209498792
3210665023
3210917923
3211701818
3215080664
3215726786
3216177959
3216177960
3216177962
3216177967
3219155789
321943161
3219975745
3220408405
3222883326
3223061760
3225018470
3225579446
3225660540
3225700336
3226599681
3227431686
3227879087
3228198776
3232591357
3232772150
3232936807
3232955522
3232955523
3232955524
3232955525
3232955527
3232955530
3232955531
3234909247
3235478883
323717057
3237981044
3237992867
3238167569
3238167574
3238167580
3240043387
324149717
3243053954
3243055466
3243155262
3243566207
3244822777
3244822779
3246049744
3248299147
3249229398
3249733237
3249733238
3249733239
3251520857
3254782003
3255233653
3257328227
3258091155
3258235451
3260011751
3261067439
3262586072
326261686
3263739160
327085723
3271722867
3271861965
327286627
3273144301
3273539741
3274143003
3277063659
3277688865
3277944629
3279007124
3279347111
3280523983
3280996607
3282327299
3284011096
328617765
328736241
328736242
328736243
328736244
328736245
328736246
328736247
328736248
328736249
3287697143
3288500462
3288500463
3288576818
3289155109
3289768766
329141716
329141720
329141721
329141725
3293821396
3295302699
3298443002
329988001
329988006
329988007
329988015
3300065990
3300065993
3300065996
3300065997
3301562194
3301586000
3301586001
3301586004
3301586007
3301586011
330184705
3303575065
3304297582
3306440925
3307339018
3310323373
3312080286
3312080287
3312636028
3312918929
3313683908
3316443917
3316843682
3316843683
3316843688
3316843689
3318363584
3318363586
3318363587
3318363589
3318489331
3319719863
3319774448
3320405657
3321379945
3323478658
332517902
3326313859
3327387747
33288995
3331344186
3331722785
3333476842
333591990
333659128
333677972
3336886819
3338629778
3344090921
3344365049
334442976
3344596203
3345401925
3348091324
3348352582
3348844241
3349221558
335137472
335137473
335137476
335137485
335459354
3354641089
3358598781
3358905703
3360014689
3361477939
3362455682
3362708471
3363905763
3365102784
3365102785
3365102788
3365102798
3365710409
3366212577
3367915373
3369663934
3370832700
3372393732
3374964251
3376031861
3377393815
3379906503
3380176564
3381880504
3381880505
3381880508
3381880511
3382395807
3383274022
3384298988
3385296229
3385924647
3387729293
3390355235
3391570691
3393581355
3394535758
3396115476
3396496459
3396555541
3401309442
3402684241
3404838615
3405190486
3405828055
340612936
3408823123
3409090320
3409246609
3410519768
3411162102
3411194741
3411439818
3412893056
3412893057
3412893058
3412893063
3412893071
3414603368
3414948319
3416303364
341679699
3418076186
3418684166
3418691133
3419781266
3422395287
3422927300
3423084756
3423251769
342419594
3427205032
3427741122
3429581472
3433881803
3434602224
3436485071
343819087
3438645619
3438665661
343866638
3439485142
343976794
3439876151
3440559061
3442623327
3443319781
3444385451
3445594407
3446448316
3446448319
3446448361
3446448364
3446448365
3446448366
3446448367
3447685713
3449955256
3450403108
345513824
345513825
345513826
345513827
345513831
3455804281
3456339370
3457159358
3457304005
3458472696
3460636691
3460637132
3461163036
3461163039
3462842468
3463271521
3463527285
3463783294
3465768536
3465768537
3465768541
3465768542
3465768543
3466439861
346765595
346765599
3469365056
3470470622
347050225
3473213101
3473342544
3473391278
3475351422
3477640881
3480052303
3482546114
3482546115
3482546120
3482546127
3482693282
3482693283
3482693284
3482693285
3482693287
3482693290
3482693291
3483479289
3489354534
3489958563
349031383
3492972360
3492972361
349305511
3493597005
3493597006
3493597007
3497257536
3498015192
3498056997
3499323830
3499323831
3499323832
3499323833
3499323836
3499323839
3499470864
3499470865
3499470867
3499470869
3500401355
3501739770
3501778645
3503064555
3503064558
3503826404
3504054981
3505732491
3512667461
3513444840
351387783
3514247112
3514761198
3514872350
3516101392
3516101393
3516101396
3516101398
3516101399
3516207256
3516248448
3516248449
3516248457
3516248458
3516248459
3516248460
351915186
351915187
351915191
351915198
351943959
3519612099
3519842114
3519842115
3519842117
3519842118
3519842119
3519842121
35202437
3520611603
3520908265
3523893918
352494629
3525709052
352585512
352585513
352585514
352585515
352585516
352585517
352585518
3527745398
3527990335
3528460570
3529947705
3531116106
3531241909
3532062898
3532878976
3532878977
3532878983
3532878989
3533026162
3533026163
3533026171
3533026172
3533026173
3533026174
3534426897
3534452969
3536643960
353952113
353952114
353952115
353952116
353952117
353952118
353952119
3539846242
3539846243
3543305242
3543305243
3543305245
3546566871
354869282
3549656688
3549656692
3549656693
3549656702
3549656703
35501788
35501789
3550726584
3550968708
3551066619
3555848231
355624376
3556532239
3556623824
3556623825
3560854611
356126319
3563558539
3564587017
3566434274
3566434280
3566434281
3566434283
3566434285
356678977
356678978
356678982
356678983
3567319087
3568295178
3568846169
3569026400
3569026401
3569026404
3569026406
3569026407
3569026411
3571291870
3572924803
3572989615
3573401412
3573401413
3573401416
3573401417
3573401418
3573401419
3573401422
3573401423
3573886034
3575714752
3575832927
3577130660
3580118414
3581552390
3582663617
3583211866
3583211867
3583211868
3583211871
358421269
3585803988
3585803989
3585803990
3585803991
3586605901
3589908974
3590179130
3590179131
3590179132
3590179133
3590179134
3590179135
3590865053
3591824702
3592047865
3595782234
3596322780
3597198174
3597388201
3598192629
3600186024
360050474
3602731259
3604414501
3605282555
3605442979
3606956688
3606956689
3606956691
3609016903
3610448709
3612367360
3614741900
3615768314
361687788
3616929925
3619812944
3623105738
3623734272
3623734274
3623734275
3623734277
3624912874
3625735898
3627181573
3627461863
3627747541
3630764808
3633197499
3633268369
3634081228
3636736404
3638726096
3638759843
3639542253
3640599667
3640764480
3641830199
3642219067
3642783691
3643008849
3649475847
3656521223
3657378584
3661851360
366211640
3665567368
3666944709
3669806712
3671937420
3673889168
3673968500
3674937190
3675559598
3675559599
3676644439
3677706344
3678084808
3678923323
3679995610
3680387492
3680398087
36821529
3683299024
3683299026
3683299031
3683299037
3684976058
3686245887
368692770
368692771
368692777
368692782
3687673683
3692337160
3692337161
3693972514
3695222688
3695551248
3699027496
3700076613
3700076614
3700227616
3700455006
370257686
3704891097
3705258845
3706090858
370729698
370729699
370729700
370729701
370729702
370729703
370729707
3709036206
3709476574
3710266484
3710570091
3710721045
3712203002
3712793382
3717645554
3718511416
3720009078
3724958804
3726909981
3727101721
3727326596
3728173281
3730631753
3731292738
37320816
3734382102
373451394
373456688
373456689
373456698
373456699
3735514625
3738083808
3738604480
3740815978
3742444383
374321809
3747634627
3748639041
3749120605
3751813242
3751840881
3752222075
3753864969
3755582267
3756720662
3759024643
3759468690
3760225906
3761415583
3762585844
3763126508
3764169305
3766233495
3768483555
3768706683
3771414322
3772013852
377234385
3773721739
3774023866
3775386670
3775386671
3778991236
3779740626
3780122162
3780122163
3780293420
3781542532
3781905436
37819293
3782011957
3782523571
3783300345
3785426156
3789132989
3789997157
3790381252
3791025635
3791523921
3792522022
3794202669
3795529091
3796057803
379635122
379969737
3799840847
3800324556
3802271545
380320890
380320891
380320895
3808185900
3809744305
3811978566
3812424
3812564403
3813044519
3813794935
3814433474
3814577701
3814935150
38154262
3816633987
3816739815
381685941
3817812448
3819384435
3820614967
3822398526
382330563
3823789482
3823816607
3826215157
3826354130
382761762
3828591505
3828766453
3830848267
3833182233
3835058503
3835222199
3837215438
3838983656
3839046486
3840696809
3846174238
3848506
3849272438
3850600171
3850619753
3851505487
3854056783
385470356
385470357
385470362
385470364
385470365
385470367
3855183300
3857283048
3857520076
386247393
3862786726
3863254360
3864672569
3865980743
3866575602
3866824213
3867209996
3871828543
3873761621
387507280
387507281
387507284
387507285
3876186226
3876186230
3876356255
3877271888
387906091
388203975
3883050372
3883050373
3883775227
3884740051
3885932861
3886643116
3887135484
3889506978
3892361449
3892963808
3892963809
3892963818
3892963821
389386787
3894912745
3895482685
3896039294
3896784486
3897134102
3897514058
3897836883
390006185
390234286
390234287
3904094072
3904268461
390493623
390690215
3909298755
3909625729
3912684377
3912909252
3913419173
3913610051
3915094288
3919141072
3919732480
3919952200
3920992390
3922252112
3924203773
3929561040
3930719187
3930882908
3931844941
3932135293
393344545
3933947714
3933947715
3934075842
3934081848
3934703261
3934797233
3936895128
3938049491
3938120786
393886648
3941140485
3942030652
3942397455
3947506368
3947753544
3949303229
3951995796
3955434510
3957263369
3957979713
3959606522
3960221317
3960221320
3960221326
3960221327
396158784
3963649540
3966940006
3969338046
3970192095
397045230
3971653921
3972698238
3972837094
3973602930
3974931836
3976999030
3976999031
3976999036
3976999037
3976999038
3979282253
3979777695
3979831568
3979831576
3979831581
3979831582
3979831583
3979925937
3981816384
3983253417
3985822654
3985995891
3987961126
3989344451
3989352623
3992426441
3993744722
3993916672
3995326961
3996609154
3996609155
3996609160
3996609167
4000160357
4003318214
4006130201
4007570431
4010193880
4011889612
4012362236
4013067434
4013554072
4014445325
4015765247
4016430923
4017480911
4018318435
4018478837
4018764889
4019597701
4020633657
4021986015
4024486869
4024984563
4026316442
4027331896
4027331900
4028678595
4030567935
4030630550
403147211
403414044
4034289424
4036182827
4037449698
4037874699
4037907313
4038123504
4038557335
4039875743
4040337319
4042114080
4042123468
404284864
404284865
404284873
404284874
404284877
404284878
4043962422
4043962423
4043962428
4043962429
4044109474
4044109486
4044109487
4044799700
4046942016
4046942023
4046942028
4048652276
4049095729
40494184
4052171105
4052171106
4052171110
4052171111
4052171112
4052174474
4052245339
4054208922
4056082567
4056250309
4056621081
4057896663
4058336873
4060740002
4060740003
4060740014
4060887066
4060887067
4061596267
4062924086
406342573
4063719731
4063719732
4063719742
4063719743
4063847761
4064788539
4065430313
4065687034
4065890039
4066462541
4068449799
4068948688
4068948689
4069107476
4069107477
406976271
407011856
407011865
407011868
407011869
407159027
407159028
407159032
407159033
4073031707
4073475264
4074596739
4075456550
4077664756
4078639965
4079859506
4080497314
4080497315
4080497320
4080497323
4080497324
4080497325
4081990498
4081992704
4082080486
4082595686
4083187089
4085726272
4085726273
4085726276
4085726278
4085726279
4085726286
4085885070
4088904867
4089951595
4091688470
4091963504
4093294946
4093648614
4094295173
4094295178
4094295179
4094350427
4094442337
4094442338
4094442340
4094442341
4094442348
4094442349
4095348410
4095522368
4095522376
4095522380
4095752855
4097274906
4097274910
4097274911
409810789
4098525872
4099927020
4100494208
4100746976
4100891198
4102503995
4102503998
4102503999
4103397397
4103543226
4103721499
4105085616
4105953348
4106575046
4106655659
4107370912
4109528394
4110923751
4111187768
4111219922
4111219923
4111219927
4111219934
4112300089
4112300090
4112300091
4112300093
411248014
411307586
4113505423
4113761436
411405671
4114455966
41171146
4117754288
4119281572
4119281573
4119281576
4119281583
4120531723
4123116314
4123596501
4126994834
4127997507
4127997519
4128878606
4129077670
4129077671
4129077673
4129077676
4129077677
4130759808
4132687820
4132954441
4133144114
4133147546
413347835
413395910
4136059161
4136059162
4136059163
4136059167
4136349721
413687172
4136964976
4139638803
4139638804
4139638808
4139638809
4141747032
4143131389
4143562369
4144036556
4144257009
4144775220
4144775221
4144775224
4144775225
4144775227
4144775228
4144775229
4144775230
4144775231
4145855234
4145855235
4145855238
4145855241
4147742197
4148946216
4149062164
4150749739
4151146486
4152407939
4152407944
4152407945
4152626484
4152836849
4152836854
4152836858
4152836859
4154307332
4154445712
4154482753
4154482754
4156416384
4156416385
4156416391
4156416394
4156416395
4157466227
4157466231
4160163968
416176028
4162158996
4162632945
4162632946
4162632948
4162632949
4164316823
4164424319
4166734798
416746007
4169185650
4169185651
4169318746
4169614433
4169614438
4169614444
4171260466
4171260467
4171260468
4171260469
4171260470
4171817777
4173194096
4173194097
4173194099
4173194102
4173194103
4173399635
4173988956
4174243808
4174243809
4174243814
417455006
4176552533
4176552534
4176552535
4176608574
4178753458
4179327378
4179410530
4179410531
4179410532
4179410542
4182239954
4185008217
4185963232
4185963234
4185963235
4185963238
4186802408
4188038048
4188038049
4188038052
4188038054
4188038055
4188038062
4188038063
4188769892
4190854136
4191654580
4193892578
4195041300
4195829287
4202101819
4202740817
4202740824
4202740825
4202740827
4202740830
4202740831
4204676371
4204815632
4204815642
4204815644
4204815645
4204962802
4204962803
4204962807
4204962808
4205280153
4206054717
4206064705
4206279403
4206574250
4206749269
4206749272
4206749273
4206749276
4207027101
4209306737
4210121894
421062581
421062584
421062586
421062587
421062589
421062591
4211037823
4211417932
4214200471
4215542928
4215828865
4216177981
4216465834
4216577744
4217068020
4217464408
4218499970
4218788146
4219285524
4221593220
4221593226
4221593227
4221593228
4221593229
4221593230
4221740384
4221740385
4221740391
4221740394
4221740395
4223526854
4223526855
4223526859
4223526860
4223526861
4223526862
4223706160
4224139991
4226112455
4226547008
422659994
4226821583
4231930362
4232149483
4234155600
4235412320
4235896507
4237678345
423789444
423789450
423789451
423789453
423789454
4238370934
4238370935
4238370939
4238370940
4238517968
4238517971
4238517974
4239075284
423936609
423936610
423936611
423936612
423936613
423936618
423936619
4239500413
4240208011
4240304546
4240304548
4240304549
4240304551
4240304554
4240304555
4240643554
4241206841
4244646867
4244646870
4245423348
4246433884
4248506742
4249430417
4251628906
4253774175
4255148497
4255148502
4255148506
4255148507
4255295560
4255295561
4255295564
4255295566
4255295567
425530883
4255871131
425667604
4257082128
4257082129
4257082133
4257082140
4257923886
4259355964
4259697229
4262127412
4267274301
4268500524
4269702353
4271926081
4271926086
4271926087
4271926092
4271926093
4272073273
4272073276
4272073277
4272073278
4273366280
4273859721
4273859722
4273912541
4275534251
4279088469
4279104775
4281335511
4283086500
4285059946
4285059947
4286107259
4288703793
4288703800
4288703801
4288703802
4288703803
4288703807
4288850854
4288850855
4288850856
4288850857
4288850861
4288850862
4288850863
4289119369
4290637434
4290637435
4290637436
4290637437
4290637438
4290932991
4291025431
43046259
431315624
434843729
435753811
43716381
437840166
437840168
437840169
437840171
437840172
437840174
437840175
437901064
438937194
439199966
439311634
440280175
440355064
440473636
440567158
440567159
440567160
440567164
440567165
440714194
440714196
440714197
440714199
440714206
440714207
440820967
443112084
447436025
447903370
447903371
447903372
447903373
448081551
448700287
44922692
451348981
451348982
451348983
452163580
453879244
454617728
454617731
454617732
454617738
457344721
457344726
457344727
457344731
457491784
457491785
457491787
457491790
457491791
457947722
458159728
459939584
461218978
462351104
466299083
468330606
469285592
47060793
470621802
47064128
470879595
471395441
471395444
471395445
471395446
471395447
471395452
471395453
471489706
474122304
474122307
474122308
474122309
474269498
474489845
477068296
478101275
47855565
483696727
484817871
486201423
487727950
488688067
48871816
489556121
489940066
490947077
491036226
491047079
491047080
491047081
491047085
491047086
491047087
495399000
495429664
497581362
498394841
502455224
505603693
506478474
507155045
507795560
507824642
507824643
507824644
507824647
509299713
510307683
511575005
514607590
514693529
514693532
515148351
516812246
516928042
517008484
518493222
518606490
52003045
520397427
52110062
521728200
521728201
521728202
521728203
521728207
522341055
524602352
524602353
524602358
524602364
524638707
524685380
525673833
526103765
526105522
527096248
527262355
530306962
530526016
532326567
533926970
534551907
535127090
536478266
538077285
538505889
538505890
538505893
538505894
539694722
540636137
543377844
543783648
543908874
544003925
545018674
549903756
55039679
550581587
550808494
550954362
552374292
553348580
553947899
555840342
55758606
558010464
558010465
558010468
558010477
560900670
563196889
563600228
564508965
565026389
565086188
565217778
56540873
566566841
568942134
57350158
574788048
574788052
574788062
574788063
577677619
578023069
580550716
580773389
58188801
583919216
585215773
58840413
589634451
589634457
589634462
589634463
590683139
591849141
595135959
595639807
598420694
598999999
599610467
600249260
600822652
601843826
602008614
602658151
603363364
605319946
606001812
606412036
606412041
606412046
606711337
609609110
610119034
610940951
612124415
61432464
615060467
615060468
615060474
615431552
617139471
619118840
620426385
6204831
623822765
624731445
625323136
626351348
62924013
630463806
631838049
632550689
632721729
634437
636114479
636229605
636495641
639475535
639855833
640189366
642045682
642045683
642045688
642045689
642045693
643742384
64704609
647436156
648615632
648615643
648615644
649061611
652540039
652980249
655685632
655685633
655685646
655685647
657044194
657995433
658297172
658514525
658823269
658823274
658823278
660157547
660443169
661874717
664014320
665393224
665393230
665454210
667207214
67040078
671319640
671351298
672463344
672463353
672463356
672463357
673406555
674270723
674999133
676529733
678198586
680331497
682170934
682170935
682170937
682170940
682170941
682170943
683417786
684606329
686777978
68802850
690877737
69355859
69368818
693707704
693838242
698068501
698948498
698948501
698948504
699902394
700075924
701299035
701981246
702187782
702187784
702187785
70318106
704075878
704770390
704888533
705627332
706498611
707729138
707729143
708008134
708063048
709619088
709619093
709619094
710627824
711719255
712207292
712678904
715726080
715726081
715726083
715726092
716319118
718965488
718965489
718965490
718965491
718965492
718965493
718965494
718965495
718965498
718965499
720470053
720709746
725453833
726396674
726396677
726396678
727192959
727331324
728179109
728220725
729366304
729513112
730207876
731036558
732503792
732503797
73556415
735743078
735743079
736082470
736762959
737009681
737223010
738900385
739530555
743507491
745128249
746483326
747384845
747472717
74846747
749281378
749281384
749281385
749281387
750263051
753477282
753477284
753477285
753477290
753477291
75826216
758846352
759508413
76009057
763575498
763938937
764354633
764420011
764976984
765526375
766058964
766058970
766058972
766058973
766058975
766578214
767329933
768048793
76862053
769877440
770206427
771063870
771791010
773970754
77417768
774986652
775050750
775079928
775552993
777581985
777581988
777581989
777581990
777581991
777927533
779707517
780594690
780666544
782701198
785252494
78559757
787208706
787208712
787208713
788824435
790054967
790067677
791559336
791559339
791559340
791559341
791652041
791868640
795191766
797266861
8015982
801632800
802768808
802910335
803281088
803786929
80380992
803950113
803986416
803986417
803986418
803986420
803986421
803986422
803986423
805320104
808336923
808477339
811919704
812107145
812808497
814826748
814970938
816408859
817956970
819782947
819910214
820616842
821607328
822700081
823082508
827209482
827209483
827209484
827209485
827209486
828544690
829049348
829390032
829390033
829390034
829390037
833010594
833018812
834558325
83461119
835123053
836186117
836349196
836349197
836349199
83743674
837541593
838122695
843766169
843840000
843840001
843840010
843840011
843987190
843987191
843987195
843987196
843987197
844839496
844839497
844839498
844839499
845501164
8457665
845775436
846092572
846185695
846912051
848142583
849666660
850293949
851855286
854319172
854319173
854319176
854319177
854319182
854319183
854636726
857571964
857845147
857863153
858031859
860085538
860617715
860617720
860617721
860617724
860617725
860617726
860617727
862945331
862945332
862945333
862945335
863555947
863881191
863938470
86473198
865785053
866661190
866733596
867411893
869299766
869734174
87107688
871096886
871096887
871096891
871096892
871096893
871096894
872030587
873593166
875447367
875755164
875978887
876874674
877395304
877395305
877395307
877395310
877559140
878018416
878292416
879420898
879525233
87957392
879722920
879722921
879722923
885541296
886771828
8868053
8868058
887874448
887874449
887874452
887874454
887874455
888190857
889228896
892225082
894025826
894025827
894025832
894025833
894025835
894025837
894172864
894172865
894172866
894172867
894172869
894172872
894172873
894320056
894320061
894320062
894320063
894500014
895172352
895172354
896942188
897626654
898719019
900704617
90085055
902985105
903822533
903982935
904505006
904652036
904652037
904652039
905013999
905447043
905447044
905447048
905447049
905608686
905608687
906566523
908636098
909136912
909418701
910803413
910803418
910803419
910803420
910803421
910803423
910950576
910950581
910950582
910950583
910950589
911097643
911097645
911097646
911097647
911244674
911244676
911244679
915790532
91716879
918054294
921282564
921282566
921282567
921282569
921422537
922148393
922224752
922224753
922224756
922224762
922224763
92653940
927728160
927728161
927728162
927728163
927728164
927728165
927875222
927875223
927875228
927875229
927875231
927967673
928022385
928022390
928022396
928022397
929273361
930423954
931138698
931977373
933558185
935199485
938659125
939002336
939002337
939002338
939002339
939002340
939002341
939002342
939002343
939002350
939002351
939193045
940582002
94262659
94262660
94262664
94262665
944505754
944505755
944505756
944505759
944652914
944652917
944652920
944799977
944799978
945091069
946212495
948676622
950073391
951201317
955096589
955707527
955779928
955779929
955779932
955779935
955941536
955941545
955941546
955941547
955941551
955975311
956016356
956646526
957179136
959330988
961283336
961283339
961283340
961283341
961430498
961430499
961430500
961430501
961430502
963510189
963758140
963758141
96422021
966534046
968744232
971279820
971338902
971519649
97189610
972079723
972557508
972557509
972557515
972557516
972557517
972557518
972557519
972719133
972719134
972719135
974408965
977424113
977424114
977424115
978208083
978208084
978208085
978208094
978208095
978355145
978355148
978355150
978355151
978654647
979207572
979207574
979207575
979536134
980408499
980535696
980535697
980535698
980535702
981639031
98275901
983306799
983570610
985998434
98863376
989335222
989335224
989335225
989335230
989335231
989378878
989378879
989496711
989496714
989496715
992213220
992668964
994101315
994985676
994985678
994985679
995025665
995132832
995132836
995952551
996691866
997313284
997313285
999009617
