102166926152420
108600778628565
127246817960358
129236247026363
130101598980242
133157726176758
143586944843115
149638903590202
152196128412022
155405286394448
160746651710237
160773256362030
163563277481189
166715170516369
168061751910002
168681617193873
169787648558827
172248576027995
173596431902315
176753002098272
179821376588067
183604330838423
185932541236939
187185388820126
189175264655431
191929367975923
192941362504980
196184322666056
196547540558255
200474441362416
203769199104096
215070994435705
215220267078758
216088860418319
217539362283576
219553704049186
229830529662181
232351040519789
237464838533947
239063883213915
252469655697080
255152711997740
259899220703497
262205349359096
266600902263925
276452484647807
28489219556863
32519877750876
33949415413761
353474872493
42519859973884
43740371350869
45563455628067
5879908546632
61149358123333
78194324445482
84912679525445
95172174816899
96551951182880
98150316350872
