10126340133071
124668593618656
133124993513940
150088465313793
151290717307710
173517397307331
180211623147505
182203309728559
183051593721440
186772438429091
197466165512533
199951181486146
202452634097981
220074300786940
22585259570199
236121784394573
237589819883823
245207673966310
247777712048829
253871639792116
271353023112371
27609464705500
28657630105561
29732814868181
45361774027031
50627891058604
55753744663344
65995123556251
69279048608787
7539014151405
78277707917980
7949381157436
93944013020263
