103010113110627
103551587650793
108600778628565
126349076039891
127246817960358
137157618488851
143586944843115
152196128412022
155405286394448
156400053158730
160746651710237
160773256362030
163563277481189
166715170516369
168681617193873
169787648558827
171967866100341
172248576027995
173596431902315
17383409829056
173845494022602
176130546090116
179821376588067
183604330838423
189175264655431
191929367975923
196547540558255
200474441362416
203769199104096
21149796206887
214315508567309
215070994435705
215824742321047
216088860418319
219553704049186
22252707297140
229830529662181
232351040519789
237464838533947
255152711997740
262205349359096
276452484647807
32519877750876
33949415413761
353474872493
45563455628067
5224401370231
88649176377304
91971076013836
95172174816899
96551951182880
97538133787101
98150316350872
