103551587650793
110447938817845
110596221494777
111762029834419
113877383724822
11535591389397
117550693448203
12001374045762
123522407218639
152478016723230
158904067847008
16928048226958
194251223272393
198324414772897
203109153869792
208096940806921
223252783166816
238364436178960
247248255820740
252358806434129
263615008902784
267252518551060
268786020830696
271342286628830
37931395860895
38560092762021
39184240573480
69462522691720
90485250001594
90900459256926
93029851152136
96626024465566
99675792218004
