104462760642175
105306308422664
108872708081835
127301268011245
129942201268523
149025214889500
160151390662112
163483697077048
16638413213525
17847844304337
186404131813847
189990920703323
191051404665016
191310565001046
194926301959176
209115661601303
216609029068827
223684693032283
224042737623660
225294816082964
226733040608675
230576646920158
259545983804936
260552577418953
260995286202669
280457507138356
28416397867598
29016722181381
36427398092163
45494087168804
51392679459046
65373806651005
6707294536961
69966037224351
78848805824205
80733691320475
84034162628911
87379066827949
90186799501962
