0
10
1000949310
1004249529
1008324608
1022383391
1024
1046745344
1053094000
1117195938
1131495476
1134157478
1134222441
1134257473
1134378174
1134684576
1134994954
1135139541
1135391828
1135660633
1135734437
1135856580
1135960350
1136090844
1136105682
1136229123
1136445914
1136471702
1136691796
1136906767
1136992222
1137052633
1137250347
1137337414
1137552933
1137646804
1137652014
1138254949
1138563759
1139519896
1139676506
1140008900
1140179996
1140549150
1140588588
1141194151
1141198978
1141199946
1141216616
1141229552
1141231153
1141265975
1141404898
1141762180
1141930454
1141992638
1142035704
1142074922
1142091361
1142194032
1142220304
1142229686
1142250527
1142427536
1142462771
1142548242
1143332434
1146639881
1146770400
1146854849
1147131319
1147250927
1147285640
1147286575
1147373852
1147408599
1147489489
1147594733
1147601026
1147633934
1147673207
1147698370
1147710406
1147718200
1147752942
1148163458
1148266589
1148427821
1148442315
1148483892
1148500858
1148579961
1148652992
1148691011
1148717113
1148721549
1148746525
1149918182
1149977228
1150152253
1150159417
1150174859
1150241248
1150273342
1150386225
1150409235
1150445914
1150489049
1150491586
1150518998
1150633041
1150646117
1150671186
1150675084
1150688574
1150727307
1150774973
1150816239
1150817276
1150902149
1151020336
1151037507
1151223073
1239181218
1285723121
15
1500
1505042877
1540867723
1596540347
1692083765
1829319847
1846063020
1883515968
1899369974
1953842628
2000
2160465960
232597866
2344608023
2405155616
2525699533
2550763460
256
266
2798009337
283841468
3008052843
308091040
3087624724
3187835371
3194165571
3205930904
3217656012
3219868674
3221574115
3226319387
3226362153
3226402045
3227461458
3228373820
3228417010
3228546332
3228971114
3228989262
3229061355
3229741682
3229943192
3230062386
3230183130
3230228474
3230310389
3230399017
3230571332
3230578048
3230733356
3230879085
3230938983
3230967829
3231037480
3231161323
3231186795
3231223617
3231371080
3231621805
3231702284
3231815347
3231920387
3231941677
3232004678
3232123037
3232211141
3232326339
3232433380
3232681500
3232722682
3233103137
3233146005
3233692074
3233815967
3235840323
3236204536
3236314411
3238844426
3240383312
3240522177
324325358
3264137104
35
3997312634
40
4038596693
4040898210
4098675156
4103632476
452173207
459490731
491040570
5
55
6000
768
814030109
953956968
