102980705489780
103599971254654
105461012593782
112936939721612
115127192851185
115195580823216
121700613217086
122767976745092
127139837170021
128788805900716
131710757224405
137504514443212
14186961780811
144723570596360
147012807685744
147934995057755
149463034143830
157186678767515
165478724253754
166777109353507
167253386806496
1680857630200
172139730905217
172577124087781
17378869178828
175345972031073
17719312417297
184849692557090
185766774930972
187991604730507
194551879250313
194636386419790
195233421136889
196341809240490
196800087258727
197273288533046
198426990192296
198583059039036
204953667738314
206144939334069
209262735186406
210054881892999
210116718200534
212366786147646
216799983074998
226383426164596
230108606329348
245152145780268
245524554802124
247375494689243
248142911301140
248676323253817
249298657517658
254130975073929
254471809080478
260610944512619
264836089832096
264933543810647
26926683110375
276373867959223
277673125090191
30157899800630
32887658646733
37156707736086
43543111105415
49139562749878
50098736365883
51335792809406
53652488644546
6284919522236
66159882295446
66238988018122
70235830050141
76001770679215
79732538240959
88834226037320
90330206692747
91926021987862
9607483556678
96622829595683
97355763378028
99105293615167
