102361527155568
102980705489780
104628363092931
105905759274105
107860653556069
107971382030130
108170957416094
109114911489172
110910461708803
116967254640338
117868707039345
124091272523430
12791640951718
131979655825354
134632255767227
134831024351070
135432623945630
144165622202971
147778574245031
149463034143830
151508070943428
156121892541015
156923133254269
158695145906443
164256606491139
169328088099882
172372112972610
172577124087781
181698488001281
18182289702738
184849692557090
185766774930972
186095902690375
188343270976265
188903810207789
190275204724039
190900599810185
191879097109850
195999153617904
196800087258727
198583059039036
200074708102906
207709691930399
210054881892999
210336242586925
215500919135276
215503402902965
215931795752459
216403855480351
222831778784984
234086551199886
234520716305333
23531113450011
23539184035933
238860956046310
24072122252884
242617875082918
248518743889428
248676323253817
249281704971288
25157446809521
25223309939852
253636205088177
255629052919189
256199147049634
260610944512619
264933543810647
268779080899750
274186815956279
274290097774951
274447553423952
274585521013826
275347129693372
275421524867070
27951261050343
279534070033182
28486853710333
30245646697796
31232410136414
40956508003033
43033578218572
54928368461464
56300862397284
59633686556665
60220108213051
6284919522236
63905674355967
64767704599250
65076531416372
69849414435748
71640418781208
81508944158916
8407921198549
86661275570167
91926021987862
93158458168827
95680921335890
96060184499687
96345662459179
97364544454005
98264324174243
9865677370950
99105293615167
