100654071758943
10259783707006
10449782699327
105673115707641
111216346234548
112905666069090
122379649556385
125015350710338
128452468495240
132979175446625
139240350866804
145210340913917
147917843315403
147976082322382
148719536557096
153837886887590
161733883090450
183794119012474
186623987292862
187408060769426
200725566481607
206228814931598
212653482125871
221954416016827
222641635430418
235472049710439
250306465986900
254377037501189
273496817755169
278235724623874
279225281105802
279444437867406
280312209337398
42062062568012
43379837680987
60811150232172
63790568630044
7285825712978
81021878456019
84046718386354
85704800904129
95811530852778
