101509740217362
103551587650793
112346879510083
11631170896485
126476135450692
15530616978217
158340825805072
160773256362030
163583487190788
186332252251877
188447327354820
196214253877859
200397893264269
219158373066181
231537180815386
232351040519789
235336607949517
240292930501306
243511177485035
244641949024679
247393127397069
254483560494732
255396733349068
255623755687094
256010147971758
25903042937753
260921770713634
261465916696023
267403022993740
279444437867406
29371001903618
31434017880564
33018942009807
40732454562837
44284384087314
56608165333085
95488303512331
