0
1
1000866091
100140806
100337414
1004995459
1006371295
1007485827
1009128641
1010827413
1013583372
1014105862
1015939191
1017120398
1017446579
1017578371
1019150515
1021575287
1021870789
102368430
1025
1027604659
1027998175
1029440387
1035010527
1036714283
103868400
1042679558
1045103191
1045299799
1045300398
1045364915
1046545283
1054015967
1054802219
1055261271
1056243771
1059389919
1060307423
1061028139
1065353395
1068040431
1069418667
1069811342
1070334431
1073676347
1073677486
1074528555
1074927465
1075840774
1076312712
1080301417
1080644234
1082132230
1082652394
1082884270
108555231
1087963195
1088619994
1090643986
1090958489
1091634051
10944991
1097533190
1100284203
1102447491
1103298799
110362923
1103692255
1103823147
1106622685
1106903939
1106904238
1110640510
1113326167
1115226591
1115358023
1118362378
1118701318
1118745322
1119617503
1120010479
1120600303
1120846231
1122107631
1123484187
1123484547
113318936
1133206938
1135077294
1135303161
1135411679
1135416719
1136395019
1136559332
1136891474
1137009513
1137577923
1137682326
1138037831
113901867
1139541766
1142030575
1143603799
114360439
1143604398
114360619
1143670534
1146028631
1146857689
1147449920
1147488303
114753595
1147596250
1147611557
1147798403
1147894446
1148079691
1148258174
1148597923
1149371267
1150222575
1151336747
1152909791
1154023663
1156251887
1157365999
1157628383
1160709774
1163527043
116840953
1172162292
1174667743
1177354419
1178992699
1179524120
118163805
1183383851
1183777966
1187185359
119
1190330667
1195422658
1204617995
1204683231
1206453123
1206846039
1209140099
1210712303
121111427
1213268087
1215562926
1218250502
1224253232
122487383
1238523067
1239613739
1239941239
124256435
1246953951
1250952846
1254293623
1255669819
1258357934
126093062
1261634015
126227730
1264714627
1267730182
1268647326
127107652
1275696252
1275846627
1277169164
127860855
127866729
1278804267
1280508803
1284310790
1285424902
1286078643
1287784078
1291780395
1294074755
1294075054
1299906799
1301873239
1306003206
1308164275
1308426539
1313865847
1315766751
1316749791
1319502603
132280205
1324156078
1324286431
1325596851
1327169775
1327217007
1331822711
1332216767
1332757396
1334116651
1334444271
1335821786
133817647
1343226095
1349845891
1350764294
1355022028
1355350075
1355677875
1358102767
1358300934
135916046
1360800187
1364283541
1365181135
1367475374
1368785795
1369310345
1373045215
1373964158
1383335086
1383530615
1384785115
1391789830
1395392751
14045
1409155671
1409155971
1409417695
1412235323
1413284019
1417937495
1417938094
1424360323
1431634399
1433142207
1438253235
1438521193
1440458978
1444348203
1447363459
1451099610
1452605739
1454113307
1454966534
1458570654
1459618271
1460273631
1463892763
1467285743
1469057972
1472726190
147456179
1476199299
1480065503
1485774396
1486029998
1487929943
1490158047
1492977414
1495204079
1495531819
1496318431
1498
1498546295
1498808799
1499005167
1501626847
1501889411
1505690499
1510457475
1510867423
1513619515
1517224535
1517617391
1519190495
1519387103
1522467295
1522992542
152699359
1527644819
1530266199
1532756447
1532887279
1533935675
1539387088
1539966962
154009779
1540424159
1542717679
1545340078
1548031849
1548484847
1548812767
1549271939
1549469446
1549861343
1550255758
1550844803
1551828742
1555303049
1557107627
1557397563
1560543831
1560544430
1561985143
156762351
156762591
1569067707
1569325115
1569961279
1573528954
1576010327
1578632366
1582123217
1582498990
1583153751
1583286022
1584332979
1585053755
1585381495
15860491
1586955139
1587021274
1587677233
1590297115
1590689792
1591935575
1592853439
1592984511
1593574095
1594819039
1597178275
1597768159
1600194310
160039391
1600848771
1602486331
1602683479
1602814011
160564638
1606616958
1606879102
1607074810
1608124166
1608255837
1610547259
1611990190
1612907095
1612907694
1622808425
1623261303
162595295
1626407151
1628899198
1631793541
1633092782
1637417439
1637744699
1638531971
16389
1641808771
1643380795
1643840087
1644954199
1646395871
1650460422
1654260011
1658781875
1665402510
1667105007
1672806879
1672872175
1672938670
1676804395
16777217
16777985
1677984223
1678311663
1678442555
1679687739
1682270646
1686176643
1686700511
1689059387
1689126662
1689256055
169083179
1692140479
1693909891
1696071919
1696073478
169608127
1696268767
1699486744
1699742595
1701380995
1705247619
170656043
1708065667
1710098062
1712521695
1713439319
1713439619
1721827507
17236087
1723794606
1731462019
1735918467
173801951
1738821432
1739522527
1740505207
1741095811
1746535299
1752498655
1755513311
175574540
1758203051
1759052075
1762132027
1763636629
176685175
1766982231
1766982531
176752390
1769865695
1770455159
1772749998
1772879931
1772880651
1773798574
1774846011
1775960963
1775993550
1777533407
177866502
1779958659
1779958958
1781270278
1785528919
1785529219
1789134718
178913759
1790975000
1792609804
1793262167
1793262467
1795293903
1795949443
1802569478
1804993710
1806237755
1807351867
1819149187
1822230278
1824195159
1824195758
183069825
1831929006
1833960622
1835204847
1835534086
1835599502
1836975278
183894255
1839923499
1842152287
1845429123
1851167592
1862336991
1862795503
1863582175
1864518918
186581471
1866858795
1874264663
1879377670
1883177859
1888739716
1889076998
190186670
1903427774
1904148719
1906245871
1908211951
1909287748
1911423875
1914768308
1916928899
1917386811
1918125629
1919943135
1920926175
1923612821
1925073187
1935410051
1935606958
1936659101
1937899819
1940391086
194183647
1947599087
1949173630
1950023680
1951038410
195428831
1955070851
1959330990
1966998103
1968504891
1968570607
1970602583
1973158187
1974075631
1975977734
1976172663
1980170483
1982248506
1984627167
1989559869
1990068094
199033131
1992098391
1992098691
1992819587
1992819886
1993606198
1994720131
1997668591
2002452779
2005532911
2009006559
2009530607
2012333721
2012350094
2014184383
2014314735
2014502296
2019820718
2021982687
202534842
2032075231
2035351731
2036465723
2038563415
2038564014
2039350446
2039680524
2041905871
2044723319
2045509811
2050687455
2052719790
2053474512
2053855673
2055340511
2055603674
2057635590
2057769719
2060386903
2061829894
2062484654
2065629663
2066025996
2068316639
206832095
2069037955
2070016700
2070807127
2070807427
2077529580
2077691404
2079654127
2079720023
2079720323
2086863327
2088173687
2091647215
2095737900
2096890335
2097021407
2098790639
2102396078
2110456287
2110718431
2113012551
2114519519
2115503878
2116748163
2117861495
2117992507
2120286687
2121664382
2124874627
2127102251
2127298619
2128150647
2134049367
2135556995
2142045059
21432190
2143486431
214368555
2144076555
2144147305
2144802665
2147221983
2148336095
2148401451
2149319854
215154747
215285879
2154037967
215417311
2154300291
2154497198
2154955051
2155741783
2156921311
2157379643
2158626566
2159805614
2163213187
2164785271
2165310039
2167522185
2168062431
2172911795
2172911915
2173437102
2176319727
2179474040
2182153390
2183266363
2183922143
2189689311
219152863
2194408323
220135603
2201421456
2202010079
220202458
2202821354
220341404
2209874039
2209874219
2214133999
22152966
2217017643
2220558086
222298171
2226914239
2227372931
2231757561
2232025987
2233403084
2235696003
2240545067
2243429850
2246705751
2246968195
2251292791
2252210655
2256013062
2256535671
2257322043
225838254
2259082804
2261694287
2264399931
2272854495
2273856568
2274212456
2275935406
2277088634
2277704579
2280391135
2281047934
2281308459
2285764847
2288058847
2289239934
2289959691
2290549035
2291774221
2292647086
2297423566
2299986159
2304312494
2305036987
2305884279
2306045278
2307249417
2308310790
2309162158
2314076639
2316042419
2316043438
2316043738
2316501591
231933702
2331443439
2332754219
2343436587
2346516659
2352350862
23527903
2352808415
2355888427
2356216047
235628173
2358444511
2359817998
2360083630
2360380921
2360870062
2361459587
2362049411
2362835063
2362966915
2363884419
2370175275
2371551711
2372436202
2372666842
2378367455
2381006488
2382954975
2387411723
2391081079
2392129715
2393113055
2395078805
239534679
2395734255
2398749571
2400126726
2400388570
2401108447
2402287795
2407924910
2414281902
2417271302
2421096627
2423457841
2423719086
242652495
2427126239
2427126359
2432500611
243269871
2435645559
2437154686
2437349675
24379871
2439315755
2441742086
2442199939
2444559834
2445870734
2446066862
2448467590
2449866811
2450262645
2457272919
24576899
24577198
2458321375
2459900952
246481495
2466115364
2466843255
2468807555
2469134815
2469528750
2469660542
2469986543
2470277783
2472149591
2473330138
2480538499
2487943467
2488467575
2490434734
2492337506
2494431411
2497840003
2498430126
2501248774
250152710
250479071
250736662
2508670525
2511732975
2512912503
2513633519
2515140847
2515403231
2516349236
251727372
2517368951
2522677727
252576043
2535326655
2535706468
25362731
2537358031
2537555838
2538144942
2538930295
2541224415
2543125379
2543518175
2545353902
2546925687
2549614462
2549875886
25506
2551841906
2553152686
2554331735
2555773167
2557412526
2557739607
2564686303
256574399
2565998462
2567706473
2567899939
257
2571108831
2571239903
2572681515
2579431903
2579564414
2582054542
2582839535
2583888771
2586378719
2590245103
2591228083
2592932319
2594505003
2596182613
260506798
2605777135
2609512927
2609517842
2618294451
2620588271
2621178035
2623670142
2626160390
2627933458
2631533143
2636382807
2638638085
2639726462
2641363903
264450463
2647785711
2650276739
2651652335
2655829783
2655846639
266010863
2660109836
266089235
266273067
2666726275
2669216942
2670920159
2670920279
2674065467
2678063403
2682257647
2685597468
2685600942
2687238623
2691237038
2697920571
2699560710
2700217954
2700936067
2701983983
2709520863
2711290455
2713519278
2714634110
271844227
2719416559
2720137515
2720203231
2721448055
272499287
2725446111
2725839747
2727608559
2728133087
2730761240
2730891293
273221382
2733834359
2733834779
2733834839
2733834959
273547443
2737706857
2742682079
2743861727
2744386015
2745304838
2745569379
2745697155
27461382
2748515502
2752774743
2753812628
2755002847
2755985887
2757034223
275775607
2759000303
2762540206
2762932523
2764308959
2766275039
2766405871
2767783806
277162457
2776891871
2778530091
2780436329
2783774590
2784167806
2785871622
2786001195
2789282187
2789345030
2790000390
2793930931
2795373143
2795373443
2798784567
2799763695
2801039303
2801271023
2801302048
280251828
2803040495
2807498622
2808283255
2809135163
2821153706
28246195
2825978755
2825979654
2833055923
2833056043
2833515455
2835940227
2836070639
2840330539
2846097467
2849088614
2852394258
2852983918
286261727
2870019846
287090642
2871263711
2871525435
2874869390
28770543
2878341599
2886402347
2886664431
2886729907
2886730027
2887975391
2890139518
2896429235
2897740075
2898067695
2900035214
2900886702
2901161078
2903377670
2904490103
29097
2910126559
2911307526
2917140829
2921071551
2923499020
2923764760
2925630835
2929918851
2935481128
2936013399
2937062155
2938833245
2946368387
2947350707
29491259
2956329139
2958165166
2962162383
2962554939
2965832159
2966160259
2980774607
2981560559
298254815
2985361887
2989162555
2989556311
298975711
2990932207
2993357339
2994275263
299434283
2995060975
2997094150
2997944379
3000632075
3001490201
3001745647
3003646851
3005416323
3008036923
3008037343
3012952723
3015508447
3020292575
3022981169
3023569195
302580191
3027567071
3029795295
3035824607
3041198679
3041263855
3042312851
3042312911
3043100422
3044933691
3046441439
3048735619
3052601823
3055616479
3057255119
3058041431
3060006971
3063415023
3065446699
3069968863
3070230707
3070231007
3072589883
3077047231
3077111987
3080980350
3081708318
3081765103
3082224515
3084779999
3085173335
3086614587
3088056499
3090157925
3092579023
3099741500
3106406879
310772011
311232262
3115516383
3115976334
3116303235
3119579195
3120038127
3124298447
312541663
3127248046
3127968403
3129213707
3130918662
3131048415
3132358955
3137470943
3142517215
3143044620
3148415275
3149667352
3151495407
3156541919
3160146219
3165718877
3166963462
3167490747
3174695151
3174695391
3178104582
3179217135
3181379763
3182429119
3185443295
3188982659
3189442430
3190948079
3191406651
3192259039
3192521183
3192914099
3193503923
3194618335
3196393321
319750443
3198092223
3201505129
3201958487
3202678843
3205038559
3205930904
3206611183
3208970479
3209299718
3210938118
3212902579
3215589615
3216901294
3217688326
322109919
3221225951
3221291067
3221910545
3222666883
3224241806
322437359
3224987864
3225681979
3225944543
3226011398
3228510030
3228642596
3229024315
3229164318
3230847050
3231187123
3231450531
3231973495
3232639916
3232867419
3232990199
3233082275
3233481183
3234006190
3234238873
3234594816
3234728776
3238854895
3241215150
3241869431
3243114645
3244492550
3244687419
3246591500
3250847983
3250883551
3250913399
3256877955
3258633826
3263008330
3263300063
3265003819
3265467666
3272672131
3275655957
3275766310
3275835325
3276534353
3276586825
3277063043
3280273887
3283419195
3283944083
3285254923
3286368855
328794411
3289605775
3289704565
3289970545
3290104047
3290263443
3291349051
3292856799
3293513478
3293774303
3293807589
3293839539
3294298411
329595395
3296921350
3307539301
3311198561
3312058487
3312059087
3314483679
3316188934
3319494404
3319595487
3321496451
3321496750
3322806991
33239
3327067910
3329753687
3330605295
3330736187
3333751083
333447647
3334996147
3336306867
3336569311
3337291646
3342992079
3343057375
3344236843
3345285839
3346137567
3346321822
3347710431
3349415566
3349676511
3349742467
3351252492
3352889094
3354395403
3354658566
3356496765
3364422111
3365799686
337000030
337446542
3375628767
3375891151
3378970803
3379631977
3383886603
3387229358
3387490423
3387949115
3388343171
3388868058
3388998531
3401842807
3402499066
3406168123
3410428503
341120754
3413181315
3413182214
3414425779
3415040078
3418953577
3419932422
3421306939
3425632555
3429329387
3429696387
3430389618
3434414259
343540191
3436236370
3438281603
344260907
3442803167
3443198900
3445818063
3446276695
3446670211
3447455983
3447719686
345374779
3461415031
3461546763
3463709571
3464406315
346556166
3467248095
3467472157
3471507935
3471770079
3473801695
347408134
3474718959
3475833311
3481011075
3496084175
3499763311
350291118
3505651951
3507618271
3517186347
3518103731
3518759391
3522298755
352263192
3525575615
3526754783
3530153004
3531145335
3536193286
3536652038
3537961439
3539861983
3542351931
3542941935
3543597655
3548053743
3549365422
3549603448
3562296483
3563979231
3564699887
357761503
3579068577
358220974
3592882046
3595240323
3599106287
3599349983
3605856495
3608353816
3618243459
3618375430
3620995971
3621193178
3626631407
3632727454
3634823647
363660163
363661062
3641544758
3642753263
3643933151
3646095479
3646554351
3648651743
3652323078
3659945647
366019039
366084335
3669754035
36700759
367263983
3675457286
3675980675
3676570079
3679125563
3679981068
3680436463
3684040763
368705938
368772750
3687841971
3691184607
369165247
3693660529
3693675395
369427630
369819767
3702458417
3703375022
3717661151
3725394039
3727688579
3732865263
3738489625
3746104195
3746889907
3752460407
3756922130
3761373783
3761374083
3770274608
3771728711
3777302028
3779679569
3781171049
3784447670
378537734
3787877981
3790929979
3795124703
3795788771
3796500959
3799062377
3799065198
3799384543
3804037599
3807227664
3807248503
3807314938
3808124789
3808537292
3819176415
3821668401
3823960543
3825140191
3834184159
3834839219
3836608571
3836805239
3840540791
3841458235
3844997599
3845286314
3846898563
3857651561
3861512491
386401155
3865510367
386601359
3867214303
3878759070
3880976863
3882090735
3883142668
3885761291
3892114312
3894281031
3894477699
3894870315
389743071
3903062495
3904016814
3904176187
3904569583
3905159407
3905814647
3907191383
3908716878
391512543
3915189892
3920429115
3920429175
3920429955
3929145943
3933274411
3933406023
393610115
3936618246
3937141215
3939241484
3942252783
3943011577
3945594939
3947782326
394949231
3954508675
3956
3956343263
3957784755
3957785055
3957982083
395838339
3958439802
3962110431
3962831027
3962896863
39649579
3967
397017567
3975151795
397674246
3981641478
3982819807
3983868383
3985441067
3989054852
399376503
3995473769
3996123615
3998615302
3998811910
3999465711
4000514647
4000581382
4003333894
4003421456
4006357305
4008640991
4008838019
401080799
4012704643
4015718999
4017815671
4025352251
4028381594
4037346478
403767775
404292902
4044025462
4044031450
4051697903
4053795055
4054319583
4059496567
4064208024
4065394987
4066902495
4068540895
4072341743
4074176811
4080665055
4083483523
408354935
4088725803
4091347423
4094034159
4100218603
410190423
4103460512
4104722281
410583189
4106223735
4107796719
4108059103
4113090604
4116447951
411895558
4121886899
4123721847
4124116142
4126148358
41358610
4136239583
4139123167
4140106027
4143189516
4146726662
4149712684
4150854231
415236995
4165337147
4168027660
4169007343
4172546347
4173948604
4174075240
4190852500
4199745286
4205707863
4210487289
4210491631
421068859
4212196526
4214817067
4219404527
4222485379
4227399739
4230611183
423100655
4232315779
4232443130
4232518680
423559227
4235722871
4235722991
4238672771
4239196399
4241883615
4241920689
4245278512
4246339823
4251911043
4254797324
4254925039
4254925699
4258267615
4259513099
4263510135
4268234601
426837766
427032695
4270982019
427163707
4276945375
4282843735
4282844035
4285399519
4287038339
4288348639
4290773051
4294181103
429457887
434307671
434635711
435290351
440795375
441057759
443024259
445514207
446384276
446562903
446957438
449380831
452396806
453903055
455868595
455868895
457311406
457533666
45851
459152408
464126431
464781791
465766150
467775762
46784
468255619
473367007
473628851
477298927
479
479766361
487872570
490407806
49087902
491061487
49173
492241135
493814359
494797279
495911391
496717012
500106414
507709190
514001245
515637727
51577731
517276127
519308762
519525266
523239723
527434027
527434207
527435526
5277
533332807
533726083
537447090
539033659
539164911
541721055
542836606
543884163
553223312
554352614
557711839
559679358
561709175
569508079
570426542
572588331
572916191
575668523
578553486
579535747
584253499
585236719
585564639
586285115
586285595
586285655
586285715
589693407
59
590676447
590807999
593953247
595919327
598868207
59920131
603110481
606208239
609485039
610599091
610599151
611451119
614924527
615645903
616564486
618814652
620429551
62077
621019195
622461407
62260099
62324855
62325035
630915551
633148450
636617303
638779871
640617996
640745951
644022571
647824259
647825158
648742542
65008
65405047
663357375
665243854
665846958
666827801
67239995
675152351
67568095
677642479
680331014
681050591
682025502
684655790
685506739
685506859
685965791
686036242
687211395
687735982
688128899
688719622
692388319
700317875
706937071
707658627
708969047
713164670
714540566
715392774
715784671
732956721
737149107
737149227
741016031
748224991
749012742
750190831
751894827
751896326
752751781
753533887
753598523
754713055
756940919
758449806
762839939
76349919
76350339
769
777979654
785844273
789776134
790
791019520
796262879
802031965
802752262
804848215
807207391
810418415
812580923
818217199
819921135
819928088
819929816
822674307
823002886
824116099
829883327
832842742
833421791
838140383
839647711
840823936
842924271
843319046
844380222
8454623
847511791
850395195
850920622
852267
853738670
85590075
858261254
860487979
868746894
872416131
876217518
87623550
87688007
8782423
8782723
879232774
880804439
880805038
884342843
887291963
888678468
889653118
891290079
8912955
891748651
893714671
894501163
89456699
896532959
898892075
900727263
90112239
904952171
905969723
906691459
907083835
908066875
908067295
908460091
910623679
911690047
911999155
913381222
916195198
916785022
918554494
920000361
922026703
922419499
925303263
927990659
929562803
936248374
944899246
947323479
947324078
951714271
953664878
955122143
958596870
95948300
969408661
971506263
972148719
972488943
974901865
975111582
975438723
975569135
976486879
976552415
978321587
980484995
982126991
983499051
987890143
988680831
992346591
994182019
998179055
