107620323851507
112160067154267
11402898611200
114596801651387
123873527214385
126996654487494
127246817960358
12823855308138
1306161911079
137624703119513
144528252851947
146220771582364
147734473058942
149586281672502
149811566060083
155405286394448
158271258062141
15992299107197
162387647926964
166516959877350
17389981584113
175378600573602
180151301635580
182734849544099
187146245934382
200474441362416
201204609738415
202573327409521
207329600238722
208603538250927
212676779733028
213812330109046
215220267078758
229758507490613
231887457377333
258605096101545
261344153383903
263828710797738
264007355728252
27260641080085
273081440281582
37492254939958
57925995643989
68042464960257
70790692889415
82212484200095
98150316350872
98953920706371
