100065434
1001076641
1002960310
1009188259
1011785674
1011971090
1015159777
1015869608
1016139322
1017348157
1017938253
1018438678
1020979499
1021711479
1021979589
1024774499
1027654185
102901572
1036684954
1045845719
1046563494
1048917971
1049033058
105010349
1051174139
1052110466
1053312021
1060360877
1060373766
1064168180
1065637616
1067225909
1067955315
1071116843
1071840136
10748578
1075489900
1083990463
1088342088
10884700
1095586789
1099069059
110102684
1101182581
1105338697
1111860751
111289419
1114283112
1115482182
1117241639
1117750151
1118085566
1119909461
1120397969
1122909268
1123007337
1123787961
1130737612
1135617858
1136140489
1142252196
1143876802
1144694213
1146632763
1147227963
1151567178
115215487
1154359408
1155561092
1155919157
1156743801
1159613356
116087625
1162114443
1162972983
1166485886
1168199140
1170405373
1171612683
1174503873
1175234409
1175307292
1179574017
1183780157
1184748596
1198733585
119956577
1201255050
1205354206
1208179452
1209786529
1211625958
1212946541
1213795935
1217304364
1217711591
1219085706
1220328235
1222474189
1222796094
1223503258
1228532394
1229662571
1229689255
1235240743
1242332295
124517458
12462944
1249133498
1249680865
1250022171
1256193711
1256455102
1259937874
1261650816
1263123922
1266118783
1267620194
1269421154
1269862301
1270681807
1272814197
1277634560
128489425
1286365759
12867130
1289190874
1290999005
1292147896
1294326891
1294351888
1298703942
1299057365
1300967257
1301448294
1306477451
1306500101
1309817825
1313534330
131391846
1316708193
1317302479
1320438454
1323295305
1324085543
1325360354
1326599348
1328770001
1328853022
1329242649
1331436085
1334281795
1337687267
1337984584
1340945371
1342066820
1343189950
1348578797
1348732080
1351743046
1352630501
1354764828
136416443
1369179951
1370154672
1372260615
1373188097
1374681650
1375878033
138058778
1381907539
1381914325
1385430374
1385717007
1386483252
1388856279
1391120352
1391656412
1391925337
13930197
1393476552
1395083455
1399946525
1401536213
1402720500
1406441858
140748167
1408073303
1408681312
1409392891
1412225193
1412759265
1413116807
1413184640
1414102473
1414261536
1416217520
1417048488
1417916274
1423661374
1423819900
14240160
1424213017
1424234923
1424883959
1431397020
1433645828
1434052884
1435130656
1435820779
1436837397
1436906170
143822159
143868071
1438701544
1439329216
1441774475
144184818
144909212
1457730907
14605867
1460803247
146236026
1466147957
1466188642
1467465963
1468633800
1470910957
147123400
1471708364
1473925048
1474428762
1475320259
1479175448
1483221028
1487316283
1489313393
1489791671
1492432567
1495783710
1496008699
1502428531
1502745072
1504484618
1506353186
1506608507
150704388
1507671044
1508801556
1515131520
1519533817
1520904657
1521624676
1523844507
1523870797
1525481650
1527606537
1531740969
1534414349
1538988119
1539203033
154271939
1544773081
1545371568
1548277129
15488267
1549910974
1554159996
1555160172
1556488072
1557135880
1558591553
1559372013
1564208511
1565484844
156739002
1568470819
1568512348
1569113805
1570173603
1571127331
1573119985
1573390035
1574442822
1577222885
1578012051
1578049770
1580710873
1582222930
1584975288
1585709711
1590193655
1590359984
1590694151
15962928
15979454
1602113450
1603223356
1608568642
160861090
1611699399
1614948411
1618542370
162069410
162149250
1626118676
162778851
1628026374
1629994491
1630671107
1635671838
1635700131
163592611
1637520662
1640758378
1641701275
1643476247
1644768535
1647684051
1649799257
1658131122
1659795772
1660321424
1660848736
1661756599
1662689367
1663080348
1664805354
16702789
1674372246
1675622109
1676332776
167683527
1681786569
1682258460
1689844977
169042688
1696119523
1697467284
169868551
1698813491
1698975663
1703058326
1703429075
1704515094
1705476117
1705645297
1708183302
1710973660
1712386594
1713076094
1714606162
1715722851
1717627110
1722835682
1723391510
172346343
1723629569
1723670823
1724093537
1724651240
1733212667
1734464916
1736539271
174111845
174324305
1744335256
1747661277
1748000752
1748414739
1749295178
1758372371
1762168456
1762181912
1764546162
1768817795
17727828
1777102317
1778250801
1779630210
1780204591
1781403314
1784403674
1787564541
1787766111
1791672603
1792160054
1795199075
1796159491
1799859204
1799995687
1809109581
1812472645
1813319383
1814130728
1815813094
1818119499
1819134492
182057850
1821381980
1822078137
1824726813
182848381
1830097898
1830540298
1830603227
1836715257
1840703272
1843443309
1846208508
1851397040
1853579937
1853878297
1857770211
1858037958
1859224235
1861773875
1862189671
1862984610
1868307490
1869812187
1873460990
1875705854
187601222
1878374416
1882758537
1889675162
1891871296
1893635918
1896135089
1896451817
1896834938
1899310941
1905089973
1909888814
191285702
191366099
191488951
191619021
193270712
1935726542
1940398759
1942914059
1943161318
1952403035
1953342664
1954362596
1957070015
1957718128
1957734514
1959179946
19592304
1959942481
1962710806
1966100327
1968173184
1971603725
197255393
1973083564
1977689644
1981535375
1982250482
1984508378
1985185867
1991823281
1992800268
1999588589
2004339953
2015712300
2016143978
2017058012
2028335154
203257511
2034897585
2036160002
2037852620
2039650046
204212517
2042632331
2042650646
2052063789
205678346
2059236658
205974498
2060327873
2063153116
2065417280
2069758237
2075631987
2085132354
2086502799
208864645
2089320086
209255972
2095591982
2096198324
2099955627
2104141445
2105366179
2105884736
2111913803
2112964560
2116516121
2116553966
2117444690
2117902315
2118124364
2118872214
2119613932
212256921
2123190680
2123360691
2125879392
2126378081
2127154373
2130757514
2132148351
2133913508
213561669
2141343582
2145255764
2146293426
2150370170
2153019381
2155225959
2160740451
2162127980
2165679365
2166914688
2168509411
2168922130
2169179513
2172861771
2172971616
2174242406
2175605623
2177960334
2182843792
2183827861
2186004599
2186180651
2186977136
218741652
2188910589
219164099
2192695995
2201744000
220303478
2204639778
2204811909
2204820486
2205339150
2206223666
2207531755
2208874058
2210016344
2211659639
2214677819
2217621874
2218906772
2219317841
2222350711
2228697978
2230691276
2231385486
2231593577
2231672779
22317871
2235065958
2236323545
2238672778
2239115707
2239308653
2240193951
2242988692
2243580950
2245844151
2246101797
2252234627
2253501037
2254268809
2255280717
2255340820
225640091
2257631932
2258263844
2260472992
2262457132
226529759
226855194
2269083513
2269205801
2269609980
2274192266
2276000105
2276658000
2280455089
2282040112
2282884102
2283463366
2283486306
2283861650
2284779736
2286504697
2287938604
228954588
2294806969
2296753197
2307200960
2308028762
231211947
2313229269
2314304334
2314485255
2317113643
23200852
2320181814
2321143285
232205035
2322057086
2326907052
2329549711
2331338362
2332351273
2333142928
2336333514
2336438948
2336691654
2342544703
2344916016
2345337935
2345374934
234946741
2351267084
2351595887
2354513338
2355565744
2355656284
2356327688
2356529912
2359676015
2359866552
2362790680
2369189405
2371131670
2371892086
2376919025
2381157581
2381893083
2384743632
2386031511
2388546756
2390805860
2391585709
2397902191
2400079736
240077029
2401758361
2402840518
2405365798
2406079182
2406622968
2407397106
2408723004
2410082569
2413366543
2414235700
2415777261
2415854183
2416457636
2418050793
2420130975
242184141
2423639566
2424258641
242460478
2424724554
2428065989
2432829379
2433723395
2438388652
2439453355
2443269894
2444678500
2445971344
2446026702
2450173936
2456264378
2457999428
2458147963
2460622099
2461856119
2463126879
2464704403
2465660107
246923514
2469700854
2473481352
2474515751
2476612071
2480325036
2480522086
248568199
2486421210
249016037
2491169257
2492922654
2494074704
2494439168
2497191969
2497983762
2498120276
2498357320
2498542297
2501689388
2502044335
2502804716
2503134555
2504475702
2504802928
2506448972
2506752153
2508408516
2510943861
2513146859
2514873334
251610840
2518323784
2518667703
2518698239
2519173646
252028883
252080117
2521386447
2521763294
2523123660
2526687155
2527789195
2531444787
2532033108
2532419458
2539430388
2540172082
2542547789
2543286054
2544270022
2547578853
2548038883
2551980492
2552886223
2553182800
2553477475
2555869911
2564151609
2564648721
2565281214
2566436039
2569987989
2570676933
2571821246
2573237899
2576958728
2579539465
2580067747
2581099039
2582137912
2583034111
2583713123
2584300593
2588906278
2596534162
2598652887
259880399
2599735855
260047665
2600545633
2601776809
2605193523
2606313573
2608877330
2611223949
2612189919
2613650557
261636244
26169309
2622481762
262686487
2627314203
2628738671
2633053398
2634590475
2634693146
2642833807
2643848512
264577794
2646149434
2646670250
2648809980
2649876781
2650967176
2651212042
265427802
2656441212
2658216642
2661846218
2665222119
2665722327
2666134708
2668539307
2669754553
2670630635
2675303031
2675305734
2676124983
2677403422
267808381
2682935657
2689953476
2690916473
2693406223
2693922108
2696690426
2698796153
2699673351
2704960810
2706612472
2709990640
2713749622
2721059267
2722436447
2722498042
2723083380
2724983802
2725744998
2729230444
2730335369
2730407732
2730825194
27363723
2737723518
2741310742
2741517805
2742102293
2742587242
2747859489
2748518803
2754200693
2755053166
2755651151
2759113781
27593215
2759391507
2761956787
2764996183
2766223758
2766464678
2768779645
2769563687
277375973
2773969211
2774752548
2779841856
2783195376
2783718985
2786695988
2788844320
2789604393
2790052258
2792368179
2793406035
2793717950
2794299079
2796241303
279805274
2798261257
2798289115
2801972336
2803357705
2804415378
2810324576
2813305969
2815092278
2819440921
2826152992
2829451704
2832574770
2832634673
2832655156
2834212154
283439218
283683190
283772035
283984646
2842390234
2842788779
2843180243
2845158041
2845570246
284959280
2849712175
2850466669
2850492143
2850845221
285233620
2853408252
2853439707
2855324926
2855680756
2857754860
2860437109
2861963340
2861995327
286324103
2863621207
2863800846
2863823398
2863981861
286448918
2867364750
2877160829
2881222791
2881379502
2881615110
2885351031
2886802628
289042377
289177093
2892771242
2895914984
2897313345
2900539308
2903752678
2905208686
2911862408
2912469448
2912524360
291799638
2919498177
2919931859
2920443723
292079343
2924401433
2924978745
2925830917
2926348593
292635337
2932448501
2933170414
2935078877
2935529151
2941197096
2941290769
294173820
2942779076
2942968763
2943530684
2945130657
294711357
2949783753
2950529533
2951393996
2956382677
2959366267
2964208486
2964876435
2965917126
2970038843
2977044962
2977506283
2980230422
2980569203
2980828220
2985713026
2986052591
2986712140
298780162
2988559117
2989998643
299114262
2994776352
2996001542
3001076354
3002528313
300450269
3008587801
3012005451
3012916551
3018734395
3019284566
3019693346
3024440739
3024602877
3030676508
3032653905
3036014669
3037223612
3038392127
3042428723
3046275020
3050326206
305056074
3052711206
3053039410
3056478789
3058460348
3058493464
3058583713
3059032227
3059465526
306073481
3061430398
3065277014
3067101710
3072280270
3075200878
3076073954
3080257857
3087954802
3092623565
309358052
3093936342
3095144595
3098440967
3099204952
3102561172
310652841
3107112822
3107452687
3108631914
3109972507
3111344948
3111484241
3111973041
3112478581
3112526409
3114414095
3115740291
3117071101
3117308257
3118107421
3118110998
3118623440
3121611597
3126075096
3128038930
3128833011
3129255022
3131297629
3136291928
3136958026
3137832496
3138077275
3139527623
3142875537
3144639765
3148017240
3153558976
315750081
3158361927
3159254925
3162382093
316717734
3171528590
3172025124
3172327924
3173187015
3176267789
3178990899
3179458611
3183142663
3186251880
3187112834
3189110885
3189174495
3192016148
319234025
3194291532
3195975723
3200627722
3201462317
3202927457
3203281339
3210952567
3212371836
3215416197
3217412684
3217468645
3218379820
3220357742
322291829
3228541385
3232513140
3233922252
3237548447
3239000137
3239109571
3243388265
3245187892
3245920526
3246287272
3246764141
3246912133
3247301362
3248289310
3257226689
325994837
3260526466
3261109272
3261332953
3261422363
3263078149
3263755508
3269221631
3270425141
3271154557
3272305428
3273186384
3273594683
3273876664
3274799922
3275153882
3275269375
3275985350
3277206372
3285116727
3287287890
3294047775
329410813
3301232706
3301484594
3304667317
3305387875
3305529298
3306457760
3312777344
3314697538
3319186171
3321174716
3322998061
3324051021
3324129633
3330455308
3330585786
3334259159
3335900548
3336438307
3338281396
3342842889
3350566680
3353245513
335698017
335959303
3362622193
336455940
3366465537
33668923
3367249981
3371937888
3372074350
3373544032
3376822036
3377109215
3378285977
3386451823
338774801
3392951676
3393156396
339743785
3398122535
3398216939
3398450347
3399118214
3400071216
3402741657
3405478117
3407256897
3407492542
3409677960
3413188414
3417961228
3421338107
3422421679
3422828228
342500096
3429779343
3430513266
3432039736
3432988220
3433309822
3434738799
3437353114
3440941966
3444327815
3444449857
3445390079
3449419575
3449990325
3450717496
3453180785
3453679382
3456253585
3460571477
3465665370
3469746588
3469889945
3472357061
3477690811
3478834062
347891743
348164344
3484326596
3485906828
349033098
3494085035
3494660885
3497204783
3497704650
3500519473
3502141150
3502605080
3507319314
3514285684
351531370
3515393965
3518007234
3522236327
3523260138
3525648888
3526362005
3529589108
3529685292
3531431247
3536058911
3538112052
3538174126
354217615
3542620099
3543765797
354516468
354799035
3551890130
3554700960
3555829356
3556213197
3560905045
3562863630
3563840080
3566120282
3570872452
3573338488
3573672003
3579923504
358159820
3584387160
3584989910
3586772377
359034151
3591822234
359336507
3597089163
3598078630
3598449964
3599416594
3600454624
3603568796
3603748288
3604867751
3605188771
3610043819
36138413
3615296282
3615887412
3616749994
361704970
3617630522
3620521089
3622651552
3623837942
3630440484
363703051
3638733003
3642184493
3642831486
3645865946
3648929244
3649217169
3651382064
3651416989
3652510623
3655465816
3661278230
3661840983
3663182450
3665759440
3666257230
3669087602
3669116220
3669328564
3669433684
3670231329
3671579102
3671649952
3671957710
3672928398
3675033267
3681508413
3681846950
3682880057
3683632770
3685169858
3687241278
3692852354
3694719667
3697711203
3700447163
3703785932
3704975561
370904092
371062825
3711724230
3713322129
3719066421
3721922836
3722739241
372417391
3724681237
3725192359
372600955
372755185
3729858996
3730717270
3731968888
373221839
3734998615
3737090027
3741480733
3741549522
374582977
3751293498
3751551190
3751741904
3756199422
3757523780
3758725824
3761813570
3762651354
3762786690
3763439183
3766702718
3766857344
3771721480
3771764891
3772267608
3772325611
377822873
3781336421
378288448
3786388154
3791637545
3800777646
3808030672
3810364142
3811293831
3813627925
3814245306
381463179
3818787152
3820319170
3821277182
3822681701
3823278614
3829200753
3830342500
383253494
3834987361
3838890815
3842882234
3845577462
3846512390
3849927813
3852115821
3852814879
3853747056
3857356967
3857465685
3859961951
3860177404
3860386996
3863237870
3864121752
3865397205
3867335636
387461135
3875580712
3878136241
3879789969
3880527295
3881445655
3883426473
3883895298
3883930561
3884097738
3888421322
3890857465
3891436873
3895848800
3898566896
389906897
3904377286
3906034591
3911823365
3911879453
3915372905
3920694528
3922091898
3922270891
3922289933
3923734450
392419310
3930065880
3930872371
3931531902
3932215019
3933378549
393577482
39383322
3944645851
3946519296
3947360551
3948348448
3950448281
3953825775
3957124440
3958021576
3959254111
395937256
396124042
3965058029
3966582985
3969871020
3972944388
3975118510
3976080307
3977402756
3977483059
3978558221
3980046170
3988843833
3989077579
3990315810
3990743028
3993476650
4001978504
4005785334
400593157
4007497173
4007627685
4014062099
4014067136
4018371006
4019830474
4020666350
4022800265
4023899957
4024637826
4027833738
40312766
4034333330
4035090106
4036506517
403952742
4042338732
4045645566
4045648940
404775635
404987422
4053576036
4054088004
4054691817
4060035186
4061236627
4061795783
4062019733
4069249214
4071767103
4073216201
4076452727
4077121504
4077944664
4078582682
4080309591
4084798280
4085330041
4086687732
408782509
408889213
4090657186
4090900613
4095449812
4097443958
4097468132
4107255394
4110028630
4110487537
4111679466
4112119326
4112486932
4112931116
4113517136
4114101735
4114589914
4116905650
4121679887
4124028555
4125427187
4126198942
4129371488
4133224967
4133332734
4134236683
4136735279
4137026379
4138167358
4144238616
4144266278
414454697
4147154011
4147734551
4148010537
4148168425
4154508360
4158813861
4161499351
4162784254
4164512079
41669315
4167610952
4168215349
4168377686
4176281267
4182047975
4192599294
4196176568
4200221395
4202119507
4204185987
4204430679
420443649
4204459529
4210672332
4214486178
4217895872
4218742773
4218839683
4218937085
4220055581
4220967717
4221224178
4222435554
4222706180
4225049374
4226547214
4230944685
4241642478
4242470583
4248210091
4250470539
4252072010
425684838
4258713122
4259310884
4261023318
4262350670
4266191713
4266441696
4268169706
426822306
4270459562
4274092558
428086781
4281248678
4281287625
4282546391
4288412142
428849433
429550919
432843486
435846405
436015190
437139993
437728375
440988704
441850498
444669793
449714282
450994403
451137773
452502139
453527640
455687553
456296986
459570480
464096686
469358049
469691728
472431564
473077768
475048810
482827465
483808244
483983336
484970461
485250269
486237641
487038928
487055858
488231116
490502661
493126173
493995620
497164180
49885600
500201356
500870610
503048505
505122360
505485098
505575054
505916596
506240360
506631340
50714881
507189687
507426783
509703848
509756969
510017965
510042961
51425971
516349103
517969386
521682217
522049346
531053845
531107462
532100051
533264923
533609
536142936
536841870
537703028
544112394
546776398
551696796
553602560
554752829
564282826
564478370
571953864
575793035
57579863
576493253
583122124
585728977
588540846
589323741
590848562
593041936
593118251
594544960
598662643
604211863
605562707
605865235
60602646
610556006
611042159
617284291
619150839
619509422
620252293
621596129
62615815
62996359
630570847
632420398
633903564
637655192
642214508
6443925
646541910
647303660
648710912
650875019
651636561
652374806
663020164
663081341
663657028
666596299
666978005
667678993
669988821
670565749
67118912
674135980
6750801
680226807
688842808
689171112
691039993
691638737
693511970
694789812
696863951
69984301
701536616
702089430
702623833
706961526
710869104
71194180
713798593
714735468
715918456
717485905
720878148
723065899
726531447
73004543
732047454
732614408
736206620
736266893
739518958
739601164
740520732
742498420
742585244
745928553
746845928
747541085
749066040
75267561
752890891
753172971
754305122
754525647
755286319
756684486
759978430
760264166
760476790
762590517
763967017
763970946
765851852
767432182
768308906
770862096
774295256
777300480
779638893
77978054
783243140
783464786
783735147
784612134
785637678
786225058
786350562
786639409
788902964
790090086
790439730
798846597
799015955
799646720
803769579
803793989
804914486
805148697
807675537
80869537
818879123
820810331
822046843
822449808
822633044
822997805
823559435
827252695
838791554
841006062
843043429
84404630
844470522
84618823
846463483
847001525
849558773
851394102
852823947
852886587
854082487
855109794
855474393
857589250
864816307
865369146
869121378
870358196
873879935
87641860
878672140
878925343
881795168
885385143
890429213
891337305
897328579
902508545
903324561
903708227
904196460
905708030
906773949
909360279
909798108
916468860
917682433
918841849
919675259
9201387
922410699
92318291
924219703
924626882
925870391
926024558
927575784
93195737
932329447
933436281
936564273
93767129
941814853
944959519
950899025
951057669
951643374
95174378
955487212
956003982
95641306
956468766
957419736
962151365
968525078
975108677
975513886
97579729
977001306
977630736
982740183
984405859
986798397
989002155
9906869
991793236
992629261
99317130
