1051014186
1125559837
1128201630
118514174
1198986486
1203175623
1204805569
1304383078
1442451300
1464959575
1530416689
154368323
1565145227
156610340
1581774612
1671134076
1693830259
1697609213
1748127690
1750591690
1816362809
1848469159
1898909519
1994761146
2041716129
2053622849
2068673083
208177969
2131750206
2148341726
2157118078
2171420251
2211691926
2240382829
228192845
2322916884
2461382047
2466728512
2522440392
252245797
2531149053
2545673036
2617147201
2650236857
2672905555
2691139569
2718642098
2724162035
2819877638
2915327867
2926093899
2948442037
304385930
3043964468
3045783826
3195043310
3222473655
3227665378
3263577133
328207623
3294443497
3314191783
3371814088
3416045330
3429062050
344270988
3459071455
3496665163
3508757596
3540044591
359176739
3686460546
3756373520
3798152527
3835325992
386041379
392480835
4019551688
4040066567
4081364326
4094073505
4094403271
4094953043
4173543965
4213199632
4240240252
450614082
45809753
46192636
508752127
572765155
592304518
645967748
688394565
703249126
726339133
