102308307098349
105277423331727
107571265673672
115213679552153
117863720518534
118140689914434
119174041751607
127745481772997
131958778325000
140839331369102
141481990266544
142110197406477
142340726826051
146078037371344
156262568132927
158904067847008
160773256362030
193667245457145
196160678863929
20148131243463
20586001405023
206320128505140
226703835789052
235654624452593
240302184183702
244411233377079
249272145020582
250611581102525
251113043152028
257648897547723
264404786984275
265938790398640
270309293595663
274941171139712
280600217247105
29420823654785
31539296451678
32367041512395
33705437124422
34628819142504
44977848556318
47263650963868
47902154755967
59653240180019
68398549449247
69825702043395
86401661905983
88409884101884
89522679633375
93951483379554
