1013105014
1156506012
1217528528
1234023805
137344048
1560505065
1709189347
1721684133
1757385599
1806851408
1847436418
1957651290
1984058495
1990331104
2061300739
2235288941
2253176027
229461185
2330871660
2389859788
2494110841
255011281
2964795204
3076690785
3105956421
3251057035
3273987954
332429143
3349622437
3378527893
3508120603
3608327971
3653259075
3696570111
3806086733
3829042157
3858008018
3936914446
407580513
472203801
512200890
541328720
54218050
605564864
702074415
882475241
951575417
