11402898611200
123447820295328
126349076039891
127246817960358
12823855308138
1306161911079
144528252851947
146220771582364
150770337846036
155405286394448
160773256362030
16534879697630
180151301635580
187146245934382
200474441362416
202573327409521
213767516713231
22252707297140
227072826383704
231193756299942
233135227739599
244893237472854
247218008831334
250591259020270
254054224101795
258605096101545
263828710797738
84996549570180
88649176377304
94167530104098
98150316350872
99614840276957
