103551587650793
114853237071715
122700334675713
122930190795733
133220758739593
135392633928775
157948016279946
158904067847008
159982576277466
166717693600602
16875440414274
168992652097891
185409874484272
187195172365556
187769738482370
192312073911601
194861482003569
19885050268819
206623348577085
210371792793898
221853683548354
229417878881631
231205596625352
2363772890381
237997694426699
245260224586465
265844543504082
31816255634096
33963865118962
4230730548710
59501492535355
60177055309216
76075469329250
79969218895122
84243969202771
86725438562353
88924987405723
90815387309406
94587682762452
