103551587650793
105901279840054
115687094746765
116080447993726
122794249586238
129122464804479
134907733202044
139635204522617
152982190038227
155426055352377
165786648677037
165912561096887
169187386082501
175527174247257
179249879080425
184397269256443
194155743273753
19919296419540
221565752596587
226339844311025
228474196153848
232522437957067
233037637316038
23419188642620
238420854942336
238798322693949
239565708971120
241367805248921
244115637438959
256882181381486
263782779853955
263965098863543
27957840919246
30361929202700
31994501028000
3517584841076
52763026084451
58634417540612
63412776647858
7056732908882
76634694704237
86404513736447
94660539187371
97723515320970
98662093115489
