10621931959773
11268400197514
112790147516341
115587027270336
159834559320422
168708319789878
173364899585801
187411909650325
18805815779315
193947989172821
196964480181394
198860664293791
199285751710743
203545234628842
20451686251700
207826070762842
208287227657633
213484695568078
219824982107870
222179716215989
240128176978172
245502878326143
249360602294125
26062927746883
260921770713634
264243465239825
264338077038568
276610276008356
31672247004125
36323548807270
40424399780991
45462483446540
51618455199230
60062037665826
67605074564828
76513068663291
96931936926446
