106323356845615
108410403951483
112160067154267
112346879510083
114766814815786
114915470959817
115810367106485
11631170896485
122138811727770
126476135450692
128812670311159
130270923420674
132566938580496
134899700319594
145307807719271
146894703159950
152928438730628
15375956413214
156400053158730
158904067847008
160746651710237
162648078035514
163460643497933
166611383788602
17121802726063
17383409829056
174838915944146
176130546090116
177958264405765
188447327354820
197232159135800
197512811507299
20747231044060
207516098251708
21149796206887
214670829761004
218269698687842
220004018513998
2218451972556
223769275758310
232351040519789
236183484911686
242298738382430
24846910493148
250239716110567
253292722957535
253865779437253
257146463243264
258562386359659
260921770713634
261344153383903
268707962499330
273513667170844
275713582182562
29371001903618
31434017880564
40619508560299
44713001801150
46573195501780
53966188718953
55573879641440
58923159812858
6693333119125
70285016366011
73665299561037
81971223986403
82212484200095
83118953065437
84470788651699
92141530477845
9403750386547
9593242982946
99399435595222
