1090366017
1133892077
1133983062
1153929249
1180435037
1203217036
1235068450
1308332397
1315899564
1317600811
1386903429
1388003431
1417938730
1431358995
1460638077
1460649258
1476117368
1499465566
1512231989
1558507970
1563170794
1606088077
1630614795
1643726791
1673385999
1685769723
170561327
1787982794
1842624113
190093078
1971483807
1979951432
1992666834
2038830160
2103834525
2204548613
2249453191
2354640328
2403839075
2466826080
2470490854
2544404048
2642289476
2693003504
2825327059
285904057
2957713910
3081456354
3109182971
3199445810
3422126088
3439071388
3445213591
346115849
3473914448
3484026986
3494512399
3496916039
3513245124
3535778721
3543297649
356546160
3577564910
3660926733
3687742728
3773223849
3839672573
3905348925
3950547531
3958401046
3996083710
4133440250
4143934476
4156226501
4223798040
550954430
563257351
56365270
602884794
700307379
727650181
815152816
820236984
830041399
940957181
