1095539944
1194538052
1255413957
1429348771
1549189142
1588339762
1608601807
1640881687
1696082989
1728654879
1730373024
1956540178
2113095624
2145337124
2154646340
229813397
2426289763
2472504827
252081460
2671602825
2671834500
2687599509
2778851900
2990083256
3088680638
3221666212
3303461233
3321998689
3563002751
3580088725
3641250704
3711100317
3755185510
3907537671
398266332
4055680466
4082531495
4091167661
4144531709
4156092156
4159417467
4213399624
4231556717
4287360487
524408037
557400227
675566802
729212314
754268538
817374668
847118896
878849250
890737983
