107313118
1118695168
1129849665
1135270973
1217841518
1264188919
1398108600
1413842013
1417265321
1451939777
1483275310
1548098193
1574741153
1612715097
1614753183
1653010957
179477750
1964902218
1965091608
2020793213
2029079040
2039434874
2081315281
2101702496
2106077963
215768363
2256247439
2307145995
2446068957
2447159310
2525400536
2604596545
2604729617
2676049477
2754363450
275616745
278033898
2802564668
2810372823
2821918970
2869911978
2882469070
2895200895
2938000372
3062822397
3091284782
3099283416
311843640
3153443606
3176276560
3192003717
3284402379
3383965563
3395436603
3438857914
3447129041
3471762932
3565489565
3610821270
3625595772
3637423665
3642149714
3652670683
3668400537
3671614718
3740927246
3803275999
3813818445
3893146061
3897309445
3935883812
3993446284
4001188755
4135702870
4147014562
4182265814
4251117003
4251521634
4255416923
444446074
448355809
498809337
502399748
545286752
587153719
601147184
74513038
781809586
800754255
815744906
823606096
826083108
859038815
910962986
937018352
961556896
965580969
993774487
996066395
