203000540209048
43733083541523
188938793127776
103360465259828
149816571845360
166131581550419
72475356961633
28343004364559
224588224076512
272311298677319
17924703695118
222895439906815
17609887606815
117210907502290
116328258541892
42099236271607
256160751410366
56450492767765
243004041887490
90676783970729
52689393515593
79919438343853
198554557987144
115055982515799
184456398822718
129876272943335
201373648145026
258226447070987
160773256362030
76262800543470
115643942777008
221539812525443
252084484874537
254846082389938
152182297080558
