203000540209048
223151620942497
268697289213896
108228991558494
235946431710575
247410857373264
72475356961633
120133262393558
224588224076512
48341792724950
17924703695118
24328628449113
76262800543470
103551587650793
221539812525443
222895439906815
252084484874537
254846082389938
152182297080558
184455656921521
34221692334420
3743759192321
14993589248719
207702309653304
69104805139584
146359686958449
117210907502290
149816571845360
98086359774288
151398103684408
20598744086660
243004041887490
33807246593646
90676783970729
93861121932181
79919438343853
