203000540209048
165551567993976
90773684580763
117210907502290
149816571845360
172957225422598
72475356961633
14945595999206
224588224076512
91487385803769
17924703695118
222895439906815
91167445103724
151838933388124
172949164379825
222706110459282
130851250116280
129221723482290
40254880437441
266583997614482
131897034482990
116328258541892
121326342301065
88477976803587
40738715643466
196484059071363
219278645256855
152868950939066
181000854983085
146359686958449
98086359774288
151398103684408
20598744086660
180706552080840
126821304205240
156150805310751
38752843202275
93067831335427
141414928512538
27404770859983
213407844284855
102787433196637
280616124393538
224720691839511
2816740180049
42526874296440
154726229348318
52929936720449
247346859826106
58979628620394
194719092407240
3322714769767
165597135254086
225999618845512
237830192891641
197834491055477
80602360639966
137478209137738
50781934601487
58735258929306
66540545247004
95921067257517
39420881956825
