203000540209048
37907875186147
276234301941934
117210907502290
149816571845360
221397062322167
72475356961633
245045608751929
224588224076512
65765640817787
17924703695118
222895439906815
16149452766799
76528258525143
150393961057281
51595146171825
177850389928572
201083836825866
20159833939945
276452417657830
113491182285626
235050559507314
54825570095143
76262800543470
252084484874537
254846082389938
135838508652267
62511473639566
263999751006732
271071975934724
152182297080558
144311862733794
141414928512538
27404770859983
90316643753695
8177275032616
2504643068050
