203000540209048
81593052571840
268642516664223
115055982515799
184456398822718
146945615441430
72475356961633
65566310591678
224588224076512
223596080028590
17924703695118
232351040519789
76262800543470
37477852861603
221539812525443
222895439906815
252084484874537
254846082389938
152182297080558
77595847588229
184854281229301
117210907502290
149816571845360
32025905121448
80753722763488
126745305577681
182957629445545
160248291742749
249823185867966
179666131570069
172391717944349
141414928512538
27404770859983
126944060575887
250147623665814
206408379246184
28419314968185
256344994396117
63255481514408
200317706739470
9124300501390
3406314776065
153834799799056
52765189455828
169398895374347
266883216789565
178260271529836
245536767246282
206070541851309
171832806294922
252634710035267
101334068517181
176376247174289
183296596002720
129773862885425
268967841058869
56920580633131
21503512580488
123955458612057
215244039889104
45499441634156
249638594948788
6749857557188
89044573310424
220225780711341
48487217406335
166040499179669
59449135375297
228469402222298
228063877772249
13473672584527
178553133389328
32727329995845
41452853690459
203751153453074
182039005843262
258849319711502
14956331033431
259609923618375
221853086591416
153772043621474
85924166508754
239439977899172
193336304565121
154324287890005
154301921654674
144248154092158
100618728661188
243314655290865
18435797749320
215517693208015
67798928311261
148627045581763
154272234419686
93699753731928
129183737584752
184739439563503
33572411710031
243382167650355
183249222747626
56697444553819
140775799510039
101822731871362
264522887396285
59997879224771
17184146282923
128519010664296
174556830210520
153898456031994
189807199708712
220827093784525
44859911557194
278935454637144
123808895226841
56759952705323
189196519756517
221554984217632
73492033484464
179927887610384
112859159360931
128515956406227
272887412393848
106410257439666
59843016658304
142364302665438
116328258541892
126761686097955
178154833244138
213335437168808
27551829330030
255931769750239
52979548966238
106214202710706
82409206203689
248891819552342
46898151895880
241678710968106
193811183558860
75875900991571
274221839083408
61950836456857
108161352050653
273774572286718
222212563534344
211397543643456
267130263663464
232945424004605
251966059569080
115231201648554
927290137668
9753851830586
123507464116779
18842777845125
158904067847008
71842976663610
153944670690523
143575058106180
199048713369216
36122518657261
45335676714400
121330794463913
65327271312033
207141818199609
264680063711576
204908714158968
37552702571677
246145829769050
161595599024440
103332911034057
224449706740611
191614708518213
51259402504629
50250615259024
137271349349014
2859043466851
