203000540209048
203920520857763
214463320710462
117210907502290
149816571845360
98514685631671
72475356961633
42430510735540
224588224076512
169840652718310
17924703695118
222895439906815
161887323801862
95525161490393
220485631647096
101257759272829
276452417657830
4764455285029
235050559507314
267595822431020
76262800543470
252084484874537
254846082389938
135838508652267
62511473639566
263999751006732
271071975934724
152182297080558
106588195025939
63754907282152
31545713071336
210433220742089
274026805581772
256214528177523
185153892614555
144022699311430
93814538476103
223041106957043
82117302916710
140242915204358
119615885784520
261199209422960
2907573510870
200791581189779
257126908688479
206042173712282
113212786207632
22326934564129
242035339646686
258236290256575
54344639718537
79921010514731
103715330153460
142803775441927
17207324568636
236885453648750
210493794091455
264289097251142
237654586150085
115891393125671
125069840671709
141414928512538
27404770859983
91492179629301
273592537486360
123801657293289
281242282738613
17842756546637
190265380463161
240001935525056
85108633733560
163152120186172
174203694010068
1962570902224
