203000540209048
166988382354559
271856630611801
115055982515799
52120263503362
42062062568012
72475356961633
132979175446625
224588224076512
111216346234548
17924703695118
279444437867406
76262800543470
186623987292862
221539812525443
222895439906815
252084484874537
254846082389938
152182297080558
65285314427767
117210907502290
149816571845360
108586948420909
167023344993296
90921956352778
251561986109302
184456398822718
67254533969973
32617114849301
85704800904129
256703730526553
206228814931598
66538449893193
169906180931203
211222427364605
954551425106
65034412215114
48691650535498
196632027031416
156608164092037
136053984206967
254077487230734
221970782493094
48996455878217
272237038418129
89873443609085
141414928512538
27404770859983
218873767934132
163941122848030
146331103511225
25690975239585
69379107452363
140428497627925
101622980019261
