203000540209048
157542329302843
89793746295910
117210907502290
149816571845360
77459576696759
72475356961633
241145708725958
224588224076512
166548387620062
17924703695118
222895439906815
211882960326235
125996026115980
109287451395680
39081516165307
146359686958449
98086359774288
151398103684408
20598744086660
254239850229941
116328258541892
217480403482766
111382321010260
42169496787303
3322714769767
141414928512538
27404770859983
165597135254086
225999618845512
237830192891641
27733589824329
99886956043126
56917008762082
125414208188875
