203000540209048
135796224874679
156307321517344
117210907502290
149816571845360
247668110440440
72475356961633
196552148233162
224588224076512
35691827218507
17924703695118
222895439906815
200846312831965
115945201929521
6986960348649
75975798148292
77804488421321
6842797711578
199539927034963
227767366794096
223485400587829
214933353353175
46133788668725
77765396549303
13754630598416
110416036893366
253193427220688
77999535837360
57387596860137
141414928512538
27404770859983
223992081034252
147491148202594
85059671789634
