203000540209048
37929936104882
114985865167951
216828497954996
142926310288445
211123068784665
101514502007544
274153280448268
158613173602735
159681257319295
212565927058777
83156593983069
153286277199826
117210907502290
68408945025809
254377037501189
72475356961633
105673115707641
224588224076512
43379837680987
17924703695118
222895439906815
273715943106124
103360465259828
149816571845360
190795182696335
104828367802870
85145424663174
108295493949896
181568528637518
227697175100909
261763113774
93989221193502
257437619579273
43935066526100
25132202420616
127958680705279
