203000540209048
260662579363343
90301775570406
117210907502290
149816571845360
115945201929521
72475356961633
6986960348649
224588224076512
75975798148292
17924703695118
222895439906815
156307321517344
80302391377488
196552148233162
35691827218507
62304570430810
177152903953288
62863244545840
79625667340183
77804488421321
6842797711578
199539927034963
227767366794096
223485400587829
214933353353175
46133788668725
77765396549303
13754630598416
110416036893366
253193427220688
77999535837360
97413822548857
141414928512538
27404770859983
227078138546595
189543263824412
188445518057215
47595116736402
112852005396941
155400884365549
106567007012741
254180825257496
105887829163691
147491148202594
85059671789634
