203000540209048
123424063347369
156307321517344
117210907502290
149816571845360
80302391377488
72475356961633
196552148233162
224588224076512
35691827218507
17924703695118
222895439906815
13754630598416
110416036893366
253193427220688
77999535837360
201526249598083
248873069127324
178251481811861
87408163909902
197327530696717
265966196768846
91812414247822
130125265894044
144090764798388
143510008515350
57387596860137
141414928512538
27404770859983
223992081034252
147491148202594
85059671789634
