203000540209048
13115435293116
105267948513465
117210907502290
149816571845360
98086359774288
72475356961633
151398103684408
224588224076512
20598744086660
17924703695118
222895439906815
145702572780609
115055982515799
184456398822718
154221169245653
74969411115014
226780647548305
165141501491770
76262800543470
103551587650793
221539812525443
252084484874537
254846082389938
152182297080558
221053490921844
270781744831170
640641357077
211977427993502
249422153533257
211470104983062
120197013927532
90807679210038
232863162242645
116328258541892
90676783970729
52689393515593
79919438343853
