203000540209048
27019271848810
214463320710462
117210907502290
149816571845360
98514685631671
72475356961633
42430510735540
224588224076512
169840652718310
17924703695118
222895439906815
119615885784520
261199209422960
2907573510870
200791581189779
274026805581772
256214528177523
185153892614555
144022699311430
144911960079229
174233915746479
179404556965110
208598611830740
103715330153460
142803775441927
17207324568636
236885453648750
173756761091402
141414928512538
27404770859983
160965850520953
9369080095312
260783428263121
125069840671709
91492179629301
273592537486360
123801657293289
