203000540209048
260610944512619
196800087258727
185766774930972
184849692557090
23531113450011
40956508003033
99105293615167
91926021987862
172577124087781
268779080899750
264933543810647
210054881892999
198583059039036
151508070943428
234520716305333
274290097774951
60220108213051
96345662459179
186095902690375
256199147049634
24072122252884
131979655825354
108170957416094
275421524867070
8407921198549
107860653556069
134632255767227
110910461708803
222831778784984
107971382030130
18182289702738
134831024351070
190900599810185
181698488001281
248518743889428
30245646697796
144165622202971
215931795752459
147778574245031
238860956046310
96060184499687
191879097109850
215500919135276
104628363092931
275347129693372
188903810207789
132992347781283
260427619730371
169444238102848
215503402902965
255629052919189
63905674355967
65076531416372
274447553423952
191181185813812
113887269618745
48946007243213
211802802058289
190993267158794
12103676745934
173378701919638
176208864101603
185670760452528
83668211394157
123176609308964
22882524097674
234086551199886
249281704971288
239532082603830
124488182661419
72280365469855
12791640951718
207709691930399
40582540457722
204155011425751
105905759274105
216403855480351
95680921335890
25223309939852
228643552364874
270366115295149
99096971354856
57855304305752
59633686556665
274186815956279
86661275570167
164256606491139
28486853710333
81508944158916
25157446809521
172372112972610
109114911489172
279534070033182
93158458168827
9865677370950
195999153617904
23539184035933
124091272523430
90100397281109
208794754003659
84775896169142
259380914015916
97259421750837
159826371576426
71537341445155
141384734892990
85301673694083
215868707455656
24913445105539
122616933687389
245485687374362
181003978858871
159894145614966
72475356961633
216141876248811
224588224076512
19501955662981
17924703695118
182747996637677
179881237608202
268122213111290
105099926681291
222895439906815
156914211556396
227963197332978
235228683625670
204794891629470
233225151751556
2207209022693
143065526761848
172226152750631
19578843997313
276452417657830
171416441385106
235050559507314
56903620384286
252084484874537
254846082389938
135838508652267
62511473639566
