203000540209048
185766774930972
184849692557090
23531113450011
40956508003033
268779080899750
124091272523430
97259421750837
113067052512590
125308908546101
106495869638342
73706326947846
234713742718154
166081480391738
72475356961633
264956536196812
224588224076512
224808509256890
17924703695118
138382661872898
179881237608202
205273359162752
17372885060911
6247958812576
105099926681291
222895439906815
156914211556396
227963197332978
181257063129983
31797646431249
260590826654917
154541531443452
39382283402171
101619878812150
103551587650793
29670395510832
17383409829056
175264531048347
51470349012698
170537584159636
63751258523754
33731776147429
252084484874537
254846082389938
