203000540209048
260610944512619
196800087258727
185766774930972
184849692557090
23531113450011
40956508003033
99105293615167
91926021987862
172577124087781
268779080899750
264933543810647
210054881892999
198583059039036
102980705489780
149463034143830
6284919522236
248676323253817
158695145906443
116967254640338
27951261050343
253636205088177
151508070943428
234520716305333
274290097774951
60220108213051
96345662459179
186095902690375
256199147049634
24072122252884
131979655825354
108170957416094
275421524867070
8407921198549
107860653556069
134632255767227
110910461708803
222831778784984
107971382030130
18182289702738
134831024351070
190900599810185
181698488001281
248518743889428
30245646697796
144165622202971
215931795752459
147778574245031
238860956046310
96060184499687
191879097109850
215500919135276
104628363092931
275347129693372
274585521013826
19780259798396
188903810207789
132992347781283
260427619730371
169444238102848
215503402902965
255629052919189
63905674355967
65076531416372
274447553423952
191181185813812
113887269618745
48946007243213
211802802058289
190993267158794
12103676745934
173378701919638
176208864101603
185670760452528
83668211394157
123176609308964
22882524097674
234086551199886
249281704971288
239532082603830
124488182661419
72280365469855
12791640951718
207709691930399
40582540457722
204155011425751
105905759274105
216403855480351
95680921335890
25223309939852
228643552364874
270366115295149
99096971354856
57855304305752
59633686556665
274186815956279
86661275570167
164256606491139
28486853710333
81508944158916
25157446809521
172372112972610
109114911489172
279534070033182
93158458168827
9865677370950
195999153617904
23539184035933
69849414435748
135432623945630
56300862397284
97364544454005
190275204724039
31232410136414
124091272523430
156121892541015
200074708102906
43033578218572
169328088099882
188343270976265
54928368461464
98264324174243
210336242586925
102361527155568
64767704599250
240215667655961
253917805214804
156923133254269
242617875082918
90100397281109
71640418781208
208794754003659
117868707039345
84775896169142
259380914015916
263893885920829
132048836148931
274875689027412
231722823093543
17767424155210
97259421750837
41519489433980
160903676099980
280457507138356
136866644091867
5266113136039
91543014834194
94880194779625
265650423061448
72475356961633
128354043669131
224588224076512
45672135285549
17924703695118
57156222779766
105099926681291
222895439906815
156914211556396
227963197332978
65236629168137
19378703137435
188995492530722
188751581836878
153029455844268
226544005578232
168974327132887
156608164092037
57035694641376
136053984206967
254077487230734
221970782493094
122616933687389
73706326947846
234713742718154
265274483583750
86672848321677
135532127193980
137176930274256
179881237608202
158904067847008
17372885060911
148931381055004
181257063129983
31797646431249
260590826654917
148109266569381
171770015972530
240991481426951
130473774079877
113911987152095
112934150141977
43547241148072
13082948773917
225945849775769
