203000540209048
31812563445102
91191212138353
184238821105934
221988080808596
21372502369514
72809456274775
263872618423314
177451988959225
257853683787630
111039480649659
132292813745115
173180675363447
156601694720824
98406997631906
41968074253806
9149744025797
262605350707506
253826315938599
116075381914098
63911429846538
278815228012265
224532498123443
254173587586672
173255877888326
202565454923611
235698681896827
278394195338390
66071776762318
29557008877437
30589440491564
190851995784346
21469203499568
7222088944183
161147443755969
258357831973063
186552645168032
163508423162648
142572994664429
9165751917240
210089672772648
19630334165006
189661812248232
258390997680050
150291795909009
93252720734558
145932566382542
135357853489816
241663595098443
183049908375783
233889407305412
18713216511844
53069365868733
172708723918081
92889995581022
54354265345713
84954505870364
109842985881927
242027061962010
156727021301480
212392593187076
280058149133696
232334200235952
2762444217151
169578360954002
83115032131092
102043150126734
241170860917840
80361814730151
76466286486690
120710097856623
177321707066567
270565106225029
32192519088249
83585815906944
216906134313782
242393360546245
48721823512079
53814622347278
18302687860850
80479913863186
103783279783307
115826092402338
224103415964434
66923677396227
97124797161025
81095009968138
88446875333900
135696518807374
24315411924335
251884049853612
198583106147211
175756066370135
83583295284418
12468588258228
146128049863571
154266259015736
167383926539685
251131403082510
155067989989893
181279045081398
208491865038394
215279138821298
163212263732549
97384012504010
203564565877685
278182714028928
86716618836914
35037471247652
201974050716166
20994193991771
82435331788876
140279864092384
243386282332197
169368019771556
181434588711924
28250675342827
36113643377790
181530980956752
127926253651811
125611225113940
275248455982373
104934752268415
273012288307249
89707128683650
104006222263832
155016655205781
243713444196038
37658639680298
186931787498345
1267918954349
155258601763093
161113053951346
67986428024851
63795658615418
59310318598404
46915551711911
167394849769640
180211108627087
131165766218860
202052304881513
49459659138008
105481487477352
89790512671824
12319520560139
276316989353212
37461653922070
101782827299083
123604486832303
112917187342755
276524846374421
227905113718771
13593408422008
220015618066609
155504085994188
281456913311387
27346304912585
89207757844285
101073143576706
211324704226875
135023155747518
95992805656117
220561086492123
177510446788516
116570141116991
145445196000814
216500517530584
159524409350470
70203470243365
10822583777946
212742390286243
212379264300583
12398202358954
113364127265992
48762062798665
50098736365883
30157899800630
277673125090191
245524554802124
17719312417297
206144939334069
248142911301140
270709691378450
128737748315457
64669420215898
88834226037320
121700613217086
254471809080478
210116718200534
231262094508147
14505124359144
281051185034902
174502716336188
160019526695722
52564766277957
136243345372962
253342510570903
197568096099066
22251665183505
250238699120914
259438387495312
271670263340279
136960913482212
56009125749143
276749177361388
167510132046347
108513169678556
92395732181934
37928801439109
80196762773271
193299053040391
172825096911668
15699051307202
13739984026260
52008553310803
74288389790533
214625905403879
54982815689469
31217270602458
172070453086845
175464376432338
140995343613229
176048323493613
122380081466599
78567516150666
276411677090787
275934877857594
89194537573201
222700618788675
27068272978268
138175410142477
9083228910126
267571294744591
100079080043906
213681372650479
36047685621941
208958492551942
97259421750837
231215319036393
77013293896034
86712135357703
225277493396502
126932846238323
118148773294932
141229096394134
32280975820741
109585504883880
179450822567660
197214068892413
57035168704083
207314208477901
32542501903201
111085176278913
184913432700053
249891822612572
73877496551925
261693670354136
195702804115679
42060705396224
144198992252664
85660091516151
183959727495991
185110092633210
173218990530543
169307896280202
237799800190393
212306208414149
160854004314403
254571147597596
151333290788828
174163379015017
215468714917299
122446405817432
199805518030034
197743679502802
73521218032697
182716185671743
83657061202773
46001465879089
37062459517998
252109450924639
82974461732125
35969354984074
123245009111968
244272582352226
193477564166471
156196854181863
76237758203732
8856347461600
160606478028998
183389994763901
263267856912923
265867836302377
179666586630284
72475356961633
189480578945354
224588224076512
221943511182569
17924703695118
15149528756390
105099926681291
222895439906815
10167511347590
181568528637518
227697175100909
151222056425964
93989221193502
257437619579273
43935066526100
25132202420616
127958680705279
193562443819689
274283684614573
196693705355742
233873486646586
54029668530280
197177537496984
239574552708417
208409644505624
24897297656570
182196036501575
38369643192362
63362017236209
241051154496046
258724490554223
103360465259828
149816571845360
14299659952917
143913240417943
25786392429439
87757971602571
171770015972530
60657857964846
156754429570326
113911987152095
16156694944750
43547241148072
13082948773917
225945849775769
277958038122069
206700207240928
239712439096446
128056036981711
78333383281662
168058958227766
212529555308996
166795548353912
38975913698851
38100513831789
197853123627471
