203000540209048
31812563445102
97259421750837
72401615652145
275857568700872
11286450407408
202984783762329
129989741547433
127545796069031
103523575051599
229431517886451
128180423081371
79029843172379
209060643783620
163007333241172
64565483135982
213660278395059
46081174430226
187430836265891
238366989671414
88358816345314
244801736248884
23395230886529
173966202087990
214056517642600
235138262773156
36384347656695
59730086311371
200841972324437
266967446411446
159740535354576
184058487310754
20572212921461
151501218083192
44686303852834
8646583744232
166492238214957
260110721697137
204542057584806
235872240235231
103360465259828
149816571845360
124785625937758
72475356961633
264614624244083
224588224076512
44355055148872
17924703695118
222895439906815
41675435324909
221707802313018
97705021849224
252533447759816
24216085406630
34656182948180
26188323892469
265376408745301
95892565543564
187225463968982
145048520327411
164814908659852
25099847611608
69732760153152
18474585280660
85502608034618
226428434502963
29391857794609
271577262720167
238912732990478
223764269044397
117210907502290
80015135279330
31648577370500
71650496285969
