203000540209048
31812563445102
121481302264644
179046737133346
113253461549
151991552896641
232694809330191
254977638677406
158564923945763
221131242652219
143386542405363
64386307420970
8507348072675
97259421750837
251668134026204
169906180931203
70653062694564
111551703320756
72475356961633
130038909207938
224588224076512
23755137116531
17924703695118
65322261948954
156608164092037
222895439906815
136053984206967
254077487230734
221970782493094
87342496845843
171770015972530
103601546663443
175264531048347
113911987152095
89930943292876
43547241148072
13082948773917
225945849775769
