203000540209048
31812563445102
99388882449075
97259421750837
42377305085962
77407501003463
91447225453664
166371657697864
103360465259828
149816571845360
111588952937079
72475356961633
272885950389422
224588224076512
219725718843732
17924703695118
222895439906815
90330127881000
230980776890668
139954958253846
241987358537078
276452417657830
103551587650793
235050559507314
67548258115212
76262800543470
252084484874537
254846082389938
135838508652267
62511473639566
263999751006732
271071975934724
152182297080558
22090044242850
117210907502290
253052984641842
117154347610796
76528258525143
150393961057281
71452236587405
123186838342751
183940103241024
15546998145585
83400591026030
234948295090811
