203000540209048
260610944512619
196800087258727
185766774930972
184849692557090
23531113450011
40956508003033
99105293615167
91926021987862
172577124087781
268779080899750
264933543810647
210054881892999
198583059039036
102980705489780
149463034143830
6284919522236
248676323253817
158695145906443
116967254640338
27951261050343
253636205088177
151508070943428
234520716305333
274290097774951
60220108213051
96345662459179
186095902690375
256199147049634
24072122252884
131979655825354
108170957416094
275421524867070
8407921198549
107860653556069
134632255767227
110910461708803
222831778784984
107971382030130
18182289702738
134831024351070
190900599810185
181698488001281
248518743889428
30245646697796
144165622202971
215931795752459
147778574245031
238860956046310
96060184499687
191879097109850
215500919135276
104628363092931
275347129693372
19780259798396
188903810207789
132992347781283
260427619730371
169444238102848
215503402902965
255629052919189
63905674355967
65076531416372
274447553423952
191181185813812
113887269618745
48946007243213
211802802058289
190993267158794
12103676745934
173378701919638
176208864101603
185670760452528
83668211394157
123176609308964
22882524097674
234086551199886
249281704971288
239532082603830
124488182661419
72280365469855
12791640951718
207709691930399
40582540457722
204155011425751
105905759274105
216403855480351
95680921335890
25223309939852
228643552364874
270366115295149
99096971354856
57855304305752
59633686556665
274186815956279
86661275570167
164256606491139
28486853710333
81508944158916
25157446809521
172372112972610
109114911489172
279534070033182
93158458168827
9865677370950
195999153617904
23539184035933
69849414435748
135432623945630
56300862397284
97364544454005
190275204724039
31232410136414
124091272523430
37424171936698
33673629141044
149567364363780
240215667655961
253917805214804
90100397281109
208794754003659
84775896169142
259380914015916
263893885920829
132048836148931
274875689027412
231722823093543
97259421750837
6707294536961
114231377852928
77839231325606
159826371576426
71537341445155
160903676099980
280457507138356
185714948278889
104188970300524
106495869638342
73706326947846
234713742718154
166081480391738
72475356961633
264956536196812
224588224076512
224808509256890
17924703695118
138382661872898
179881237608202
158904067847008
17372885060911
6247958812576
105099926681291
222895439906815
156914211556396
227963197332978
181257063129983
31797646431249
260590826654917
235228683625670
204794891629470
233225151751556
14951095299382
215019509251989
281339887380243
79962735290023
276452417657830
173916591313627
235050559507314
49062591203297
252084484874537
254846082389938
135838508652267
62511473639566
249404102323162
245485687374362
181003978858871
198226284431697
49041830797816
138133936189311
257891267594687
263895080650482
46512108907402
243554713511843
235861031792954
150890752895755
120622136066780
255741208722578
34895083108566
43820995411176
14232411764698
204556726184957
60177055309216
94587682762452
33963865118962
245260224586465
168992652097891
204102776608642
194861482003569
249384536728693
237997694426699
21754573223559
194419157287275
101237705195786
123468314958255
139901563501948
66144995117029
254416636291227
10016961657493
45852840390353
103360465259828
149816571845360
188442986308616
147184200187182
150493109781907
18353399665538
14993589248719
207702309653304
175264531048347
69104805139584
127031885786798
141414928512538
27404770859983
275251638691360
188076518209921
231213906731518
101502723811388
185475036617601
54284958715058
216051485499945
29396675903614
234374558042913
74176015109714
187401427001913
8267887484736
187041819032224
280582982421866
206426101763965
156608164092037
262128482257841
103551587650793
63130404091252
136053984206967
254077487230734
221970782493094
