203000540209048
185539660202027
6898056205254
117210907502290
149816571845360
23422691264176
72475356961633
265435331291233
224588224076512
129521348094899
17924703695118
222895439906815
186759124400960
265553059281892
247691054698053
27826738655420
79316402847441
571373705247
59287793272396
276452417657830
536638752705
235050559507314
252084484874537
254846082389938
135838508652267
62511473639566
153637575038798
117629020746665
149586281672502
95155786978498
177488320793120
253292722957535
214670829761004
99399435595222
220670732669827
141414928512538
27404770859983
171937727185468
140428497627925
101622980019261
222431366438429
263532903583449
249399499594761
174521847389076
128847200241580
30125828747374
183254543391285
45302805676869
262002801934889
279144760916257
6031704884738
213988568729563
149580407458058
47888976791558
