203000540209048
14483203266880
57746106821748
115055982515799
184456398822718
14119055666725
72475356961633
135605262883453
224588224076512
138310731949627
17924703695118
229830529662181
76262800543470
166300023777931
221539812525443
222895439906815
252084484874537
254846082389938
152182297080558
159950531849845
103360465259828
149816571845360
279319944968153
246219141977743
113996927392083
208707102773564
265553059281892
247691054698053
230953573901552
144101977248892
222282771901475
163992366294202
276452417657830
216389490906254
235050559507314
135838508652267
62511473639566
226666496913929
231529853258337
255460823395165
184519942457373
108166518124728
250581998441194
141414928512538
27404770859983
179249879080425
3517584841076
260431321385492
89861606676941
7899328781161
76893008569467
230954010032016
30579325524895
117210907502290
88489963995605
72804005789689
74089915008218
208599289538993
193484674600198
27647267526844
166611383788602
275713582182562
163460643497933
207516098251708
156608164092037
232351040519789
84470788651699
136053984206967
254077487230734
221970782493094
