203000540209048
52299650798004
149435376973236
117210907502290
149816571845360
231603117147303
72475356961633
131765576839888
224588224076512
233280544119805
17924703695118
222895439906815
121684933138290
116328258541892
101841608050452
88941894567045
263002278700966
137849141187493
45598515207319
146318973280755
33221552684351
14185226444976
108166401224961
86775517831577
156608164092037
200474441362416
76262800543470
93656696418308
221539812525443
136053984206967
254077487230734
221970782493094
252084484874537
254846082389938
152182297080558
229376681712359
108228991558494
122089627436088
63714969100849
191860839496120
254538815829533
160773256362030
157859088343531
36613548935963
57925995643989
137624703119513
70790692889415
