203000540209048
259096165354221
163202395532905
115055982515799
184456398822718
225191048307616
72475356961633
353474872493
224588224076512
269545798338748
17924703695118
232351040519789
76262800543470
172248576027995
221539812525443
222895439906815
252084484874537
254846082389938
152182297080558
279427071898767
35611930297510
221864363761557
44038103643193
160773256362030
216088860418319
94680371033708
117210907502290
149816571845360
201204609738415
15992299107197
229758507490613
262286193100830
68042464960257
162387647926964
149811566060083
200474441362416
33949415413761
164541661286329
103360465259828
68408945025809
91329653375283
203334148333117
235174112085933
208000679089852
45598515207319
27647267526844
225888760700965
135810324724301
67657386685794
96551951182880
156608164092037
108600778628565
136053984206967
254077487230734
221970782493094
180410517371594
33946054668648
255152711997740
48494402966540
97118370585828
101345855048205
173845494022602
253201422079824
260645231194409
179648942827150
137157618488851
143521478979105
217887420701748
108228991558494
122089627436088
264007355728252
175378600573602
147734473058942
215220267078758
21116595858
122851114765173
21149796206887
168914630111150
197219964571708
35881230557616
14358223508581
18662108786432
122854828777291
172912592211188
182734849544099
188285886323856
269566935197746
219673960000488
169787648558827
200399271093893
160746651710237
215070994435705
195583667525613
116328258541892
199635977113476
215824742321047
73429343591597
274933113152561
153438615490693
78194324445482
201518990019534
57192268652744
4116225341530
160606261027573
188363466590671
19216846251810
141414928512538
27404770859983
45314738370422
158904067847008
260431321385492
29254399934227
164826630298387
20148131243463
196665243818188
33807246593646
63379538435219
240825396446661
158382940090495
