203000540209048
260107969302217
143328036234410
117210907502290
149816571845360
254020986380447
72475356961633
56876611679914
224588224076512
251501985864966
17924703695118
222895439906815
87630727892058
193484674600198
27647267526844
166611383788602
275713582182562
163460643497933
207516098251708
156608164092037
232351040519789
76262800543470
84470788651699
221539812525443
136053984206967
254077487230734
221970782493094
252084484874537
254846082389938
152182297080558
280400486547367
253292722957535
214670829761004
99399435595222
6031704884738
141414928512538
27404770859983
213988568729563
149580407458058
47888976791558
234931866301098
30125828747374
183254543391285
45302805676869
262002801934889
279144760916257
68380328869854
263532903583449
249399499594761
174521847389076
109788059710903
70285016366011
21149796206887
257146463243264
30245336704928
40574737416910
140428497627925
101622980019261
274258372372537
171937727185468
