203000540209048
251949480056864
177488320793120
117210907502290
149816571845360
253292722957535
72475356961633
214670829761004
224588224076512
99399435595222
17924703695118
222895439906815
145692100229414
128061825371678
34355326482649
156595889995398
225614162934060
265553059281892
247691054698053
93095800734229
190147973113488
155782540301843
205316258558188
276452417657830
15375956413214
235050559507314
252084484874537
254846082389938
135838508652267
62511473639566
43345626044152
193484674600198
27647267526844
166611383788602
275713582182562
163460643497933
207516098251708
156608164092037
232351040519789
76262800543470
84470788651699
221539812525443
136053984206967
254077487230734
221970782493094
152182297080558
264804271389967
70079271336758
195379250881302
197232159135800
92141530477845
61434900729093
5560935050871
218739329706744
41478002921981
48149299727580
55778087911597
256808671109895
118089505629954
109207044342558
213497095818586
115055982515799
184456398822718
253865779437253
146894703159950
9403750386547
160746651710237
40619508560299
280296295778684
141414928512538
27404770859983
122333231343779
99003897689285
47067644429708
68380328869854
263532903583449
249399499594761
174521847389076
234931866301098
30125828747374
183254543391285
45302805676869
262002801934889
279144760916257
6031704884738
213988568729563
149580407458058
47888976791558
120525071251849
70285016366011
21149796206887
257146463243264
274258372372537
171937727185468
140428497627925
101622980019261
30245336704928
40574737416910
