203000540209048
237195582495905
182511798617590
30125828747374
183254543391285
110336821955996
72475356961633
262002801934889
224588224076512
279144760916257
17924703695118
222895439906815
57746106821748
115055982515799
184456398822718
14119055666725
135605262883453
138310731949627
229830529662181
76262800543470
166300023777931
221539812525443
252084484874537
254846082389938
152182297080558
208707102773564
265553059281892
247691054698053
230953573901552
144101977248892
222282771901475
163992366294202
276452417657830
216389490906254
235050559507314
135838508652267
62511473639566
226666496913929
231529853258337
255460823395165
184519942457373
108166518124728
208599289538993
193484674600198
27647267526844
166611383788602
275713582182562
163460643497933
207516098251708
156608164092037
232351040519789
84470788651699
136053984206967
254077487230734
221970782493094
101145163023325
253865779437253
146894703159950
9403750386547
160746651710237
40619508560299
159950531849845
103360465259828
149816571845360
279319944968153
246219141977743
113996927392083
215137822430004
117210907502290
5560935050871
218739329706744
41478002921981
65175926297238
108228991558494
169597074434651
277300605717719
222429415245942
160773256362030
216088860418319
81870433610589
77196947121204
1949126235896
20757672493806
149544922556250
169906180931203
70653062694564
175694322036607
136309451268899
34044440988627
91579623392476
232318877613621
187408060769426
10259783707006
139240350866804
195803842817065
