203000540209048
159953011228169
83601598511001
265553059281892
247691054698053
55778087911597
72475356961633
256808671109895
224588224076512
118089505629954
17924703695118
205316258558188
276452417657830
109207044342558
235050559507314
222895439906815
252084484874537
254846082389938
135838508652267
62511473639566
280400486547367
117210907502290
149816571845360
253292722957535
214670829761004
99399435595222
6031704884738
141414928512538
27404770859983
213988568729563
149580407458058
47888976791558
234931866301098
30125828747374
183254543391285
45302805676869
262002801934889
279144760916257
68380328869854
263532903583449
249399499594761
174521847389076
109788059710903
70285016366011
21149796206887
257146463243264
274258372372537
171937727185468
140428497627925
101622980019261
30245336704928
40574737416910
