203000540209048
260610944512619
196800087258727
185766774930972
184849692557090
23531113450011
188903810207789
132992347781283
260427619730371
169444238102848
215503402902965
255629052919189
63905674355967
65076531416372
274447553423952
191181185813812
113887269618745
48946007243213
211802802058289
190993267158794
12103676745934
173378701919638
176208864101603
185670760452528
83668211394157
123176609308964
22882524097674
234086551199886
249281704971288
239532082603830
124488182661419
72280365469855
12791640951718
207709691930399
40582540457722
204155011425751
105905759274105
216403855480351
95680921335890
25223309939852
228643552364874
270366115295149
99096971354856
57855304305752
124091272523430
84775896169142
259380914015916
274875689027412
97259421750837
61125564615170
235228683625670
204794891629470
233225151751556
250029691487900
72475356961633
2064780610553
224588224076512
197487453822465
17924703695118
19578843997313
276452417657830
156111808362759
235050559507314
30006349730630
105099926681291
222895439906815
252084484874537
254846082389938
135838508652267
62511473639566
98559427636966
263267856912923
265867836302377
157861033423921
22086478050751
31980662679585
30159625492431
