203000540209048
31812563445102
171043777931905
22800811807570
259503618202573
97259421750837
127210395382041
190322397100702
65277085758785
72259848125948
61270929965213
169906180931203
98734436089294
73625395235028
72475356961633
188571389739931
224588224076512
159855275161824
17924703695118
154800786718086
156608164092037
222895439906815
136053984206967
254077487230734
221970782493094
259888073008602
140266946700336
269185543055451
144828706750152
184157621195589
160619003823981
198136455658902
117210907502290
149816571845360
193649881273337
75609483804642
260451370023275
