203000540209048
31812563445102
171043777931905
22800811807570
259503618202573
97259421750837
127210395382041
72259848125948
14340467007359
275401506830731
195157788916660
147912170878957
72475356961633
254634732438774
224588224076512
65457713083151
17924703695118
227133121774065
156608164092037
103551587650793
276452417657830
235050559507314
222895439906815
136053984206967
254077487230734
221970782493094
252084484874537
254846082389938
135838508652267
62511473639566
263999751006732
271071975934724
22214213727162
169906180931203
70653062694564
42716203842117
255266574340917
136719322639589
155756070650340
