203000540209048
31812563445102
167915780100330
109111125486174
268128960437816
151318066293454
120796825857649
131258401112371
109446273351414
174660219374866
275615235145985
13042680744477
104833378537773
9725125414510
97259421750837
256449507559414
169906180931203
140266946700336
136107036312113
72475356961633
51137839757823
224588224076512
204497768409789
17924703695118
70505373802430
156608164092037
222895439906815
136053984206967
254077487230734
221970782493094
219293011630872
63280236209374
217522627235390
67602263936565
28401161375383
188632313863613
196186140498603
195002874999673
280838041757427
117459300300921
208826459826933
