203000540209048
31812563445102
167915780100330
109111125486174
268128960437816
151318066293454
120796825857649
131258401112371
109446273351414
174660219374866
275615235145985
13042680744477
104833378537773
9725125414510
97259421750837
85668403301957
25036726876237
232180652744257
127210395382041
247604272013960
169906180931203
140266946700336
254306364736419
72475356961633
219227126458666
224588224076512
64021093739459
17924703695118
66184875088300
156608164092037
222895439906815
136053984206967
254077487230734
221970782493094
219293011630872
63280236209374
217522627235390
67602263936565
28401161375383
188632313863613
4619903561011
171770015972530
60657857964846
210589387188186
113911987152095
158904067847008
43547241148072
13082948773917
225945849775769
138170877812491
237817063623089
115032401967183
138094077523744
