203000540209048
31812563445102
145177066013364
181363565809867
281404428457371
105489553255010
97259421750837
107236230573013
144262604086369
82144565135939
72258596741302
40994103069307
17865513893554
153403950974466
227505988220709
72475356961633
259831687662882
224588224076512
244077930559602
17924703695118
173183101544409
105099926681291
222895439906815
159264908112841
71552019252707
229240172419748
217522627235390
67602263936565
28401161375383
188632313863613
156608164092037
133927539221121
136053984206967
254077487230734
221970782493094
