203000540209048
31812563445102
196800087258727
191858487004529
184849692557090
173000310144383
141433039780607
157144962222094
115169193166964
242873950334193
3883343680961
147472884204279
49729625498612
55358698967353
69426753472352
249621279396738
253704798403226
211590689056884
100701633933122
233777888347006
226006126253753
215490939795098
82053515245366
33856846742639
40105286555539
40260448194332
253374611124065
147117503612007
74145254428578
5000879056743
274860417022800
115121213618508
236325861890369
137794065044043
211249910311001
122545062146530
62634574336288
226477022671679
136951956796772
57213531392324
270029793925106
235090678770925
255905432492421
19175062171027
192481490771960
93593731274995
89395215131265
56389846148347
97259421750837
65872744339939
129149555598274
121121580773666
85222084163587
148984028152090
245504208180738
263267856912923
265867836302377
246159742782944
72475356961633
173592808396623
224588224076512
15441360572818
17924703695118
72856615819008
105099926681291
222895439906815
67846262054819
181568528637518
227697175100909
200019184117400
93989221193502
257437619579273
43935066526100
25132202420616
127958680705279
57332435814163
145850844891277
219977098339452
45982864124074
