203000540209048
168171864350839
195583667525613
117210907502290
116328258541892
199635977113476
72475356961633
215824742321047
224588224076512
73429343591597
17924703695118
222895439906815
104205685679845
265553059281892
70079271336758
127481007700583
3517584841076
239565708971120
122794249586238
276452417657830
175527174247257
235050559507314
252084484874537
254846082389938
135838508652267
62511473639566
113266640731433
149816571845360
82121552415204
48474875827338
140083349873878
261353087144553
45598515207319
27647267526844
183604330838423
237464838533947
219553704049186
96551951182880
156608164092037
232351040519789
76262800543470
108600778628565
221539812525443
136053984206967
254077487230734
221970782493094
152182297080558
53401301374517
141414928512538
27404770859983
20713264604892
76893008569467
230954010032016
74946622082035
179249879080425
260431321385492
