203000540209048
188958835087622
247121823691574
117210907502290
149816571845360
136904302844716
72475356961633
161518330796437
224588224076512
117449861191662
17924703695118
222895439906815
88953256462200
248228282476487
190477734966969
10809204878753
102660585821507
186015639499041
32411857824192
46056752275318
162602876781056
179881237608202
2943360286562
14993589248719
207702309653304
236115197768237
69104805139584
157572682684903
142744758812170
179259277025647
10240207393064
222560730799358
62842099247480
17951999549322
32082194395441
191178973455305
