203000540209048
279043227700330
257764586031499
117210907502290
149816571845360
16534879697630
72475356961633
99614840276957
224588224076512
231193756299942
17924703695118
222895439906815
169441270348913
250591259020270
254054224101795
233135227739599
215926347492150
169906180931203
63280236209374
227072826383704
150770337846036
244893237472854
247218008831334
156608164092037
136053984206967
254077487230734
221970782493094
141377150120128
115055982515799
184456398822718
144528252851947
12823855308138
1306161911079
200474441362416
76262800543470
263828710797738
221539812525443
252084484874537
254846082389938
152182297080558
71159904141662
113475461563197
594654397645
110601165421777
251630324275057
192310076832070
