203000540209048
89039249818666
165017953916429
103360465259828
68408945025809
40783279467172
72475356961633
25502377185918
224588224076512
261912703352229
17924703695118
222895439906815
97581856821353
115055982515799
184456398822718
165496880099305
145532172942816
182265391867629
279444437867406
76262800543470
25903042937753
221539812525443
252084484874537
254846082389938
152182297080558
153399579855644
33807246593646
11162507054799
141414928512538
27404770859983
35261146501468
216008557376093
43218380327846
