203000540209048
234847868660007
190294236090125
103360465259828
149816571845360
50273096986197
72475356961633
216194527518382
224588224076512
47326610007799
17924703695118
222895439906815
118241095458062
263490402554832
60993823940221
124992372656092
7063463164424
171343862108151
249577031801127
193227639556783
101778149765282
61820855335802
236336433059886
122121633687509
130420413724697
160089110053871
186920548989320
1000984058523
218021424373719
202639777588718
112032483212879
1108411276460
26727910627008
193997618927810
32082194395441
191178973455305
