203000540209048
112735921791955
190371747325436
117210907502290
149816571845360
9737046942517
72475356961633
74954120651157
224588224076512
150694441039170
17924703695118
222895439906815
261948159062503
103461996096393
27597252358080
255364888066507
185001205253631
108228991558494
122089627436088
172360520955832
246512195187671
10888566268752
279444437867406
76262800543470
80167911805988
221539812525443
252084484874537
254846082389938
152182297080558
136637730622979
124361765150933
67746248660092
253143380766202
60978958155042
237570611113933
203136111411030
115378079397592
69073482406188
161050233773719
115055982515799
184456398822718
272597763116674
81022490093018
111988384119572
260921770713634
267071538321394
79712784065182
196247230199944
197031374612734
26854719114054
158549012989735
22077101588069
141414928512538
27404770859983
115437900510671
165948601572223
11029239260746
235460515131051
248917522704592
195885304624690
165609262675286
39005961129138
55829361008099
