203000540209048
238547315817203
115675203335550
265553059281892
247691054698053
118778117137799
72475356961633
23713271258160
224588224076512
270043769909486
17924703695118
164452716956304
276452417657830
167445528495683
235050559507314
222895439906815
252084484874537
254846082389938
135838508652267
62511473639566
67258276301584
83760811290894
97463814586916
59511799010394
234963575675450
117210907502290
149816571845360
104768418052762
11698059493305
205330400153644
25487310921570
141414928512538
27404770859983
119173126634138
84484810049488
178555958869704
70770172602950
231614558965037
128828146419539
131383094916864
127899913091479
42634258381531
188710428493592
90824904052258
