203000540209048
96599136828794
127959271431871
117210907502290
149816571845360
36017832522572
72475356961633
91703269193917
224588224076512
8019150357202
17924703695118
222895439906815
225920019692508
187550097406358
15324904902513
202953832753016
33150580652549
103360465259828
47011565171037
165066777090700
210199419998732
234095964912346
95608259319130
46712090947616
193599411728604
60388499238402
123576075015368
92426661649004
20495400910302
196068874707353
57757168460393
248899740518825
89749155742589
203748609580091
33663737187317
147747487191956
141414928512538
27404770859983
141338553788463
158904067847008
161706743802744
14011243796355
185947961430081
10013460929635
205998004528181
110375237472963
11590224343862
210970770838094
190803287115413
7203540144236
59874341621918
83118953065437
104674524695539
259888073008602
14993589248719
207702309653304
103551587650793
69104805139584
