203000540209048
156540921902984
181113200501949
115055982515799
184456398822718
159820095932078
72475356961633
126476135450692
224588224076512
162215938718712
17924703695118
37210700340071
76262800543470
25903042937753
221539812525443
222895439906815
252084484874537
254846082389938
152182297080558
95986666371767
197468974838038
56608165333085
36811796757479
260921770713634
254483560494732
19236746186188
103360465259828
68408945025809
231046015902047
264385012908474
197361389898173
71280221031385
33807246593646
