203000540209048
103435693615215
231225102060681
265553059281892
247691054698053
17154034301081
72475356961633
79316402847441
224588224076512
16587543188897
17924703695118
137200780965050
276452417657830
1172002806014
235050559507314
222895439906815
252084484874537
254846082389938
135838508652267
62511473639566
115858828893598
103360465259828
149816571845360
114915470959817
197512811507299
223769275758310
95283095820840
141414928512538
27404770859983
180800953805739
149580407458058
47888976791558
119961830084134
180149654279235
184397269256443
134907733202044
