203000540209048
86468102496332
66861890237601
117210907502290
275266858586164
206919452620861
72475356961633
167452823702833
224588224076512
119830117579649
17924703695118
222895439906815
43522088756392
68408945025809
124696398488422
262816123355021
95369376130036
99165559870149
149816571845360
279093931500944
185768290785001
26835047086727
115858828893598
103360465259828
114915470959817
197512811507299
223769275758310
225185562282299
141414928512538
27404770859983
52763026084451
184397269256443
134907733202044
