203000540209048
25717303207393
19441385025515
265553059281892
70079271336758
221565752596587
72475356961633
3517584841076
224588224076512
239565708971120
17924703695118
122794249586238
276452417657830
175527174247257
235050559507314
222895439906815
252084484874537
254846082389938
135838508652267
62511473639566
278519340732602
117210907502290
149816571845360
266736009440939
162328856312953
215573956081807
4644191193825
82121552415204
48474875827338
140083349873878
197244154381251
12011388324665
223069608862475
5278986558191
222799164416325
141414928512538
27404770859983
163364506278729
224449706740611
191614708518213
