203000540209048
138382932287802
12747815537803
172230927147976
70079271336758
81553994319263
72475356961633
127963726547383
224588224076512
65828030585885
17924703695118
272305402437418
276452417657830
68788263541432
235050559507314
222895439906815
252084484874537
254846082389938
135838508652267
62511473639566
85008739991614
198686508208211
190766636716021
112273639894125
268378789735604
265553059281892
247691054698053
148396084840496
3517584841076
268878458729954
250604064274576
90914756131045
108588319688329
136969952569014
247985880164623
40101266802099
154112604619802
117210907502290
149816571845360
2700822884043
252590272283552
60824491016735
237376598611594
141414928512538
27404770859983
182035758880796
184397269256443
170112403343801
65023887885583
76901282543601
76071151545996
194155743273753
225185562282299
52763026084451
134907733202044
203597265444641
14993589248719
207702309653304
17383409829056
69104805139584
53401301374517
20713264604892
76893008569467
230954010032016
43431184481580
29605662634480
