203000540209048
210270525926269
88953256462200
117210907502290
149816571845360
248228282476487
72475356961633
161518330796437
224588224076512
117449861191662
17924703695118
222895439906815
247121823691574
136904302844716
190477734966969
10809204878753
102660585821507
186015639499041
32411857824192
46056752275318
162602876781056
179881237608202
89319031208366
165601740950010
27211783255043
105374795872113
7063463164424
171343862108151
193227639556783
101778149765282
251007782406819
252434506231862
61820855335802
236336433059886
122121633687509
130420413724697
160089110053871
186920548989320
1000984058523
218021424373719
202639777588718
112032483212879
1108411276460
26727910627008
193997618927810
2943360286562
14993589248719
207702309653304
236115197768237
69104805139584
157572682684903
142744758812170
179259277025647
10240207393064
222560730799358
62842099247480
17951999549322
32082194395441
191178973455305
