203000540209048
255280224829507
270251754333194
56349318945284
263138365966952
136089332783068
72475356961633
13284659570426
224588224076512
206257370384550
17924703695118
130559160825184
276452417657830
106960283874615
235050559507314
54825570095143
76262800543470
19169039531602
121769125398103
222895439906815
252084484874537
254846082389938
135838508652267
62511473639566
263999751006732
271071975934724
152182297080558
193687385437362
74396247584940
19417056265757
112987529183204
141414928512538
27404770859983
87805422656305
207033970567527
124220391097639
