203000540209048
98227524705189
264221652803153
117210907502290
149816571845360
182640997181321
72475356961633
202202591593230
224588224076512
67090661583203
17924703695118
222895439906815
37247823262464
103360465259828
46415561826399
61149977750890
109362140348886
98813723507583
187550097406358
15324904902513
202953832753016
196068874707353
57757168460393
92426661649004
20495400910302
56367679272370
123576075015368
274037699811130
47011565171037
165066777090700
210199419998732
33150580652549
265553059281892
247691054698053
268325562847536
276452417657830
72738976291690
235050559507314
252084484874537
254846082389938
135838508652267
62511473639566
218440641313054
213933633735923
141414928512538
27404770859983
243467017323052
104732236047228
45487879102633
72489982612210
59874341621918
83118953065437
104674524695539
86518369034280
14993589248719
207702309653304
69104805139584
259888073008602
103551587650793
