203000540209048
45047017321429
244422738354460
108228991558494
184456398822718
182640997181321
72475356961633
202202591593230
224588224076512
67090661583203
17924703695118
207514320353061
76262800543470
103551587650793
221539812525443
222895439906815
252084484874537
254846082389938
152182297080558
901052608870
46415561826399
61149977750890
109362140348886
275677198525971
117210907502290
149816571845360
187550097406358
15324904902513
202953832753016
196068874707353
103360465259828
57757168460393
92426661649004
20495400910302
127902617803643
123576075015368
94153760399555
273812437811880
280124160775300
13892135139628
191913854025123
18183962819372
27344712484711
124923198198751
173745587708109
231917347860127
86837090784708
279885065630374
17338029052372
250663796998455
11769690914572
5350695222968
260846952550454
274037699811130
47011565171037
165066777090700
210199419998732
33150580652549
265553059281892
247691054698053
268325562847536
276452417657830
72738976291690
235050559507314
135838508652267
62511473639566
218440641313054
213933633735923
141414928512538
27404770859983
243467017323052
104732236047228
45487879102633
7203540144236
59874341621918
83118953065437
104674524695539
86518369034280
14993589248719
207702309653304
69104805139584
259888073008602
