203000540209048
52841434610049
115858828893598
117210907502290
149816571845360
114915470959817
72475356961633
197512811507299
224588224076512
223769275758310
17924703695118
222895439906815
38883669063943
253292722957535
214670829761004
99399435595222
69577039671063
193484674600198
27647267526844
231786121238149
210017034332617
245840008332767
273226950319437
156608164092037
232351040519789
76262800543470
240748867530948
221539812525443
136053984206967
254077487230734
221970782493094
252084484874537
254846082389938
152182297080558
234812351928150
68408945025809
11631170896485
158340825805072
255623755687094
178309256111814
265553059281892
247691054698053
156400053158730
21149796206887
176130546090116
53966188718953
276452417657830
163849676938563
235050559507314
135838508652267
62511473639566
28161175081422
103360465259828
269187673658880
79318314386873
27514089406836
235531966346253
270297660989991
100551930956783
60927561886674
271486041511399
103071920735805
49796041113317
157945201329538
261353087144553
45598515207319
183604330838423
237464838533947
219553704049186
96551951182880
108600778628565
30372207496080
115055982515799
184456398822718
163563277481189
353474872493
168681617193873
172248576027995
187918029540061
42039878305046
66427472538628
88620197352667
119159040283710
45563455628067
203769199104096
152196128412022
200474441362416
33949415413761
194293850795488
141414928512538
27404770859983
232648203770625
154299509886511
267876607136220
136264181789764
30125828747374
183254543391285
254706524892647
257146463243264
65319545113362
90587365530107
60333532655038
144559547121879
127211968640940
70285016366011
161485858133706
33072510198769
70865683236912
127341711994644
197391364002165
122333231343779
99003897689285
47067644429708
274158927199088
108410403951483
268707962499330
44713001801150
221927311306131
146160743732919
85744139788915
116328258541892
83291244289177
11768359053708
128352393697706
