203000540209048
31812563445102
97356212717997
57317031134961
172585505229095
188043418488061
65179021509456
91231667148359
195443969188137
29982477846756
98252544103480
218510565979840
188073681551123
166777277943605
143678976442170
58178870256328
154693894518210
199137775617752
275736113387602
110975698461074
252945228709488
251068271864622
187312436092573
7107569878845
143880255039505
18387845381859
21603431630628
51144673887396
238225135256813
64418549477795
11164602498591
78570593565868
196928976886865
104666841482893
145083297758212
97259421750837
141027359501662
22648470471361
142377505050647
257494371033726
9470405662351
256449507559414
214377070854942
256257733106159
17992530445402
72475356961633
203757504309880
224588224076512
255221754139697
17924703695118
3456570492907
276452417657830
129640132208270
235050559507314
238364436178960
105099926681291
222895439906815
252084484874537
254846082389938
135838508652267
62511473639566
234045339473012
17865513893554
153403950974466
126624284589994
248366238264060
129046640231693
154573784874258
152611532384176
173392658184212
158837841906007
173183101544409
273411124670965
110689369403626
211408748270371
103345680027065
69104805139584
93989221193502
250732576315599
111148650880415
199525970646337
158904067847008
90815387309406
133927539221121
145902899709869
238290011016772
