203000540209048
260610944512619
196800087258727
185766774930972
184849692557090
23531113450011
188138827317760
26211693443725
40956508003033
99105293615167
91926021987862
172577124087781
51435962603978
61066259201543
63075909134079
268779080899750
264933543810647
210054881892999
198583059039036
261294173331922
86146628054605
80763014936491
60597293260416
182510560865151
240321578479602
14423762959453
4296194274602
193772845656024
195015645938845
151508070943428
234520716305333
274290097774951
60220108213051
96345662459179
186095902690375
256199147049634
24072122252884
131979655825354
108170957416094
275421524867070
8407921198549
107860653556069
134632255767227
110910461708803
107971382030130
18182289702738
134831024351070
190900599810185
181698488001281
248518743889428
30245646697796
144165622202971
215931795752459
147778574245031
238860956046310
96060184499687
191879097109850
215500919135276
104628363092931
115877855070996
235327296391148
228966260267044
157776384136244
92387758948951
3309220387994
24292130110446
176999425239662
60795138794923
83150520568143
50572638827716
69441654173528
123865057271663
101584271335834
94581060425566
106477200105295
221894641860954
47696125336298
132524993802473
152380689078046
97259421750837
32950693693738
15373461589772
215979854400081
78714995051896
184948102481263
90485250001594
72475356961633
123522407218639
224588224076512
16928048226958
17924703695118
271342286628830
276452417657830
266267297185038
235050559507314
220955971847474
76262800543470
238364436178960
105099926681291
222895439906815
252084484874537
254846082389938
135838508652267
62511473639566
263999751006732
271071975934724
152182297080558
241720982732424
14232411764698
204556726184957
103551587650793
179881237608202
99675792218004
204102776608642
249384536728693
21754573223559
194419157287275
127135227007989
203109153869792
111762029834419
90900459256926
107886162629735
58418350104092
110447938817845
39184240573480
198324414772897
215649977517364
273207596151980
103360465259828
149816571845360
17657067578790
59884836221358
112981238873371
82913459348846
118657816254636
166282568985746
243472543070182
54536925151095
117210907502290
270372752559022
162585723679571
84196418806631
40814845355090
89146697901676
227345686836494
45137538437235
114665322636252
237817063623089
182041429852950
208096940806921
113911987152095
230445722436712
141414928512538
27404770859983
