203000540209048
31812563445102
97259421750837
32950693693738
15373461589772
215979854400081
78714995051896
184948102481263
90485250001594
72475356961633
123522407218639
224588224076512
16928048226958
17924703695118
271342286628830
276452417657830
266267297185038
235050559507314
220955971847474
76262800543470
238364436178960
105099926681291
222895439906815
252084484874537
254846082389938
135838508652267
62511473639566
263999751006732
271071975934724
152182297080558
241720982732424
14232411764698
204556726184957
103551587650793
179881237608202
99675792218004
204102776608642
249384536728693
21754573223559
194419157287275
252847109933270
203109153869792
111762029834419
90900459256926
107886162629735
82913459348846
103360465259828
149816571845360
118657816254636
166282568985746
243472543070182
58418350104092
110447938817845
39184240573480
198324414772897
215649977517364
270623093079677
54536925151095
117210907502290
270372752559022
162585723679571
84196418806631
40814845355090
89146697901676
227345686836494
45137538437235
114665322636252
237817063623089
182041429852950
208096940806921
113911987152095
230445722436712
141414928512538
27404770859983
17657067578790
59884836221358
112981238873371
