203000540209048
100796264334505
3430070252028
117210907502290
33807246593646
124553049338515
72475356961633
5664105187519
224588224076512
185540721532860
17924703695118
222895439906815
225495642461000
138876425371814
213095796011263
132374278394680
124668593618656
68408945025809
24281796254178
267907906697923
64808596295901
119234917069012
103360465259828
7874435274138
145444571629079
61995855086847
252246354976173
267969411581139
213387748395074
171257469330332
10979313921833
226033558591238
180545495361437
228671425212896
113774789728500
136867913633814
46337373129365
171923508237929
77975098952912
53750771668312
67568531409771
211901156273948
152005279133936
208136740287561
256030335688357
266917377492597
58473889253452
62039854193176
140733433797222
20721861852105
35778477162986
222865389049328
105184638470393
210157296088086
82568664239875
132651381572914
172691219451944
109871646186491
176217988013968
158704978267940
253185589953743
44681804565044
138082158660090
277408967196457
117467438966750
241375582812544
30125828747374
36172691102064
3298209761116
19834428468155
102022522130333
22636549382589
112446870858404
122447838220502
