203000540209048
232831651025354
215825081805676
117210907502290
33807246593646
172697108890868
72475356961633
214653548705706
224588224076512
166858115220171
17924703695118
222895439906815
250611273193970
103360465259828
175573127194274
115422950929478
127103815668261
152359963355340
6133155049651
92358920811287
67184754918346
241881852480454
278717164289204
195841308591752
69290623857817
73375335216796
68408945025809
259118035863450
143834256814724
183080556376191
267557899956094
36246133894693
219823030066861
219413695899930
19579136758111
170583185322666
51871549008238
158651665067007
7093197067555
198101593382955
243320568337608
