203000540209048
260610944512619
196800087258727
185766774930972
184849692557090
23531113450011
40956508003033
99105293615167
91926021987862
172577124087781
268779080899750
264933543810647
210054881892999
198583059039036
102980705489780
149463034143830
6284919522236
248676323253817
158695145906443
116967254640338
27951261050343
253636205088177
151508070943428
234520716305333
274290097774951
60220108213051
96345662459179
186095902690375
256199147049634
24072122252884
131979655825354
108170957416094
275421524867070
8407921198549
107860653556069
134632255767227
110910461708803
222831778784984
107971382030130
18182289702738
134831024351070
190900599810185
181698488001281
248518743889428
30245646697796
144165622202971
215931795752459
147778574245031
238860956046310
96060184499687
191879097109850
215500919135276
104628363092931
275347129693372
274585521013826
188903810207789
215503402902965
255629052919189
63905674355967
65076531416372
274447553423952
234086551199886
249281704971288
12791640951718
207709691930399
105905759274105
216403855480351
95680921335890
25223309939852
59633686556665
274186815956279
86661275570167
164256606491139
28486853710333
81508944158916
25157446809521
172372112972610
109114911489172
279534070033182
93158458168827
9865677370950
195999153617904
23539184035933
69849414435748
135432623945630
56300862397284
97364544454005
190275204724039
31232410136414
124091272523430
37424171936698
179137526613709
212613186387789
33673629141044
149567364363780
97259421750837
106340130527579
16475708305836
4988770243830
108785791816576
91586237529216
235228683625670
263267856912923
265867836302377
168181813471730
72475356961633
84655624489189
224588224076512
150497601272034
17924703695118
146953430594064
105099926681291
222895439906815
45249734418505
14232411764698
204556726184957
129646945610019
158904067847008
33963865118962
245260224586465
179881237608202
168992652097891
204102776608642
194861482003569
249384536728693
237997694426699
21754573223559
194419157287275
124751103992691
82425581608470
227759601358574
201110351242294
122711649680610
176773394912871
231162550955012
156914211556396
227963197332978
70538911739249
14993589248719
207702309653304
17383409829056
69104805139584
153428454936808
8662674297496
40845752463715
56484322067608
75076253225605
82701080265062
239354000272964
59197648195519
126324559396959
107703286330658
101904538233774
114125734944483
22829686440048
21637283596822
241223833176521
163210396770637
204794891629470
233225151751556
41351072067324
226974910451761
278475391267401
19578843997313
276452417657830
204944102796365
235050559507314
3159307610702
252084484874537
254846082389938
135838508652267
62511473639566
122305503145750
181568528637518
227697175100909
93989221193502
257437619579273
43935066526100
25132202420616
127958680705279
208284907455835
