203000540209048
54741472426044
215099476774995
103360465259828
149816571845360
7592593013973
72475356961633
251021708215781
224588224076512
175009949693219
17924703695118
222895439906815
189099456842608
196599477999341
50337637463274
140709182232632
93989221193502
250732576315599
91556565177814
117210907502290
148826832046896
1733048865240
94588470118351
258483989513185
143985124646104
87592401275061
162587651381351
196938386546762
238965260332215
130557013315189
37433774098202
32153083754165
265553059281892
70079271336758
74693800547737
9357790722543
45984929115389
44361819504857
276452417657830
115410184171027
235050559507314
252084484874537
254846082389938
135838508652267
62511473639566
62133962145105
70680129150165
226621050677063
268108021968554
126367810180528
59545742779468
87509305024685
111532739229771
247007730058823
63147407603396
203749501420597
123805504514662
