203000540209048
237490959291561
249454939405615
117210907502290
149816571845360
258106206157137
72475356961633
69506420925115
224588224076512
45090596685802
17924703695118
222895439906815
189099456842608
196599477999341
50337637463274
140709182232632
93989221193502
250732576315599
62133962145105
70680129150165
226621050677063
268108021968554
55918598124519
277604935216851
68298350110933
229010398096479
126367810180528
59545742779468
87509305024685
111532739229771
247007730058823
63147407603396
203749501420597
123805504514662
215099476774995
103360465259828
7592593013973
251021708215781
175009949693219
32153083754165
265553059281892
70079271336758
74693800547737
9357790722543
45984929115389
44361819504857
276452417657830
115410184171027
235050559507314
252084484874537
254846082389938
135838508652267
62511473639566
258483989513185
143985124646104
87592401275061
162587651381351
225781203334879
71715054998913
129952128607892
264798683300791
196938386546762
238965260332215
130557013315189
37433774098202
279913982749959
146229576346044
165355461826729
218377284070908
266867000831582
243969685827529
171654145345098
120043432412903
227788012116911
92109742296202
58106672026268
40871097501245
