203000540209048
19530457140472
59534426956993
117210907502290
116328258541892
53867582131589
72475356961633
103527995015443
224588224076512
225235681847876
17924703695118
222895439906815
37861383276386
149816571845360
63147407603396
203749501420597
123805504514662
180780235675803
172018375577270
73496677389475
230689142224532
208674722433564
59545742779468
87509305024685
111532739229771
259023593462825
250784610293969
234522272746273
188952238114548
156630497836860
237681870760678
212382771090211
191705652194926
253569988505605
274459407925935
219622166770261
89399104893887
240059555691780
14952128378707
118245437630163
171703900108331
18376142819906
276870445956340
143000353108596
70680129150165
226621050677063
268108021968554
