203000540209048
181967406548513
258483989513185
117210907502290
149816571845360
143985124646104
72475356961633
87592401275061
224588224076512
162587651381351
17924703695118
222895439906815
46051454507693
70680129150165
226621050677063
268108021968554
80100396340854
116328258541892
242473498993661
60670341054423
200588852603674
247007730058823
63147407603396
203749501420597
123805504514662
215099476774995
103360465259828
7592593013973
251021708215781
175009949693219
32153083754165
265553059281892
219449129948535
74693800547737
9357790722543
45984929115389
44361819504857
276452417657830
115410184171027
235050559507314
252084484874537
254846082389938
135838508652267
62511473639566
225781203334879
238965260332215
130557013315189
37433774098202
42612962992386
128731192628260
85492846871232
63108018416623
279913982749959
259961011561625
255656419979811
75178576664489
115445173622982
129613809032120
42449597562050
156608164092037
38839884336269
105255944376399
136053984206967
254077487230734
221970782493094
263999751006732
271071975934724
189099456842608
252646803166434
19191185216062
155462013505676
