203000540209048
148803625130836
171031047680619
196599477999341
50337637463274
136153374481425
72475356961633
93989221193502
250732576315599
196938386546762
117210907502290
149816571845360
34478333636632
187302451618387
224588224076512
242165388583040
17924703695118
222895439906815
227788012116911
103360465259828
238965260332215
130557013315189
37433774098202
215099476774995
176509943724582
278386519414961
233578112408798
258483989513185
143985124646104
87592401275061
162587651381351
225781203334879
71715054998913
129952128607892
264798683300791
99022255001488
128731192628260
85492846871232
63108018416623
32153083754165
265553059281892
70079271336758
74693800547737
9357790722543
45984929115389
44361819504857
276452417657830
115410184171027
235050559507314
252084484874537
254846082389938
135838508652267
62511473639566
247007730058823
63147407603396
203749501420597
123805504514662
62133962145105
70680129150165
226621050677063
268108021968554
249454939405615
258106206157137
69506420925115
45090596685802
108958471372866
205310885345047
36999640163422
146323149516272
126367810180528
59545742779468
87509305024685
111532739229771
244252336959490
141414928512538
27404770859983
92227004725337
131063550990088
28845850195763
279913982749959
7592593013973
251021708215781
175009949693219
51576283182589
113911994643732
175044118642452
197380316840119
