203000540209048
225150312304661
189337236816379
117210907502290
149816571845360
2647649182978
72475356961633
172476478277877
224588224076512
116839102568106
17924703695118
222895439906815
18108732782246
265553059281892
216835691257959
52200811068812
44378084933112
68965795389191
107157258716055
276452417657830
151762004344887
235050559507314
252084484874537
254846082389938
135838508652267
62511473639566
174235965889325
103360465259828
92109742296202
58106672026268
40871097501245
7658558480353
141414928512538
27404770859983
200984158700867
90911034154103
227405573451036
93651777609738
78199672111713
27968022020419
61110322180277
169514353705332
92227004725337
131063550990088
28845850195763
