203000540209048
258375502706836
189099456842608
196599477999341
50337637463274
140709182232632
72475356961633
93989221193502
250732576315599
196938386546762
117210907502290
149816571845360
238965260332215
130557013315189
224588224076512
37433774098202
17924703695118
222895439906815
258483989513185
143985124646104
87592401275061
162587651381351
225781203334879
71715054998913
129952128607892
264798683300791
32153083754165
265553059281892
70079271336758
74693800547737
9357790722543
45984929115389
44361819504857
276452417657830
115410184171027
235050559507314
252084484874537
254846082389938
135838508652267
62511473639566
136606989552900
34478333636632
187302451618387
242165388583040
62133962145105
70680129150165
226621050677063
268108021968554
80100396340854
115879079059176
245536773414183
101369888253812
223115370336092
148817204299689
185159995667662
53098164017634
126367810180528
59545742779468
87509305024685
111532739229771
215099476774995
103360465259828
7592593013973
251021708215781
175009949693219
190969263980021
63147407603396
203749501420597
123805504514662
