203000540209048
31812563445102
15655024491797
185766774930972
28897690157706
23975983174815
91853606066035
18638007481611
214007430095444
257844641857240
43058330538963
230410312033132
79837529194067
50003654813766
207204322395350
109567645367200
270270529265409
2540106761296
41968918826260
263073634870821
170588724978889
136048835638764
28614516896503
213523931268123
1173772120828
180600816778127
252545833232415
160848302853316
106510427466779
212185594564409
142946789017903
69709166759202
71198662716249
194362866214013
180519965753676
274335785321336
38164593507546
143054811901840
264235162835286
180350414837756
45819139483238
126152491097398
105957808815339
89212414732368
231311420797979
97259421750837
220243935675494
51564651337610
117210907502290
149816571845360
170143492784237
72475356961633
261473998855400
224588224076512
179143806748444
17924703695118
222895439906815
143123600496714
164482360182242
195795176527742
239597735591391
67254457264555
277752301519668
115197111791631
265455394881279
210428747306026
127280388675141
203597265444641
219801276862470
251483884080597
278786699810256
176299974348541
141414928512538
27404770859983
90056559637927
235457646899323
239026143277765
101498560357111
237817063623089
115032401967183
102001294862898
113911987152095
