203000540209048
239182070784292
246387967661779
136568701439221
55665857032164
212184003474876
210970399974636
30748945343443
47812878611166
219713830725570
243556970735902
652392093471
30586963217325
219488636694993
278330503039529
234225278280952
179657460794980
176778653283554
194173342342831
71649985491053
114369271045360
18895126136026
72475356961633
113853937726347
224588224076512
222895439906815
7063463164424
171343862108151
249577031801127
193227639556783
101778149765282
61820855335802
236336433059886
122121633687509
130420413724697
160089110053871
186920548989320
1000984058523
218021424373719
202639777588718
112032483212879
103207185597443
125142072949151
249212613838530
257243044958866
108542330735665
93825904439999
267853532204082
261515954321591
237434943235096
165858178638605
73317100849997
159367476306715
158212403045762
142744758812170
179259277025647
6916350755095
17132979065562
126391570488610
17924703695118
104851653609360
179881237608202
32082194395441
191178973455305
252428554454153
18470343819922
