203000540209048
224308793838918
42928856361197
117210907502290
149816571845360
139021690399312
72475356961633
189585172399697
224588224076512
229956689297370
17924703695118
222895439906815
269289676544105
206609768430665
212266737606035
225962188772217
227500866346533
132572645133402
153227788559287
4380398607842
52170985079880
181568528637518
46723407015208
228084226764577
93989221193502
257437619579273
43935066526100
25132202420616
127958680705279
228074554576299
50070390556080
279889810148473
65861465796239
