203000540209048
190083750712697
81149106516033
117210907502290
149816571845360
245109323113582
72475356961633
203642811246933
224588224076512
255153252227532
17924703695118
222895439906815
34766329433747
265553059281892
247691054698053
173260631984567
60326192171953
104458751904673
207423559188275
276452417657830
177907408816908
235050559507314
252084484874537
254846082389938
135838508652267
62511473639566
127071063595931
58184850527131
151998229000355
178335431260148
163782932825577
246997192161699
275398017821359
18299428277640
53401301374517
141414928512538
27404770859983
20713264604892
76893008569467
230954010032016
254264424077800
30125828747374
183254543391285
265607275271396
83118953065437
232050579757262
129273405575519
53325976702182
177389342225855
136410861594142
213703198692428
67029448876289
146842344167103
197244154381251
12011388324665
223069608862475
5278986558191
