203000540209048
4553622615453
202966852005674
217996700663239
192130308319401
253717083649151
135566532402809
7255290611367
117210907502290
149816571845360
174767581811275
72475356961633
124840059738059
224588224076512
147431827781247
17924703695118
222895439906815
104191403422969
82431316698361
173001550071942
182595979393424
69733691731190
16917862992541
212266737606035
225962188772217
152035103259090
132572645133402
153227788559287
4380398607842
257269445634687
181568528637518
46723407015208
63660884723064
93989221193502
257437619579273
43935066526100
25132202420616
127958680705279
101407950711667
67396724507947
228074554576299
50070390556080
9791307947029
