203000540209048
180401487224478
67381183652933
117210907502290
149816571845360
156834774159794
72475356961633
192002178239448
224588224076512
148877876896574
17924703695118
222895439906815
224712539196030
67335747766792
173001550071942
182595979393424
123743299320971
183542942386086
153227788559287
4380398607842
199728569457178
74241599683880
82102335916057
65657745288785
52170985079880
181568528637518
46723407015208
228084226764577
93989221193502
257437619579273
43935066526100
25132202420616
127958680705279
249965034912180
190447471880173
101407950711667
67396724507947
96085071881736
238204436387034
