203000540209048
159405243184285
195560963814576
117210907502290
149816571845360
132572645133402
72475356961633
153227788559287
224588224076512
4380398607842
17924703695118
222895439906815
67381183652933
156834774159794
192002178239448
148877876896574
224712539196030
67335747766792
173001550071942
182595979393424
123743299320971
183542942386086
249965034912180
181568528637518
46723407015208
190447471880173
93989221193502
257437619579273
43935066526100
25132202420616
127958680705279
101407950711667
67396724507947
96085071881736
238204436387034
279889810148473
65861465796239
