203000540209048
90812943825605
217996700663239
192130308319401
104191403422969
117210907502290
149816571845360
82431316698361
72475356961633
173001550071942
224588224076512
182595979393424
17924703695118
222895439906815
69733691731190
16917862992541
212266737606035
225962188772217
7255290611367
174767581811275
124840059738059
147431827781247
228074554576299
181568528637518
46723407015208
50070390556080
93989221193502
257437619579273
43935066526100
25132202420616
127958680705279
101407950711667
67396724507947
257269445634687
63660884723064
