203000540209048
180182269043766
169398895374347
117210907502290
149816571845360
64318849576378
72475356961633
227855442650725
224588224076512
14383940905361
17924703695118
222895439906815
127115291348591
74705150989030
85111203146378
260531232963569
257485418736413
265553059281892
247691054698053
234703169196169
37782984161115
252587708058793
212313190188873
276452417657830
23706905990116
235050559507314
252084484874537
254846082389938
135838508652267
62511473639566
185885166350883
82833620511180
197450293027572
89895639906780
130516672789444
165423825767411
87745598844817
193811183558860
141414928512538
27404770859983
75875900991571
274221839083408
61950836456857
263592968106195
259001801236555
211069741916548
65811625518604
178156210944657
146175962510374
155442221896353
136316043791846
248899740518825
89749155742589
203748609580091
33663737187317
