203000540209048
34216114747518
152980475424473
117210907502290
149816571845360
67335747766792
72475356961633
173001550071942
224588224076512
182595979393424
17924703695118
222895439906815
227500866346533
132572645133402
153227788559287
4380398607842
123743299320971
183542942386086
268670421843775
131916863802867
269289676544105
206609768430665
212266737606035
225962188772217
101407950711667
181568528637518
46723407015208
67396724507947
93989221193502
257437619579273
43935066526100
25132202420616
127958680705279
279889810148473
65861465796239
249965034912180
190447471880173
228074554576299
50070390556080
