203000540209048
225352244553145
240765971259755
103360465259828
149816571845360
109914860787759
72475356961633
220818590399952
224588224076512
200204191661107
17924703695118
222895439906815
229535589627076
117210907502290
31288370074640
269548358742799
224778718647006
256561392932411
210025069225156
73046331477771
159791547251281
211458985437683
179882185486065
263616445901004
65225348346366
121056887993154
141414928512538
27404770859983
224691022910923
157145244283313
275928044758562
235112258060055
30102330766777
59336363793920
274882342126394
197834491055477
80602360639966
137478209137738
50781934601487
52929936720449
247346859826106
58979628620394
194719092407240
258382745949560
174938893338921
48056652746307
165995098999654
52643539300598
185451201784021
21321766245639
5774235295861
60731147605627
107512081957553
54208301299568
