203000540209048
77251777816380
216987977409997
117210907502290
149816571845360
167526552568528
72475356961633
124840059738059
224588224076512
147431827781247
17924703695118
222895439906815
227500866346533
132572645133402
153227788559287
4380398607842
152980475424473
67335747766792
173001550071942
182595979393424
123743299320971
183542942386086
268670421843775
131916863802867
257269445634687
181568528637518
46723407015208
63660884723064
93989221193502
257437619579273
43935066526100
25132202420616
127958680705279
279889810148473
65861465796239
101407950711667
67396724507947
249965034912180
190447471880173
