203000540209048
122940080465830
256561392932411
115055982515799
184456398822718
210025069225156
72475356961633
73046331477771
224588224076512
159791547251281
17924703695118
260921770713634
76262800543470
36711041311548
221539812525443
222895439906815
252084484874537
254846082389938
152182297080558
130851250116280
129221723482290
40254880437441
266583997614482
216686306958854
157737524366111
141414928512538
27404770859983
187825203670741
218387863118970
214307083820436
248899740518825
89749155742589
203748609580091
33663737187317
227728168309485
145141552859266
69260168246127
175076298283461
