203000540209048
156416758111449
218093973372712
95525161490393
220485631647096
64653025711101
72475356961633
225755860241749
224588224076512
159139016072616
17924703695118
11636582622763
276452417657830
40269429611867
235050559507314
129256132982235
76262800543470
222895439906815
252084484874537
254846082389938
135838508652267
62511473639566
263999751006732
271071975934724
152182297080558
256693276406603
226078219073758
181168548430008
213105962368359
213459348164041
219771581975504
88867636510470
258553536117908
51448666086597
31292561274800
148465965341226
30125828747374
183254543391285
178374060841022
158904067847008
101622980019261
69448885462538
141414928512538
27404770859983
58923159812858
132566938580496
162648078035514
