203000540209048
86714208611042
168510228998550
117210907502290
149816571845360
38637445559602
72475356961633
154736626279955
224588224076512
44601557028426
17924703695118
222895439906815
246171164482708
237870922281529
151998229000355
178335431260148
23257916976227
277118943663142
151421211386131
179050150113605
216941415797538
12011388324665
223069608862475
5278986558191
124049563439316
141414928512538
27404770859983
89749155742589
203748609580091
33663737187317
206190094606504
70366499104335
204342266610138
122380086727663
116999697701106
178156210944657
146175962510374
155442221896353
136316043791846
