203000540209048
44646816142815
199728569457178
117210907502290
149816571845360
74241599683880
72475356961633
82102335916057
224588224076512
65657745288785
17924703695118
222895439906815
152980475424473
67335747766792
173001550071942
182595979393424
269289676544105
206609768430665
212266737606035
225962188772217
216987977409997
167526552568528
124840059738059
147431827781247
67381183652933
156834774159794
192002178239448
148877876896574
227500866346533
132572645133402
153227788559287
4380398607842
123743299320971
183542942386086
268670421843775
131916863802867
52170985079880
181568528637518
46723407015208
228084226764577
93989221193502
257437619579273
43935066526100
25132202420616
127958680705279
101407950711667
67396724507947
228074554576299
50070390556080
257269445634687
63660884723064
96085071881736
238204436387034
279889810148473
65861465796239
249965034912180
190447471880173
