203000540209048
202154808281530
248899740518825
141414928512538
27404770859983
89749155742589
72475356961633
203748609580091
224588224076512
33663737187317
17924703695118
222895439906815
167195867982767
183265422769401
239033655227814
18350275249513
121056887993154
224691022910923
157145244283313
275928044758562
274828821713490
89639008298494
149580407458058
47888976791558
280101269458460
129446021300095
18583652203862
759709477782
258382745949560
174938893338921
48056652746307
165995098999654
3322714769767
165597135254086
225999618845512
237830192891641
240765971259755
115055982515799
184456398822718
109914860787759
220818590399952
200204191661107
260921770713634
76262800543470
62042378652411
221539812525443
252084484874537
254846082389938
152182297080558
256561392932411
210025069225156
73046331477771
159791547251281
36711041311548
104110600175135
117210907502290
149816571845360
237340768074034
178812805837733
42966604832612
