203000540209048
126157504703641
264699841557682
265553059281892
247691054698053
154078829760751
72475356961633
51748444186209
224588224076512
95273452437952
17924703695118
255416622540622
276452417657830
23688936518623
235050559507314
222895439906815
252084484874537
254846082389938
135838508652267
62511473639566
180739811997146
117210907502290
149816571845360
118448043554635
14945595999206
183252845506684
232267577000450
186689137901499
63280236209374
265562275810018
13384660631621
229098338911520
39798743929760
156608164092037
136053984206967
254077487230734
221970782493094
90773684580763
172957225422598
91487385803769
19517178597813
145605265269200
241103903812255
164826608387967
196484059071363
219278645256855
152868950939066
181000854983085
108285447975790
77681103249074
17616237897808
40805176364302
41510198242905
133557489561028
48452878449889
173208713881783
