203000540209048
66181117968533
275371889653726
117210907502290
116328258541892
145262998225404
72475356961633
6079278568377
224588224076512
171744639421616
17924703695118
222895439906815
261548944477154
68408945025809
269628336091892
15278707801792
45566951064572
111094715883310
265553059281892
70079271336758
240669588955703
250842293654697
139366627815881
6261390939819
276452417657830
87438034161844
235050559507314
252084484874537
254846082389938
135838508652267
62511473639566
76200267098639
120670033750107
232579291307137
104883434597363
111284423320651
45598515207319
27647267526844
68705802075441
179679934698998
92366890176949
261243544861622
156608164092037
160773256362030
76262800543470
202087431149957
221539812525443
136053984206967
254077487230734
221970782493094
152182297080558
37064406178325
141414928512538
27404770859983
174683507613872
227855442650725
101622980019261
