203000540209048
187797283554565
216987977409997
117210907502290
149816571845360
131864363926958
72475356961633
168250895042795
224588224076512
165140381059790
17924703695118
222895439906815
16722796225438
112847381461417
55187068004361
208907407932347
269289676544105
17301211596269
99132269341658
228938305301923
257269445634687
181568528637518
46723407015208
63660884723064
93989221193502
257437619579273
43935066526100
25132202420616
127958680705279
101407950711667
67396724507947
228074554576299
50070390556080
