203000540209048
109155012083369
99846723943045
103360465259828
33807246593646
38402405005285
72475356961633
31344247383897
224588224076512
100287310779302
17924703695118
222895439906815
128837382303892
117210907502290
149816571845360
112343072848184
172983664952189
38312523752471
216652453789919
210627627509924
8749112094694
130947511795069
127043522556354
68408945025809
216977592867649
122858841052121
90948688153252
194132628752847
8285199425785
254233578182913
63811300041142
117194956189659
200141945078206
99497103903668
131045544894421
79512568120389
43900014374382
138173432152980
79816299046967
157860030646155
