203000540209048
111130986488898
254264424077800
30125828747374
183254543391285
270730982438329
72475356961633
83118953065437
224588224076512
279144760916257
17924703695118
222895439906815
197466165512533
186174345163148
274221839083408
206393692629863
117210907502290
68408945025809
269628336091892
15278707801792
45566951064572
129640839651911
142051474440895
226262843552846
78373725206683
117455538006640
149816571845360
9386205993877
254131854886057
45900589997195
221081201184605
199850545860171
75899711506603
15261209602361
277347168904923
206061448339675
164310704011318
122765032984995
133551953583352
11960242141281
232783654683061
90411903590550
173638895075381
59560500467964
62836662119660
279984394283081
147937096217331
225535577848794
93561384620195
83047405109371
81676920865187
