203000540209048
12016321131105
142322598569873
117210907502290
68408945025809
120385079684950
72475356961633
93561384620195
224588224076512
83047405109371
17924703695118
222895439906815
25401914908394
95525161490393
86318293100829
78034550226021
276452417657830
208015025481540
235050559507314
41551258583606
76262800543470
252084484874537
254846082389938
135838508652267
62511473639566
263999751006732
271071975934724
152182297080558
206978040428257
225535577848794
249916128363434
30125828747374
183254543391285
242548288588474
262002801934889
279144760916257
85795991339651
186174345163148
274221839083408
101581365695574
141414928512538
169280738935556
118140689914434
131958778325000
265938790398640
