203000540209048
136234984242729
272238600512551
117210907502290
68408945025809
165620290213440
72475356961633
241880885044587
224588224076512
260912864050430
17924703695118
222895439906815
78403026778723
160368874500829
67874122233601
56238782414220
172267038030480
215007370890325
184857808028165
9856978876242
194049785746579
251874196429384
228754787871709
23057465690235
66807169963982
142787766279581
206267259399661
30923143067568
968084783940
274599959186181
133002221954277
220777635391599
182203309728559
103360465259828
183051593721440
170665349203174
90325822242082
135926368865295
16633137596149
8891680179687
104896765619614
10126340133071
109847743091536
54416232619194
155199618860116
207942260757330
196540437508220
227777423247157
62298000539923
101373295445186
33807246593646
158511206576407
22314890801359
209699246827252
242841146935876
30125828747374
183254543391285
55153162310393
158904067847008
101622980019261
124668593618656
24281796254178
267907906697923
64808596295901
210619521726895
141414928512538
169280738935556
157758534438720
279612181698226
79786440363171
133124993513940
119239363235596
72357586205009
63770522409243
