203000540209048
33021253099904
182203309728559
103360465259828
68408945025809
160368874500829
72475356961633
67874122233601
224588224076512
56238782414220
17924703695118
222895439906815
183051593721440
117210907502290
251874196429384
228754787871709
23057465690235
236121784394573
159928217078069
276828775981880
106374891246053
93944013020263
232180203157047
241880885044587
255154138383499
22585259570199
206066839032430
206267259399661
30923143067568
28657630105561
50904116586279
2655802443837
131024238245264
65995123556251
145564912636455
172066685691599
247408577143797
50627891058604
44988553717141
249180559834659
121759784445818
271353023112371
228254732646157
32373432375737
235614114185139
202452634097981
141570794261321
268631681968519
267198777826969
247777712048829
56477883542390
153213607837367
203881755923
253871639792116
180211623147505
209551366778037
133002221954277
220777635391599
124668593618656
24281796254178
267907906697923
64808596295901
