203000540209048
203213099508339
255113301097199
117210907502290
68408945025809
225535577848794
72475356961633
93561384620195
224588224076512
83047405109371
17924703695118
222895439906815
29259171785392
93215812752316
95525161490393
86318293100829
78034550226021
276452417657830
208015025481540
235050559507314
41551258583606
76262800543470
252084484874537
254846082389938
135838508652267
62511473639566
263999751006732
271071975934724
152182297080558
235314077315099
30125828747374
183254543391285
166134712177339
262002801934889
279144760916257
10658563201970
186174345163148
274221839083408
101581365695574
141414928512538
169280738935556
118140689914434
131958778325000
265938790398640
