203000540209048
242880661239710
180211623147505
117210907502290
68408945025809
209551366778037
72475356961633
214653548705706
224588224076512
220777635391599
17924703695118
222895439906815
182203309728559
103360465259828
160368874500829
67874122233601
56238782414220
155235611527408
141125382716591
184857808028165
9856978876242
186772438429091
90572948984409
195904904900661
62298000539923
22585259570199
206066839032430
210942553705122
30923143067568
183051593721440
251874196429384
228754787871709
23057465690235
33285525440827
264358728664532
128962863544359
58090987923905
6276296786031
30125828747374
183254543391285
225098308738814
158904067847008
101622980019261
