203000540209048
163283655959074
83435343859588
103360465259828
68408945025809
265442581975204
72475356961633
8891680179687
224588224076512
104896765619614
17924703695118
222895439906815
270709414934982
117210907502290
149816571845360
109847743091536
158904067847008
155199618860116
38175169528928
147249809420738
112143181322122
79600647986498
112527970552102
273321308697108
204029034400047
73881804503119
189587941989542
33807246593646
57947341723705
22314890801359
209699246827252
159796475156362
95525161490393
86318293100829
225535577848794
93561384620195
83047405109371
255120978300407
276452417657830
276913472665455
235050559507314
276233792603791
76262800543470
252084484874537
254846082389938
135838508652267
62511473639566
263999751006732
271071975934724
152182297080558
13174757455917
196160678863929
88409884101884
47902154755967
111797377878914
83369645573551
32639563905356
256446576890017
8044213911087
23471370253852
119633602144762
225416317036245
84862284173734
224934073565979
134912283879714
186769056015332
25401914908394
120385079684950
78034550226021
208015025481540
41551258583606
230949223331401
117509324764689
192692177838320
200165268070277
156143851580779
123929889376797
194994228876358
245207673966310
191434114453546
65230534566722
9343824403516
220074300786940
151176638055728
187717239635608
263889607461583
78659568184108
206320128505140
127745481772997
69825702043395
186765759828655
89522679633375
29420823654785
142110197406477
158331285662733
251211463586867
226703835789052
240302184183702
93951483379554
51512227786877
28408554950744
95165319647295
82226753657518
122975488220437
146097425604440
239356047645346
113682641585308
165685523495385
40493381606170
102515077429004
197281272914375
227459615988297
202745432499761
142673756651685
31251266062421
169046823696346
244549240990964
151906444355282
95005026829354
189167865327817
10126340133071
237589819883823
110970911896736
222715220135966
133418062179399
216415473938044
78277707917980
41805717036579
58910922658734
161672242331201
154538742359762
11153559348293
110905974003572
45780686041927
28657630105561
50904116586279
149081199050559
131024238245264
65995123556251
145564912636455
45594909201719
247408577143797
79226023122106
131302169685431
276828775981880
278468233151495
183051593721440
251874196429384
228754787871709
23057465690235
27693041005904
215413316503089
137315492642130
137630712897986
199951181486146
80609192127680
47888649303541
207139006126592
131431624496745
144004665879669
14512049511518
18885757339665
224257379891827
234420655732806
184874967521585
229860637891582
164118909812992
45361774027031
249916128363434
30125828747374
183254543391285
242548288588474
262002801934889
279144760916257
85795991339651
186174345163148
274221839083408
60114546971323
117194956189659
112343072848184
172983664952189
38312523752471
131180660662903
24142178989360
102002001975588
19446845580333
200141945078206
99497103903668
131045544894421
79512568120389
43900014374382
138173432152980
79816299046967
157860030646155
103626366337070
86150037567592
197022870005656
148049128436337
133503308088748
28687359251667
101581365695574
141414928512538
169280738935556
118140689914434
131958778325000
265938790398640
221081201184605
199850545860171
75899711506603
15261209602361
223196334822566
142322598569873
49890347426429
42760852867329
173219012091966
142340726826051
235654624452593
59653240180019
134519455476741
264404786984275
193667245457145
117863720518534
6222986134342
189595130126850
115055982515799
184456398822718
250611581102525
34628819142504
251113043152028
160773256362030
140839331369102
221539812525443
108885030955886
235677470610511
179954939629148
13652558699295
143895406900272
242544380447377
218304411686094
27404770859983
208637832575964
249399499594761
174521847389076
180211623147505
209551366778037
133002221954277
220777635391599
115934837386105
119174041751607
107571265673672
105277423331727
108121794120566
237382385807373
278235724623874
153837886887590
32398495469206
4816067183329
164576370310994
174953417559183
20258704317459
116676237681570
13601451416815
104321664443263
121247154858670
102308307098349
47263650963868
33705437124422
204699797896279
237045261108147
244781460093210
180080510499714
276412441027041
81096145747489
260060235759562
101528197160842
