203000540209048
244224139922367
117455538006640
117210907502290
149816571845360
9386205993877
72475356961633
254131854886057
224588224076512
45900589997195
17924703695118
222895439906815
277347168904923
68408945025809
206061448339675
164310704011318
122765032984995
133551953583352
11960242141281
232783654683061
90411903590550
254264424077800
30125828747374
183254543391285
270730982438329
83118953065437
279144760916257
197466165512533
186174345163148
274221839083408
206393692629863
269628336091892
15278707801792
45566951064572
129640839651911
142051474440895
226262843552846
78373725206683
221081201184605
199850545860171
75899711506603
15261209602361
194132628752847
8285199425785
254233578182913
63811300041142
22055595813070
71672116206609
253496984312641
160605284344306
173638895075381
59560500467964
62836662119660
279984394283081
81676920865187
225535577848794
93561384620195
83047405109371
63587228910794
