203000540209048
125840583327790
109823544082481
117210907502290
68408945025809
129927246589578
72475356961633
270510373571952
224588224076512
182802781540326
17924703695118
222895439906815
86712597048173
126345216444555
208198118628108
214918198857290
272081581270323
33807246593646
83102671947497
251285799869991
169248880165734
254141576966435
60878025657325
125222622574597
134421206066371
114671348333480
180264498453181
157262825851083
267429428485321
211898784672843
153786849135942
194258098543101
3518629836845
235516765112866
5960635204478
257459916113291
91592403166453
155693461127466
18413625611708
15135112714029
261763969866702
214883365053264
204720555507282
196728328920889
160999245799926
205960598917173
4611235959649
108228991558494
17158307228669
97614531754460
176470177465139
804453255475
255344351077053
76262800543470
199653075951401
221539812525443
252084484874537
254846082389938
152182297080558
256324767183959
169906180931203
272237038418129
77573816687451
138600543519333
153228737538480
281304252324558
156608164092037
136053984206967
254077487230734
221970782493094
228230121270751
126176655411362
99979895099782
84985237220430
14470589961908
105835628702906
192714522087023
201523643168543
