203000540209048
274210133910462
200141945078206
103360465259828
68408945025809
99497103903668
72475356961633
131045544894421
224588224076512
79512568120389
17924703695118
222895439906815
43900014374382
117210907502290
138173432152980
79816299046967
157860030646155
15980098930447
149816571845360
150565309037601
119460455771847
23937456517849
117194956189659
112343072848184
172983664952189
38312523752471
224460457811117
8285199425785
254233578182913
63811300041142
194132628752847
128837382303892
216652453789919
210627627509924
8749112094694
130947511795069
