203000540209048
69349728490970
84372572462042
117210907502290
68408945025809
85970961887599
72475356961633
232518872069343
224588224076512
188639272144050
17924703695118
222895439906815
105285608326567
216977592867649
122858841052121
90948688153252
240232355443836
123791240991709
206201484789776
60536007586526
197466165512533
30125828747374
183254543391285
186174345163148
274221839083408
279144760916257
82184966951743
270730982438329
83118953065437
259888073008602
36172691102064
189816202258641
56009857508186
68752884117028
115686586404202
80425898260994
151471293319789
118509495252695
219298766232850
33807246593646
233744614477767
5188344327499
264690347611173
162180542789135
119166551268240
188772455813094
196990367207820
