203000540209048
266690194027207
267262337128123
103360465259828
68408945025809
146097425604440
72475356961633
239356047645346
224588224076512
113682641585308
17924703695118
222895439906815
7949381157436
117210907502290
33807246593646
161726793790102
235855142007138
109493038156949
252246354976173
267969411581139
213387748395074
171257469330332
242827836737124
53750771668312
67568531409771
211901156273948
186273690271566
249425461252197
26714711639522
197459307471976
60667502938497
181839030955833
57673700088918
199850545860171
75899711506603
15261209602361
268267099372032
135532238869638
92146171704558
169286094524350
279956831475129
47825753747722
22314890801359
209699246827252
137264676393474
186080764893133
280740000925990
227259144819223
78118544476854
71720698804807
133002221954277
220777635391599
64454713848825
274599959186181
261425191262098
138876425371814
213095796011263
132374278394680
197466165512533
56349318945284
226359117566435
225535577848794
199645038347828
83047405109371
253217582571257
276452417657830
204731926456166
235050559507314
93561384620195
76262800543470
217576321265156
121769125398103
252084484874537
254846082389938
135838508652267
62511473639566
263999751006732
271071975934724
152182297080558
193687385437362
74396247584940
19417056265757
245767800316061
56477883542390
153213607837367
203881755923
182203309728559
160368874500829
67874122233601
56238782414220
147989078455899
18905073483912
58692453283719
86062042147768
117509324764689
196160678863929
88409884101884
47902154755967
227265888456627
33629006654900
197427136377757
168814663706388
391425064256
228254732646157
32373432375737
235614114185139
253871639792116
141570794261321
268631681968519
267198777826969
36287778350795
91933423110064
44988553717141
249180559834659
121759784445818
158021270894009
43693226943870
209985275018744
28519816892045
37495469182295
206066839032430
206267259399661
30923143067568
199425694860331
90572948984409
227777423247157
62298000539923
45503881173870
41805717036579
103813617374465
161672242331201
86747007412845
182885993142803
271414318421649
255600783460279
28657630105561
50904116586279
2655802443837
131024238245264
65995123556251
145564912636455
172066685691599
247408577143797
79226023122106
131302169685431
276828775981880
278468233151495
42760852867329
226703835789052
240302184183702
93951483379554
199951181486146
80609192127680
47888649303541
207139006126592
101196056509882
122858841052121
90948688153252
205013081786387
205243494209476
131889651173177
74971598474299
10979313921833
226033558591238
180545495361437
228671425212896
77975098952912
200647636591266
128885863824115
228754787871709
23057465690235
107750962960958
260166345591932
117158333785880
182566675631632
81089871786528
190063759919797
104417059287009
20045388828398
138925604197661
137416535664059
152187753088385
271318544156041
226320033713072
66999523403629
133391586358918
247916597377341
93944013020263
232180203157047
241880885044587
255154138383499
113774789728500
136867913633814
46337373129365
171923508237929
10126340133071
109847743091536
54416232619194
155199618860116
220460398607571
126845914808164
8891680179687
90230554126384
52610449099786
202469168413882
131746554809747
139996058616599
161707323051026
270662033207060
141800557719420
244097824159655
149268782206935
47872067483102
203280831725565
38417236470266
234764347307471
8854051075173
42092013769880
255617859955607
224084938886470
118806765852954
257429663028496
263696765396139
167898699900540
143623318064151
174533524557255
149816571845360
156533611642599
20764229673252
212232503458152
207639965044781
95833695537558
195265982923748
105017097793433
108051160478632
259412593918792
247768892248031
88992966401559
268928972027740
76937368226936
50354140004323
124053037018590
255274922969804
968084783940
135926368865295
16633137596149
104896765619614
244148258768806
53334035934842
227948026208726
26047431402304
211498244631649
112666097303614
227231387286
181805464532714
153293526447339
46085155477482
134519455476741
264404786984275
193667245457145
117863720518534
240559642155414
251211463586867
173219012091966
142340726826051
235654624452593
59653240180019
89126948116957
141414928512538
169280738935556
119174041751607
107571265673672
105277423331727
237382385807373
210619521726895
157758534438720
279612181698226
79786440363171
10351405927005
224223006526811
218957526291072
58122164715902
242540821882092
31539296451678
274941171139712
20148131243463
55753744663344
3298209761116
89190420222223
281278887642286
185639554814499
86821268228033
118083337032587
259483386276640
175192857896461
181025900953026
209551366778037
102022522130333
22636549382589
112446870858404
122447838220502
133124993513940
119239363235596
72357586205009
63770522409243
101373295445186
158511206576407
