203000540209048
43474210141664
206393692629863
117210907502290
68408945025809
269628336091892
72475356961633
15278707801792
224588224076512
45566951064572
17924703695118
222895439906815
166562176182852
11960242141281
232783654683061
90411903590550
254746268314861
206061448339675
164310704011318
122765032984995
277347168904923
133551953583352
117455538006640
149816571845360
9386205993877
254131854886057
45900589997195
249929113849830
272644496178240
195778716616401
14716220774479
82269422201825
2752575223169
261346308274464
115026294355344
254653257244509
184435841476308
6071249289296
129225299136011
129640839651911
142051474440895
226262843552846
78373725206683
221081201184605
199850545860171
75899711506603
15261209602361
81676920865187
225535577848794
93561384620195
83047405109371
101376095068409
48148901675107
58904696232380
238200074482436
254264424077800
30125828747374
183254543391285
270730982438329
83118953065437
279144760916257
146226091674450
154299509886511
197466165512533
186174345163148
274221839083408
91858341290586
154793117551935
69256060607857
110878991175821
93149466566217
281043567031743
179406042390332
36213689566771
