203000540209048
191371147606157
92795832066949
122713512707070
117210907502290
68408945025809
269628336091892
72475356961633
15278707801792
224588224076512
45566951064572
17924703695118
222895439906815
43019699829556
149816571845360
200170799830521
265869311462810
89264724648449
162177539830788
9386205993877
254131854886057
45900589997195
9542584726569
112343072848184
172983664952189
38312523752471
188967238462560
206061448339675
164310704011318
122765032984995
166562176182852
11960242141281
232783654683061
90411903590550
227146086495659
8285199425785
254233578182913
63811300041142
