203000540209048
110424201178711
127043522556354
117210907502290
68408945025809
216977592867649
72475356961633
122858841052121
224588224076512
90948688153252
17924703695118
222895439906815
200141945078206
103360465259828
99497103903668
131045544894421
79512568120389
43900014374382
138173432152980
79816299046967
157860030646155
84862284173734
23471370253852
119633602144762
225416317036245
147234638910599
222715220135966
133418062179399
216415473938044
103626366337070
215413316503089
86150037567592
137630712897986
170685469600941
147249809420738
112143181322122
79600647986498
27693041005904
137315492642130
134912283879714
186769056015332
42334997273137
273321308697108
204029034400047
73881804503119
197022870005656
148049128436337
133503308088748
28687359251667
121068324566952
149816571845360
112343072848184
172983664952189
38312523752471
195100813206321
216652453789919
210627627509924
8749112094694
130947511795069
15980098930447
150565309037601
119460455771847
23937456517849
