203000540209048
71905628900543
109823544082481
86766878375837
166814243179165
129927246589578
72475356961633
270510373571952
224588224076512
182802781540326
17924703695118
222895439906815
257234997616808
172449319075538
154837389478962
214565945518715
200125312953086
99791019666869
40740646678695
268276755775721
254955493458936
98793105130138
184285697170147
264670486039610
3525176563560
103360465259828
68408945025809
80851009945971
249894028508078
69220422067191
60878025657325
125222622574597
134421206066371
114671348333480
193647963147117
3486358768664
117210907502290
144814271635605
219034395487372
238696372006942
122684969584507
41271502728113
171419138479437
118203047976082
221543563865855
279600388690144
204845326638520
244150411502829
86712597048173
126345216444555
208198118628108
214918198857290
118262836431622
223285423606816
152465401647604
136771629596753
125006460158919
24305669715600
181257280937667
189811891557155
175192857896461
71720698804807
231709169461259
123148558034433
198949670921420
163406860674104
266869748197542
229599597220493
218446093999810
195061131108706
30386338729491
232119714067224
145726955101863
149816571845360
156191599938673
119624726949191
63877238008789
136990294014277
181598823488999
47698528046989
231928588610277
74416075295628
216428597047616
215941457396706
21095858496282
14470589961908
105835628702906
192714522087023
201523643168543
228230121270751
126176655411362
99979895099782
84985237220430
240912554123036
134362150709758
150455422804144
158908456776991
27983228004511
12998258650945
123052228194860
153451379993944
249269289342089
115055982515799
110231379056361
172053096534692
239261790298101
9459505784736
216265682532834
76262800543470
30866954209503
221539812525443
252084484874537
254846082389938
152182297080558
180264498453181
157262825851083
267429428485321
211898784672843
18413625611708
15135112714029
261763969866702
214883365053264
204720555507282
196728328920889
160999245799926
205960598917173
256324767183959
169906180931203
272237038418129
77573816687451
138600543519333
153228737538480
281304252324558
156608164092037
136053984206967
254077487230734
221970782493094
254141576966435
83102671947497
251285799869991
169248880165734
5960635204478
257459916113291
91592403166453
155693461127466
272081581270323
33807246593646
153786849135942
194258098543101
3518629836845
235516765112866
4611235959649
108228991558494
17158307228669
97614531754460
176470177465139
804453255475
255344351077053
199653075951401
119203253417996
30125828747374
183254543391285
186174345163148
274221839083408
279144760916257
163088837899733
185422682851593
83118953065437
77860737387705
112343072848184
172983664952189
38312523752471
192808365196092
210627627509924
8749112094694
130947511795069
197466165512533
259261806321886
