203000540209048
110902060061473
45361774027031
117210907502290
33807246593646
57947341723705
72475356961633
22314890801359
224588224076512
209699246827252
17924703695118
222895439906815
7949381157436
161726793790102
235855142007138
109493038156949
220074300786940
103360465259828
151176638055728
187717239635608
263889607461583
150088465313793
146097425604440
239356047645346
113682641585308
69279048608787
68408945025809
156143851580779
123929889376797
194994228876358
245207673966310
191434114453546
65230534566722
9343824403516
197466165512533
225535577848794
93561384620195
83047405109371
183051593721440
251874196429384
228754787871709
23057465690235
7539014151405
182203309728559
160368874500829
67874122233601
56238782414220
151290717307710
113234832875083
153238589438421
54926822848546
236121784394573
159928217078069
276828775981880
106374891246053
27609464705500
225833324190762
241880885044587
260912864050430
93944013020263
232180203157047
255154138383499
28657630105561
50904116586279
2655802443837
131024238245264
202452634097981
141570794261321
268631681968519
267198777826969
65995123556251
145564912636455
172066685691599
247408577143797
173517397307331
182885993142803
271414318421649
255600783460279
78277707917980
41805717036579
103813617374465
161672242331201
271353023112371
228254732646157
32373432375737
235614114185139
247777712048829
56477883542390
153213607837367
203881755923
29732814868181
43693226943870
209985275018744
28519816892045
253871639792116
50627891058604
44988553717141
249180559834659
121759784445818
22585259570199
206066839032430
206267259399661
30923143067568
186772438429091
90572948984409
227777423247157
62298000539923
199951181486146
80609192127680
47888649303541
207139006126592
237589819883823
265442581975204
8891680179687
104896765619614
10126340133071
149816571845360
109847743091536
158904067847008
155199618860116
124668593618656
24281796254178
267907906697923
64808596295901
180211623147505
209551366778037
133002221954277
220777635391599
133124993513940
119239363235596
72357586205009
63770522409243
55753744663344
30125828747374
36172691102064
3298209761116
177520784389320
101555780839666
