203000540209048
17662783186091
182203309728559
103360465259828
68408945025809
160368874500829
72475356961633
67874122233601
224588224076512
56238782414220
17924703695118
222895439906815
108121794120566
117210907502290
209551366778037
133002221954277
220777635391599
230939486535121
225833324190762
241880885044587
260912864050430
183051593721440
251874196429384
228754787871709
23057465690235
83902086708461
141125382716591
90325822242082
9856978876242
212413953646599
90572948984409
227777423247157
62298000539923
122101180037191
206066839032430
206267259399661
30923143067568
242841146935876
30125828747374
183254543391285
55153162310393
158904067847008
101622980019261
