203000540209048
157463159890497
92795832066949
163916940002271
117210907502290
68408945025809
59560500467964
72475356961633
62836662119660
224588224076512
279984394283081
17924703695118
222895439906815
162177539830788
149816571845360
9386205993877
254131854886057
45900589997195
22055595813070
71672116206609
253496984312641
160605284344306
77860737387705
112343072848184
172983664952189
38312523752471
54748912288957
176026026227585
46831003178942
239715521340387
230932060906266
8285199425785
254233578182913
63811300041142
