203000540209048
14492287566982
227852565838560
108228991558494
184456398822718
263241289427827
72475356961633
263435252462264
224588224076512
70551200677172
17924703695118
160773256362030
76262800543470
28576280453698
221539812525443
222895439906815
252084484874537
254846082389938
152182297080558
139849743030878
117210907502290
116328258541892
188242053653380
254106833468156
66720838952097
107754501506426
52120263503362
226053030399273
141414928512538
27404770859983
40091309300421
227855442650725
101622980019261
