203000540209048
61905257986374
241752077873277
103360465259828
149816571845360
71201316711819
72475356961633
249727949032946
224588224076512
85495626494209
17924703695118
222895439906815
83584771730307
115055982515799
52120263503362
153765236217311
233973080878320
99077042088163
160773256362030
76262800543470
25758824272990
221539812525443
252084484874537
254846082389938
152182297080558
199663763467188
117210907502290
157022774273219
10138614096549
274737528208795
185821063365248
127870548073707
139404740691216
194136852930511
95383877019459
108228991558494
184456398822718
63076528531755
179647249761697
207139414684627
16595625747692
181663449319921
225568853262663
243192828320655
236818556187080
169076411771109
103551587650793
139035750193865
169906180931203
140266946700336
240866549583714
77798810375022
220295944572203
89857766503143
156608164092037
136053984206967
254077487230734
221970782493094
117684882758610
116328258541892
275430230239388
111986872628233
111972261768025
105176267119397
59686909835607
142766896210442
119302692165464
226860895196516
14029264158110
87699236834838
125243211250994
