203000540209048
70879479740397
189654403517202
117210907502290
149816571845360
175847727492343
72475356961633
42721225639637
224588224076512
215305333446135
17924703695118
222895439906815
233070320586378
115055982515799
184456398822718
206904150628681
52765862899929
69778227444888
206530957782065
76262800543470
273458757148993
221539812525443
252084484874537
254846082389938
152182297080558
84095375583648
234703169196169
37782984161115
252587708058793
54423907523363
68408945025809
73318404549398
104002504333539
149681455106057
171737263316355
146803493288186
59780383642987
167746042312155
178890997602558
60137427714601
173391807209954
115609150772910
246772315878800
103360465259828
232857840136290
6819103300022
39941327692146
187819485049391
221244224714490
39908049681292
16568599126398
102318628764124
63966263766519
227225947121715
163038163690074
134912176966589
72687942805670
210869355021568
50257310125030
43839266628265
87674304222367
130954434781854
247021849080054
192388982967634
