203000540209048
257113415020490
47982530468832
115055982515799
184456398822718
122946571477155
72475356961633
44615239947947
224588224076512
49148337998976
17924703695118
232351040519789
76262800543470
194544392442749
221539812525443
222895439906815
252084484874537
254846082389938
152182297080558
169117262553690
117210907502290
149816571845360
119717818859013
187629679098601
123029669757796
237465158918400
20920349995837
29745256304322
72396028159454
97986705801413
103360465259828
44811772907725
242272072625077
139022610359986
17760382078311
148062212754317
57822596199105
176789108960200
209479694043439
141414928512538
27404770859983
85745740744390
272976528955438
259007471667881
36719067901249
191651894128429
252491627565765
79912122306005
