203000540209048
210218467339575
26539717110333
115055982515799
184456398822718
166715170516369
72475356961633
32519877750876
224588224076512
189175264655431
17924703695118
200474441362416
76262800543470
143586944843115
221539812525443
222895439906815
252084484874537
254846082389938
152182297080558
236232014958039
95172174816899
169787648558827
196547540558255
160746651710237
215070994435705
13053169864323
176987444108571
54577438786279
127069784524846
223897896259357
276033108859101
249322928287692
78434758399617
234057510666399
108703418689751
253796501946384
117210907502290
149816571845360
231887457377333
182734849544099
17389981584113
74863996271343
266600902263925
217539362283576
149638903590202
215220267078758
119159040283710
45563455628067
203769199104096
152196128412022
33949415413761
35608965063075
126349076039891
22252707297140
88649176377304
30372207496080
163563277481189
353474872493
168681617193873
232351040519789
172248576027995
63874991500972
103360465259828
179821376588067
255152711997740
262205349359096
69379374122113
28003344264277
210993179001534
196224299853336
35178772574535
170470955057424
276467342191949
241333416939090
53744478882808
86738935046846
129686414015046
42083827039115
187819485049391
221244224714490
39908049681292
16568599126398
206530957782065
102318628764124
279023603686713
59214611265528
11951870430485
82895437386823
262816689050478
171737263316355
169906180931203
63280236209374
146803493288186
59780383642987
167746042312155
136773073346643
156608164092037
136053984206967
254077487230734
221970782493094
249626678041850
187262982735836
227225947121715
163038163690074
134912176966589
33096867495162
150820820706636
278228800335503
98866426830209
22635259916771
39904642150723
88781861505579
5693356382861
248485631825093
199483305267759
179060880326653
140093165839190
34601500390332
175828650350727
130954434781854
247021849080054
192388982967634
139345602127840
77447826118850
167395760453322
235416352173236
