203000540209048
64505197487891
72368856025204
117210907502290
149816571845360
245322392163420
72475356961633
190729201555817
224588224076512
95834633681854
17924703695118
222895439906815
111710486126150
115055982515799
184456398822718
11477735194399
104882454930719
206442590303478
232351040519789
76262800543470
275967226901653
221539812525443
252084484874537
254846082389938
152182297080558
87896745156880
275266858586164
124894811162126
96850247661151
47718024537512
37394184725134
195475503576767
231537180815386
44284384087314
152691839681518
68408945025809
42751200227607
135490432844755
200695710945087
172400845583878
2999958125723
125630174999338
35634604064746
159660002299247
33807246593646
247564292945424
207386396213422
17831040142395
212176200921938
103360465259828
20093728351879
98288398458836
40928557853890
241296609094620
141414928512538
27404770859983
203207319751701
158904067847008
40006550182649
