203000540209048
230342810733094
273612908771928
95525161490393
220485631647096
135454796744516
72475356961633
271544079636730
224588224076512
69044349918735
17924703695118
41212694199768
276452417657830
107202308814091
235050559507314
160773256362030
76262800543470
222895439906815
252084484874537
254846082389938
135838508652267
62511473639566
263999751006732
271071975934724
152182297080558
203736205400587
115055982515799
184456398822718
193971099628446
221539812525443
27328342125360
103360465259828
116328258541892
117330951470396
72288265664651
184615649134493
44701797776349
68408945025809
98538411990329
41911455019747
203313037671702
27453398010079
98880900256143
7079584826513
258176424784194
111094715883310
265553059281892
70079271336758
240669588955703
250842293654697
139366627815881
6261390939819
87438034161844
48047566035556
117210907502290
149816571845360
166463665321737
92819036017483
201445407731669
226053030399273
141414928512538
27404770859983
40091309300421
227855442650725
101622980019261
