203000540209048
51597825257391
136648355316175
115055982515799
184456398822718
11477735194399
72475356961633
104882454930719
224588224076512
206442590303478
17924703695118
232351040519789
76262800543470
275967226901653
221539812525443
222895439906815
252084484874537
254846082389938
152182297080558
61599199230567
117210907502290
149816571845360
149202817007212
37600681473524
123093643088967
102629377747824
208530289214894
19784711129247
131905955296885
226112356627041
78433263460108
141414928512538
27404770859983
47644858736350
139547828625195
176535608728791
