203000540209048
250444606162794
117455538006640
117210907502290
149816571845360
9386205993877
72475356961633
254131854886057
224588224076512
45900589997195
17924703695118
222895439906815
129640839651911
68408945025809
142051474440895
226262843552846
78373725206683
167234821722565
225535577848794
93561384620195
83047405109371
187947891575969
269628336091892
15278707801792
45566951064572
19375984721774
281043567031743
179406042390332
36213689566771
62081994773588
8285199425785
254233578182913
63811300041142
84016957121
206061448339675
164310704011318
122765032984995
19425258180144
61012916205698
275086605723004
167756209892697
133551953583352
11960242141281
232783654683061
90411903590550
150039273283172
33807246593646
260091641327653
161513095275209
241865515610844
77860737387705
112343072848184
172983664952189
38312523752471
197466165512533
141414928512538
27404770859983
186174345163148
274221839083408
279144760916257
254264424077800
270730982438329
83118953065437
215062526365318
40091309300421
227855442650725
101622980019261
185888603951587
30125828747374
183254543391285
269288680640334
163941122848030
40006550182649
