203000540209048
250506354888453
171396422883826
117210907502290
149816571845360
181436196432173
72475356961633
5693356382861
224588224076512
248485631825093
17924703695118
222895439906815
63966263766519
103360465259828
227225947121715
163038163690074
134912176966589
241752077873277
71201316711819
249727949032946
85495626494209
211965646067133
60137427714601
173391807209954
115609150772910
171737263316355
146803493288186
59780383642987
167746042312155
145994127175561
34637566386017
247900516413505
192162873988977
102479240801363
150820820706636
278228800335503
98866426830209
152316270292245
116611954003675
17650471464690
49806548809494
269696700018348
147769148996473
58396323865977
195534250233339
123719859572995
69003612569200
250477304753538
235678025399237
272913825514853
4648728983406
17207324568636
236885453648750
156778889859382
255905742908405
195191857436849
147982991244978
71682503677691
64490647341781
126442016273860
169359545786876
8722713415356
68408945025809
25153786224301
171276814983038
12982855059212
104294837118322
66236141005229
131765576839888
207324407720848
256141722601793
45598515207319
240435100997345
113109749443253
187596270867110
133863056845896
242785011585476
156608164092037
200474441362416
76262800543470
193333930829874
221539812525443
136053984206967
254077487230734
221970782493094
252084484874537
254846082389938
152182297080558
214013253742462
142697538632323
218317140894200
93389880089273
180735481174552
115055982515799
184456398822718
5551216029543
147350170696074
155623861214191
98149367245863
243047487271415
72978486366037
187629679098601
123029669757796
128454333180577
114596801651387
166516959877350
98953920706371
69379374122113
28003344264277
210993179001534
196224299853336
244774140084505
172921453887875
126046937516715
1283897372714
88518569303118
38781860907254
234083075382143
151680415861836
254180825257496
141414928512538
27404770859983
105887829163691
147491148202594
85059671789634
207197835576934
148659991156224
114264247447117
255084348271660
1830784465904
203207319751701
158904067847008
40006550182649
