203000540209048
244138957110305
85747153073034
115055982515799
184456398822718
69667944876395
72475356961633
139847967101623
224588224076512
36932194951518
17924703695118
160773256362030
76262800543470
89382629636198
221539812525443
222895439906815
252084484874537
254846082389938
152182297080558
102479240801363
117210907502290
149816571845360
150820820706636
278228800335503
98866426830209
171737263316355
146803493288186
59780383642987
167746042312155
244925975600269
155849337303562
85394785752006
238751997191422
269696700018348
147769148996473
58396323865977
195534250233339
211965646067133
60137427714601
173391807209954
115609150772910
63966263766519
103360465259828
227225947121715
163038163690074
134912176966589
271353023112371
68408945025809
140088367248385
32373432375737
235614114185139
202452634097981
96394284408006
268631681968519
267198777826969
251397801215868
33807246593646
28009836820962
247768892248031
88992966401559
7539014151405
126850217714325
239356047645346
113682641585308
144263068813336
116262893404383
86903840921412
225172523620722
45361774027031
230412910703187
22314890801359
209699246827252
180211623147505
12427624625431
133002221954277
220777635391599
138158964632045
141414928512538
169280738935556
73247242822106
228047753540201
101118982519489
