203000540209048
225941582009406
154546627213619
171770015972530
103601546663443
36838179877853
113911987152095
158904067847008
224588224076512
222895439906815
43547241148072
13082948773917
225945849775769
184048439319374
117210907502290
149816571845360
119805646898291
72475356961633
19970879357725
175150505712150
17924703695118
236305585486114
97446775617698
153850458283446
26536894777036
114680403425349
69317590791609
126977799133215
18899980605118
147422034752145
115055982515799
184456398822718
209846582122203
271651717125488
174108468642577
232351040519789
76262800543470
44612494274732
221539812525443
252084484874537
254846082389938
152182297080558
95556463456666
103360465259828
40915104587506
61884411465842
122423551229511
192999377351624
100922747225943
274704699675482
147084190574691
27043339320436
257657813235823
115634828255914
221806251563699
57555069103157
236259752544780
83263904023403
143788946640620
135838508652267
62511473639566
278378129649346
3528233474496
46230527496804
189336314282366
264053706683492
79848832536808
103551587650793
3152409335626
264805004509681
233199183400028
69080246221821
13679429743921
108228991558494
179693751541068
207228855755130
147656449913019
274359852216552
1495963928281
243004041887490
68408945025809
90676783970729
93861121932181
79919438343853
