203000540209048
126908956322098
47982530468832
115055982515799
184456398822718
122946571477155
72475356961633
44615239947947
224588224076512
49148337998976
17924703695118
232351040519789
76262800543470
194544392442749
221539812525443
222895439906815
252084484874537
254846082389938
152182297080558
36719067901249
117210907502290
149816571845360
191651894128429
252491627565765
79912122306005
185529299569636
246741205930687
29745256304322
72396028159454
97986705801413
103360465259828
44811772907725
242272072625077
139022610359986
162267444858183
222574377399551
57822596199105
176789108960200
169117262553690
119717818859013
187629679098601
123029669757796
209479694043439
141414928512538
27404770859983
85745740744390
272976528955438
259007471667881
