203000540209048
4921273440201
202507238480065
117210907502290
149816571845360
34857852933027
72475356961633
19970879357725
224588224076512
175150505712150
17924703695118
222895439906815
114680403425349
69317590791609
126977799133215
18899980605118
236305585486114
97446775617698
153850458283446
26536894777036
145370304798521
26962793438057
137669832300635
233169478798518
254914858799502
130881861002571
156914211556396
227963197332978
162395079977459
103360465259828
141744950548112
261608985979366
176633550103269
268520081577076
112397566842787
108909140833628
29825032265872
34740910724155
112806291577578
151902844348775
140109553385419
