203000540209048
262581190956865
63857927261343
115055982515799
184456398822718
212653482125871
72475356961633
85704800904129
224588224076512
112905666069090
17924703695118
279444437867406
76262800543470
206228814931598
221539812525443
222895439906815
252084484874537
254846082389938
152182297080558
251561986109302
42062062568012
132979175446625
111216346234548
186623987292862
223116790972012
141414928512538
169280738935556
128452468495240
278235724623874
153837886887590
34402159189525
108228991558494
196577541851048
149742415751513
139084657662970
2562987879849
151229202970515
117210907502290
149816571845360
116065806246943
239866219118378
177430668360833
196739627645676
100654071758943
125015350710338
145210340913917
154156419673166
84046718386354
273496817755169
148719536557096
100252924209395
116328258541892
187408060769426
10259783707006
139240350866804
34057451593674
275266858586164
147917843315403
95811530852778
279225281105802
154389621298445
68408945025809
200725566481607
161733883090450
63790568630044
245543507906398
10680366024325
23087178860131
280312209337398
222641635430418
122379649556385
212163193393790
103360465259828
33807246593646
10449782699327
183794119012474
221954416016827
