203000540209048
54074744095298
171737263316355
117210907502290
149816571845360
146803493288186
72475356961633
59780383642987
224588224076512
167746042312155
17924703695118
222895439906815
63966263766519
103360465259828
227225947121715
163038163690074
134912176966589
187819485049391
115055982515799
184456398822718
221244224714490
39908049681292
16568599126398
206530957782065
76262800543470
102318628764124
221539812525443
252084484874537
254846082389938
152182297080558
140882143814637
150820820706636
278228800335503
98866426830209
238019410988113
116328258541892
117746470749399
86903840921412
225172523620722
87674304222367
130954434781854
247021849080054
192388982967634
212559610931916
130905445409383
67780620917250
124822294021214
64818508231133
251683616281583
44612409094518
118283708981813
