203000540209048
155989120957678
27672877515509
108228991558494
184456398822718
219158373066181
72475356961633
244641949024679
224588224076512
261465916696023
17924703695118
232351040519789
76262800543470
95488303512331
221539812525443
222895439906815
252084484874537
254846082389938
152182297080558
108791552405717
265553059281892
247691054698053
186332252251877
163583487190788
200397893264269
40732454562837
276452417657830
196214253877859
235050559507314
135838508652267
62511473639566
163987743148954
115055982515799
101509740217362
240292930501306
15530616978217
279444437867406
103551587650793
35400145175161
52120263503362
188447327354820
56608165333085
31434017880564
260921770713634
254483560494732
21344396195783
112346879510083
126476135450692
29371001903618
25903042937753
234812351928150
103360465259828
68408945025809
11631170896485
158340825805072
255623755687094
210300760892757
117210907502290
149816571845360
204103689633056
59258534331538
267403022993740
33018942009807
256010147971758
253436125772378
247393127397069
255396733349068
243511177485035
160773256362030
156793963356791
235336607949517
231537180815386
44284384087314
