203000540209048
173233007816646
102479240801363
117210907502290
149816571845360
150820820706636
72475356961633
278228800335503
224588224076512
98866426830209
17924703695118
222895439906815
171737263316355
146803493288186
59780383642987
167746042312155
244925975600269
155849337303562
85394785752006
238751997191422
171396422883826
181436196432173
5693356382861
248485631825093
63966263766519
103360465259828
227225947121715
163038163690074
134912176966589
269696700018348
147769148996473
58396323865977
195534250233339
211965646067133
60137427714601
173391807209954
115609150772910
