203000540209048
147808188435064
90000288715410
108228991558494
235946431710575
103946446516154
72475356961633
261799006000277
224588224076512
240112708414265
17924703695118
75399998677932
76262800543470
103551587650793
221539812525443
222895439906815
252084484874537
254846082389938
152182297080558
1956494838349
95525161490393
220485631647096
199285751710743
208287227657633
196964480181394
37865451168693
276452417657830
18709238433887
235050559507314
253624351161967
135838508652267
62511473639566
263999751006732
271071975934724
277101589136809
117210907502290
149816571845360
197240920296857
122448411896228
96424088244007
243246221459738
115055982515799
184456398822718
51937065458762
90691399057033
107973521166189
232351040519789
173945944099405
125982412968456
141414928512538
27404770859983
168708319789878
219824982107870
10621931959773
30919713871533
30125828747374
183254543391285
179689182534794
178656952783660
87167873521263
77514859036566
150463927672564
