203000540209048
223915148593190
246408218854730
117210907502290
149816571845360
72991789927835
72475356961633
185674062639437
224588224076512
69993582626649
17924703695118
222895439906815
240923265311690
209686652561636
40798067887104
39206127004762
251668134026204
197334947427703
231790066829860
21064017659340
61599199230567
149202817007212
37600681473524
123093643088967
234646337161012
273259305790314
195683905205615
10818423409099
249599347974993
10809204878753
106898674626972
217480403482766
111382321010260
42169496787303
71235429315976
179881237608202
