203000540209048
21745598555861
3152409335626
117210907502290
149816571845360
264805004509681
72475356961633
233199183400028
224588224076512
69080246221821
17924703695118
222895439906815
184048439319374
119805646898291
19970879357725
175150505712150
147422034752145
115055982515799
184456398822718
209846582122203
271651717125488
174108468642577
232351040519789
76262800543470
44612494274732
221539812525443
252084484874537
254846082389938
152182297080558
114680403425349
69317590791609
126977799133215
18899980605118
236305585486114
97446775617698
153850458283446
26536894777036
162395079977459
103360465259828
141744950548112
261608985979366
176633550103269
154546627213619
171770015972530
103601546663443
36838179877853
113911987152095
158904067847008
43547241148072
13082948773917
225945849775769
