203000540209048
41176667864245
13024118563318
117210907502290
149816571845360
252469655697080
72475356961633
168061751910002
224588224076512
129236247026363
17924703695118
222895439906815
22006475923136
43740371350869
61149358123333
185932541236939
63874991500972
103360465259828
179821376588067
255152711997740
262205349359096
119159040283710
115055982515799
184456398822718
45563455628067
203769199104096
152196128412022
200474441362416
76262800543470
33949415413761
221539812525443
252084484874537
254846082389938
152182297080558
30372207496080
163563277481189
353474872493
168681617193873
232351040519789
172248576027995
14770686707785
108228991558494
173596431902315
276452484647807
191929367975923
160773256362030
216088860418319
231122540185312
156400053158730
21149796206887
176130546090116
74863996271343
266600902263925
217539362283576
149638903590202
215220267078758
128454333180577
114596801651387
166516959877350
98953920706371
236232014958039
95172174816899
169787648558827
196547540558255
160746651710237
215070994435705
199483305267759
179060880326653
140093165839190
34601500390332
246772315878800
232857840136290
6819103300022
39941327692146
271912577020795
44811772907725
242272072625077
139022610359986
185529299569636
246741205930687
29745256304322
72396028159454
162267444858183
222574377399551
57822596199105
176789108960200
164336207048128
141414928512538
27404770859983
85745740744390
272976528955438
259007471667881
