203000540209048
77961059862196
212559610931916
117210907502290
149816571845360
28238739714004
72475356961633
67780620917250
224588224076512
124822294021214
17924703695118
222895439906815
85747153073034
115055982515799
184456398822718
69667944876395
139847967101623
36932194951518
160773256362030
76262800543470
89382629636198
221539812525443
252084484874537
254846082389938
152182297080558
102479240801363
150820820706636
278228800335503
98866426830209
269696700018348
147769148996473
58396323865977
195534250233339
171737263316355
146803493288186
59780383642987
167746042312155
244925975600269
155849337303562
85394785752006
238751997191422
211965646067133
60137427714601
173391807209954
115609150772910
144263068813336
116262893404383
86903840921412
225172523620722
