203000540209048
258603971489767
128454333180577
117210907502290
149816571845360
114596801651387
72475356961633
166516959877350
224588224076512
98953920706371
17924703695118
222895439906815
256141722601793
45598515207319
240435100997345
113109749443253
187596270867110
133863056845896
242785011585476
156608164092037
200474441362416
76262800543470
193333930829874
221539812525443
136053984206967
254077487230734
221970782493094
252084484874537
254846082389938
152182297080558
214013253742462
142697538632323
218317140894200
93389880089273
114836580318255
28003344264277
210993179001534
196224299853336
243047487271415
72978486366037
187629679098601
123029669757796
104294837118322
66236141005229
131765576839888
207324407720848
199483305267759
179060880326653
140093165839190
34601500390332
97986705801413
103360465259828
44811772907725
242272072625077
139022610359986
17760382078311
148062212754317
57822596199105
176789108960200
59214611265528
11951870430485
82895437386823
262816689050478
87674304222367
130954434781854
247021849080054
192388982967634
160339661539009
248134232551703
263968429449060
158266365745232
237465158918400
20920349995837
29745256304322
72396028159454
209479694043439
141414928512538
27404770859983
85745740744390
272976528955438
259007471667881
