203000540209048
13165206855731
46102543568049
115055982515799
52120263503362
224369465868524
72475356961633
239520331557749
224588224076512
148664867807837
17924703695118
232351040519789
76262800543470
218862443061567
221539812525443
222895439906815
252084484874537
254846082389938
152182297080558
64496147137057
103360465259828
116328258541892
200560251164794
50880784927269
279127894380536
23087178860131
117210907502290
68408945025809
280312209337398
222641635430418
122379649556385
154389621298445
200725566481607
161733883090450
63790568630044
277435190897369
275266858586164
109728597220948
138612496292600
197552693040381
100252924209395
187408060769426
10259783707006
139240350866804
172577385979947
184456398822718
