203000540209048
110426414391736
257093810347694
117210907502290
149816571845360
132199725802316
72475356961633
173845494022602
224588224076512
214315508567309
17924703695118
222895439906815
239551720385688
130340339603872
137157618488851
97538133787101
189092160386178
115055982515799
184456398822718
179821376588067
255152711997740
262205349359096
229830529662181
76262800543470
130101598980242
221539812525443
252084484874537
254846082389938
152182297080558
197543825335586
108228991558494
122089627436088
266600902263925
217539362283576
149638903590202
200474441362416
215220267078758
116911048216116
196184322666056
28489219556863
133157726176758
192941362504980
188423526752866
131329260547825
214670829761004
99399435595222
128454333180577
114596801651387
166516959877350
98953920706371
121834731465366
126349076039891
22252707297140
88649176377304
65797769150063
45563455628067
203769199104096
152196128412022
33949415413761
252073352251036
163563277481189
353474872493
168681617193873
232351040519789
172248576027995
26539717110333
166715170516369
32519877750876
189175264655431
143586944843115
124617266628561
169906180931203
63280236209374
14176575818887
75613268359354
36258657791474
34293087677526
156608164092037
136053984206967
254077487230734
221970782493094
236305585486114
97446775617698
153850458283446
26536894777036
41680659923859
70586532014893
52545315134078
98830091031060
191029322615348
68408945025809
232553397397212
71718537608519
122453031748618
114680403425349
69317590791609
126977799133215
18899980605118
145370304798521
26962793438057
137669832300635
233169478798518
254914858799502
130881861002571
156914211556396
227963197332978
171188521694143
106152222299409
86959907752235
103360465259828
22952883832371
76273309677127
280132071429106
7930514763751
141414928512538
27404770859983
235026779640977
158904067847008
2225964285785
