203000540209048
199569781615381
199663763467188
117210907502290
149816571845360
157022774273219
72475356961633
10138614096549
224588224076512
274737528208795
17924703695118
222895439906815
81448620654606
749180210971
211077730884136
151792880400317
103831256593022
263279371367182
10748961155521
175785853848292
90773684580763
172957225422598
14945595999206
91487385803769
185821063365248
127870548073707
139404740691216
194136852930511
241752077873277
103360465259828
71201316711819
249727949032946
85495626494209
139035750193865
169906180931203
140266946700336
240866549583714
77798810375022
220295944572203
89857766503143
156608164092037
136053984206967
254077487230734
221970782493094
95383877019459
108228991558494
184456398822718
63076528531755
179647249761697
207139414684627
16595625747692
76262800543470
181663449319921
221539812525443
252084484874537
254846082389938
152182297080558
105176267119397
59686909835607
142766896210442
119302692165464
225568853262663
243192828320655
236818556187080
169076411771109
103551587650793
196484059071363
219278645256855
152868950939066
181000854983085
226860895196516
14029264158110
87699236834838
125243211250994
