203000540209048
253031374916087
257485418736413
117210907502290
149816571845360
234703169196169
72475356961633
37782984161115
224588224076512
252587708058793
17924703695118
222895439906815
189654403517202
175847727492343
42721225639637
215305333446135
117939713232565
115055982515799
184456398822718
206904150628681
52765862899929
69778227444888
206530957782065
76262800543470
273458757148993
221539812525443
252084484874537
254846082389938
152182297080558
245795472732081
169906180931203
63280236209374
146803493288186
59780383642987
167746042312155
136773073346643
156608164092037
136053984206967
254077487230734
221970782493094
160568460122333
51722694664823
215485909713193
244671881522006
46660928509530
103360465259828
53072019764168
163038163690074
134912176966589
140882143814637
150820820706636
278228800335503
98866426830209
211965646067133
140266946700336
60137427714601
173391807209954
115609150772910
256202279489256
72687942805670
210869355021568
50257310125030
43839266628265
87674304222367
130954434781854
247021849080054
192388982967634
117164243208865
5753316797655
56354221338137
149382724584905
274485130204312
245850372075693
146543102666954
151497947122636
232351040519789
161104988949442
264743437520108
141414928512538
27404770859983
263592968106195
259001801236555
211069741916548
65811625518604
