203000540209048
143102856075085
171737263316355
169906180931203
63280236209374
146803493288186
72475356961633
59780383642987
224588224076512
167746042312155
17924703695118
136773073346643
156608164092037
222895439906815
136053984206967
254077487230734
221970782493094
279023603686713
115055982515799
184456398822718
221244224714490
39908049681292
16568599126398
206530957782065
76262800543470
102318628764124
221539812525443
252084484874537
254846082389938
152182297080558
187819485049391
53744478882808
117210907502290
149816571845360
86738935046846
129686414015046
42083827039115
187262982735836
103360465259828
227225947121715
163038163690074
134912176966589
22635259916771
59214611265528
11951870430485
82895437386823
262816689050478
39904642150723
88781861505579
5693356382861
248485631825093
