203000540209048
167978770184123
59214611265528
117210907502290
149816571845360
11951870430485
72475356961633
82895437386823
224588224076512
262816689050478
17924703695118
222895439906815
171737263316355
169906180931203
63280236209374
146803493288186
59780383642987
167746042312155
136773073346643
156608164092037
136053984206967
254077487230734
221970782493094
279023603686713
115055982515799
184456398822718
221244224714490
39908049681292
16568599126398
206530957782065
76262800543470
102318628764124
221539812525443
252084484874537
254846082389938
152182297080558
35178772574535
170470955057424
276467342191949
241333416939090
53744478882808
86738935046846
129686414015046
42083827039115
54423907523363
68408945025809
73318404549398
47606299259957
143267906384554
152559539505297
134671991477624
158904067847008
207071790841398
