203000540209048
4801378170525
152293359320440
117210907502290
149816571845360
167526552568528
72475356961633
124840059738059
224588224076512
147431827781247
17924703695118
222895439906815
82427508364763
67335747766792
173001550071942
182595979393424
186680790619065
74241599683880
82102335916057
65657745288785
92801046217383
206609768430665
212266737606035
225962188772217
106014468573799
181568528637518
46723407015208
63660884723064
93989221193502
257437619579273
43935066526100
25132202420616
127958680705279
101407950711667
67396724507947
228074554576299
50070390556080
52170985079880
228084226764577
