203000540209048
84562829317223
44701797776349
103360465259828
68408945025809
98538411990329
72475356961633
41911455019747
224588224076512
203313037671702
17924703695118
222895439906815
27328342125360
116328258541892
117330951470396
72288265664651
184615649134493
250553331017847
117210907502290
149816571845360
189189446118387
125839961042823
278164812652192
95169470817507
40540767899904
148193689122191
124492129261098
187065142409768
259753687090822
68217444373723
179190707292765
97854694752471
108028804911186
196711627188005
149874352749814
