203000540209048
45845080153899
273867684597776
117210907502290
68408945025809
60496760652623
72475356961633
37002846077264
224588224076512
59230890834007
17924703695118
222895439906815
140882143814637
149816571845360
150820820706636
278228800335503
98866426830209
203068524251416
115055982515799
184456398822718
13252111665156
87363654552863
159800000093681
160773256362030
76262800543470
261753412223298
221539812525443
252084484874537
254846082389938
152182297080558
224763102601123
52120263503362
106747201992105
91087320684641
117542990239181
166653903699428
62713999937425
14993589248719
207702309653304
227200999829216
69104805139584
