203000540209048
80948824134113
269289676544105
117210907502290
149816571845360
206609768430665
72475356961633
212266737606035
224588224076512
225962188772217
17924703695118
222895439906815
123743299320971
183542942386086
268670421843775
131916863802867
216987977409997
167526552568528
124840059738059
147431827781247
152980475424473
67335747766792
173001550071942
182595979393424
239339936782826
181568528637518
46723407015208
50070390556080
93989221193502
257437619579273
43935066526100
25132202420616
127958680705279
211190198712473
67396724507947
250616569345948
63660884723064
