203000540209048
31812563445102
99388882449075
210600531586873
130738943878443
269917922442760
180176151644708
175297620840129
20442477963651
45864165779736
278905920669379
131107064813785
106720645987633
89778811294602
95072890568942
257553129531107
266491109847322
200929947520508
197326683949429
272855980344665
188378134048788
5986786340913
196768904134743
173388741160867
87391719642202
255165544981678
110586663975278
213215044375977
269448541477967
174367152475827
126305129448834
277598874050462
118595147445450
98072667110723
133521936652023
201569558935602
3598090300855
57827178955348
178586678022346
6917395489594
42709597494472
223595085286823
77648799301822
247857258006707
144808383749782
32034684800758
33626708649130
77415761864598
274391228768442
97259421750837
259888073008602
117210907502290
149816571845360
30206406754145
72475356961633
5652688908578
224588224076512
201703472416191
17924703695118
222895439906815
