203000540209048
60350863642801
275715626559778
265553059281892
216835691257959
52200811068812
72475356961633
44378084933112
224588224076512
68965795389191
17924703695118
44361819504857
276452417657830
115410184171027
235050559507314
222895439906815
252084484874537
254846082389938
135838508652267
62511473639566
21209091167976
107157258716055
136843115150766
61944958789968
141414928512538
27404770859983
200984158700867
90911034154103
227405573451036
166750692949833
92227004725337
131063550990088
28845850195763
56206681345336
134495502217373
122923082958614
271327723780893
5835289095946
208679010699942
218614191057930
51650884127182
139146673163831
103360465259828
149816571845360
92109742296202
58106672026268
40871097501245
179693256091356
125676372895356
48310606201355
222280392251147
126446433352006
11259479785916
194310735421871
71177866206696
230005954133899
117210907502290
149432429031786
174950392484972
166387262169471
80610706779400
148826832046896
1733048865240
94588470118351
26149353002530
7564772902971
144565901192601
78213002563729
259502015546852
78199672111713
27968022020419
61110322180277
100764799482971
250611581102525
34628819142504
251113043152028
192843929653961
243035698405826
26350723724688
129310593474473
174086467656777
26018144100294
14905653435117
235091702665005
204375805997254
80170535170323
210751313532294
50465476721272
14659471235068
243969685827529
171654145345098
120043432412903
142673093377926
19337740940268
245730427092794
167485248731064
214590306436021
93859725361226
126336685660231
80926001998735
174711667077012
176509943724582
278386519414961
233578112408798
231724258108983
7592593013973
251021708215781
175009949693219
45461027764196
212390971525402
208685727182552
152744691388567
30443953900230
52051304891520
68074133983976
53417923111169
