203000540209048
266009391053269
5835289095946
141414928512538
27404770859983
208679010699942
72475356961633
218614191057930
224588224076512
51650884127182
17924703695118
222895439906815
166750692949833
92227004725337
131063550990088
28845850195763
56206681345336
134495502217373
122923082958614
271327723780893
247185390127449
243035698405826
26350723724688
129310593474473
171792985834214
252405857636250
203344605520193
53187374006146
37507234815797
83930196007014
199386342952510
188057399743441
61944958789968
200984158700867
90911034154103
227405573451036
250344943169394
117210907502290
149816571845360
165312455327375
100061417147981
57057092209985
175603371511889
250620841755695
104640305798390
266406744086592
69685728871574
2647649182978
172476478277877
116839102568106
126197957873393
276210236200426
158904067847008
135194962082430
206630002916669
78199672111713
27968022020419
61110322180277
189595130126850
103360465259828
250611581102525
34628819142504
251113043152028
95548624519254
212813047654074
200086231668689
194120985381478
184926783327381
11259479785916
194310735421871
71177866206696
110745838653819
149432429031786
174950392484972
166387262169471
127400602108594
148826832046896
1733048865240
94588470118351
51368855741249
7564772902971
144565901192601
78213002563729
5777502293475
196599477999341
50337637463274
93989221193502
250732576315599
21209091167976
265553059281892
216835691257959
52200811068812
44378084933112
68965795389191
107157258716055
276452417657830
151762004344887
235050559507314
252084484874537
254846082389938
135838508652267
62511473639566
128140827400006
110430585532693
9285594106314
9586414290070
155204060127433
181975655761964
2549896080811
99247825139481
268548929483675
125676372895356
48310606201355
222280392251147
139146673163831
92109742296202
58106672026268
40871097501245
42121536980254
161659663589558
219862648053267
198812193598652
146226091674450
30125828747374
183254543391285
270730982438329
83118953065437
279144760916257
