203000540209048
158410946683354
261178358657819
204022107369442
14670671993874
117210907502290
149816571845360
134968899423226
72475356961633
195245272746305
224588224076512
192295898089352
17924703695118
222895439906815
114415200288937
168362191436784
43130383510886
113137929125721
167219566332229
167704019762837
64320888557987
166741822144872
145946840595892
191042904167521
266439783236369
168320529671707
91858341290586
154793117551935
69256060607857
110878991175821
147939258477997
221255445087064
233015292948747
230896918112390
82269422201825
2752575223169
261346308274464
115026294355344
