203000540209048
265857831261325
167219566332229
117210907502290
149816571845360
167704019762837
72475356961633
64320888557987
224588224076512
166741822144872
17924703695118
222895439906815
20088662762851
191042904167521
266439783236369
168320529671707
230401117405527
154793117551935
69256060607857
110878991175821
211663573756300
181079579620967
147939258477997
221255445087064
233015292948747
230896918112390
150069201283246
279146055581504
234452718694287
66286530069257
240508227670569
156909455063978
165298321071381
32143513284072
116328258541892
2752575223169
261346308274464
115026294355344
82269422201825
