203000540209048
17296492544864
93651777609738
103360465259828
149816571845360
250611581102525
72475356961633
34628819142504
224588224076512
251113043152028
17924703695118
222895439906815
18108732782246
265553059281892
216835691257959
52200811068812
44378084933112
68965795389191
107157258716055
276452417657830
136843115150766
235050559507314
252084484874537
254846082389938
135838508652267
62511473639566
237563385157357
44361819504857
115410184171027
7658558480353
141414928512538
27404770859983
200984158700867
90911034154103
227405573451036
91556565177814
117210907502290
149432429031786
174950392484972
166387262169471
255333145840342
78199672111713
27968022020419
61110322180277
36873248201236
200065752916997
280108021633598
118398232337131
62133962145105
93859725361226
126336685660231
80926001998735
244252336959490
208679010699942
218614191057930
51650884127182
114058324355172
125676372895356
48310606201355
222280392251147
169514353705332
92227004725337
131063550990088
28845850195763
80100396340854
115879079059176
245536773414183
101369888253812
223115370336092
148817204299689
185159995667662
53098164017634
247007730058823
63147407603396
203749501420597
123805504514662
266867000831582
124048011514386
205934891024032
279149082929707
171031047680619
165312455327375
100061417147981
57057092209985
267590037949719
134495502217373
122923082958614
271327723780893
174235965889325
92109742296202
58106672026268
40871097501245
