203000540209048
260254844574721
202626126250798
117210907502290
149816571845360
202719642737479
72475356961633
183857182185994
224588224076512
118064336922878
17924703695118
222895439906815
154413231150788
12913045456997
101318251341381
12998575509886
70307175432851
116328258541892
192026846555094
271708175867481
204901339398772
185921077220567
13048229488829
10680366024325
220698942123634
82463228107843
119932750544280
31256271562342
92861602426333
138484483414009
50206499642957
121644923133013
196095155167127
251448866190483
19630433445353
234772809127608
63147407603396
203749501420597
123805504514662
85114085534796
93859725361226
126336685660231
80926001998735
49354279811399
11259479785916
194310735421871
71177866206696
237521526106883
217439687695807
13982773961044
194042720712322
225110787017552
13263479490174
111812106082511
32836705768427
43275389448488
53188504315920
43360110715352
65676372371501
91010993305837
54626507939976
174379691087957
13351418449006
43900014374382
68408945025809
138173432152980
79816299046967
157860030646155
16023435184012
55276645503755
39891220037805
51700058193780
201396501487307
200141945078206
103360465259828
99497103903668
131045544894421
79512568120389
79527214701951
122010740736707
42756942847919
110483129561882
129962704199402
135689721202304
126095472359495
144870641361462
263135228989812
128369468609925
18315529456146
231452295261253
137062914150318
180791233375706
268085039646972
39195675582809
5165628684638
262648021713901
115625300675036
75124844743342
144804851484367
121316422128635
72016279919591
244216092794804
131180660662903
24142178989360
102002001975588
19446845580333
268548929483675
125676372895356
48310606201355
222280392251147
267719169593249
168348877803395
10992999345022
90474659664754
77860737387705
112343072848184
172983664952189
38312523752471
192808365196092
210627627509924
8749112094694
130947511795069
