203000540209048
276244229232873
244252336959490
141414928512538
27404770859983
208679010699942
72475356961633
218614191057930
224588224076512
51650884127182
17924703695118
222895439906815
169514353705332
92227004725337
131063550990088
28845850195763
267590037949719
134495502217373
122923082958614
271327723780893
110297010934675
200984158700867
90911034154103
227405573451036
145904440190632
243035698405826
26350723724688
129310593474473
255170010203765
252405857636250
203344605520193
53187374006146
247843326747105
83930196007014
199386342952510
188057399743441
171031047680619
117210907502290
149816571845360
165312455327375
100061417147981
57057092209985
101795477510992
250620841755695
104640305798390
266406744086592
189337236816379
2647649182978
172476478277877
116839102568106
18108732782246
265553059281892
216835691257959
52200811068812
44378084933112
68965795389191
107157258716055
276452417657830
151762004344887
235050559507314
252084484874537
254846082389938
135838508652267
62511473639566
93651777609738
78199672111713
27968022020419
61110322180277
165419831379965
103360465259828
250611581102525
34628819142504
251113043152028
48427420202097
125676372895356
48310606201355
222280392251147
114058324355172
11259479785916
194310735421871
71177866206696
228158933177018
149432429031786
174950392484972
166387262169471
53359479992244
148826832046896
1733048865240
94588470118351
3944117356506
7564772902971
144565901192601
78213002563729
17940187128374
196599477999341
50337637463274
93989221193502
250732576315599
255333145840342
110430585532693
9285594106314
9586414290070
174235965889325
92109742296202
58106672026268
40871097501245
7658558480353
161659663589558
219862648053267
198812193598652
