203000540209048
185766774930972
184849692557090
23531113450011
268779080899750
264933543810647
188903810207789
215503402902965
255629052919189
63905674355967
65076531416372
274447553423952
234086551199886
249281704971288
12791640951718
207709691930399
25223309939852
279534070033182
97259421750837
134757186063770
194301496260019
19378703137435
210050722825388
73063488770838
72475356961633
279657855073526
224588224076512
167561480363124
17924703695118
172897459233112
156608164092037
85768638486390
105099926681291
222895439906815
136053984206967
254077487230734
221970782493094
158651971990169
171770015972530
60657857964846
211015954182185
113911987152095
158904067847008
43547241148072
13082948773917
225945849775769
