203000540209048
260610944512619
196800087258727
185766774930972
184849692557090
23531113450011
40956508003033
99105293615167
91926021987862
172577124087781
268779080899750
264933543810647
210054881892999
198583059039036
102980705489780
149463034143830
6284919522236
248676323253817
158695145906443
116967254640338
27951261050343
253636205088177
151508070943428
234520716305333
274290097774951
60220108213051
96345662459179
186095902690375
256199147049634
24072122252884
131979655825354
108170957416094
275421524867070
8407921198549
107860653556069
134632255767227
110910461708803
222831778784984
107971382030130
18182289702738
134831024351070
190900599810185
181698488001281
248518743889428
30245646697796
144165622202971
215931795752459
147778574245031
238860956046310
96060184499687
191879097109850
215500919135276
104628363092931
275347129693372
188903810207789
215503402902965
255629052919189
63905674355967
65076531416372
274447553423952
234086551199886
249281704971288
12791640951718
207709691930399
105905759274105
216403855480351
95680921335890
25223309939852
59633686556665
274186815956279
86661275570167
164256606491139
28486853710333
81508944158916
25157446809521
172372112972610
109114911489172
279534070033182
93158458168827
9865677370950
195999153617904
23539184035933
69849414435748
135432623945630
97364544454005
190275204724039
124091272523430
33231370386103
270939107222212
97259421750837
10675925429215
267701544999211
87339975757849
169136086315959
111557203834237
268382080047134
261372160699971
170856188824800
159546748713396
188231889967916
205079649397455
75260521711675
53680142083322
35348620385622
108147359378446
127107089088335
276673769459903
160543838936323
102574063872201
180532804858871
95150726263146
233336517934901
224421829394410
266701866236785
213574790658146
87106255579717
87807833774261
193774580416356
265531624538767
113486258209988
153155014144670
224554327419723
220973826517365
37489732308678
246613924831595
196545544067168
49755413150971
111791975353876
122984973146014
39648405266745
6346597340457
238251585587900
202070095654079
130967212801865
113646464340084
162935561504423
14993589248719
207702309653304
17383409829056
69104805139584
204673132862135
82425581608470
227759601358574
201110351242294
72475356961633
122711649680610
224588224076512
176773394912871
17924703695118
231162550955012
179881237608202
222895439906815
156914211556396
227963197332978
82795412658900
78655922771668
128132214936972
259617810022863
205578567214011
20711054574385
99535992450164
276452417657830
57663540588241
235050559507314
96519274316318
76262800543470
254587750843048
105099926681291
252084484874537
254846082389938
135838508652267
62511473639566
263999751006732
271071975934724
152182297080558
191538528173139
29015892808722
135442268585825
169362506689695
161794924747603
101667429186072
129889767531352
185746365278750
245485687374362
181003978858871
251059227639193
10561354978970
129125170114908
150228776651881
250183200141232
193477196566723
231935653343061
219886279563916
103551587650793
19388288816029
280347547389485
42517730260679
91625817963513
137747087214149
66498530457415
191631763683725
40845342758725
11702453799171
91543014834194
94880194779625
269293555280526
196382169108856
931854555538
94119306912275
30048317274208
146612046164761
14091288412081
43176719266821
223278678326965
84509503168270
187532955546164
38299566868245
221539812525443
141556270872195
74302568673746
237817063623089
115032401967183
419048611836
113911987152095
53568496814265
103360465259828
149816571845360
140743608026058
102962271198578
48788094027658
106756770797407
159332924678330
160765830164784
252749072360651
143256984312146
8916903152917
63070854680758
164692840384177
167265231535337
164589777912236
255156680192191
21192473506530
274567805107687
239240486185130
100395945648982
207298482699540
196092898351000
19911429047105
183208479235948
190452783135811
45249734418505
14232411764698
204556726184957
129646945610019
158904067847008
33963865118962
245260224586465
168992652097891
204102776608642
194861482003569
249384536728693
237997694426699
21754573223559
194419157287275
142067311290232
252595469804590
39696646349931
154888411250894
145784800117833
35446741974158
234582992814718
117820553591418
278325025559377
40583038145316
156608164092037
136053984206967
254077487230734
221970782493094
20496666819071
246109830828586
55029989281395
277488631135789
202432746809269
43547241148072
13082948773917
225945849775769
109884822692823
148806526412747
99393631219522
209846621022746
156518875896323
227102162236153
270669840184564
19070330992946
179982467272196
