203000540209048
260610944512619
91341212939582
52490684480208
225400063614319
23531113450011
271893035990678
40956508003033
99105293615167
91926021987862
172577124087781
112159263286333
13322039619048
149463034143830
6284919522236
248676323253817
93256061242372
116967254640338
27951261050343
253636205088177
132176807881918
211414089407674
229116675084186
116095061527999
103179051099029
131921145532596
221030629253436
178213254938018
244720175117252
263910186144172
281158456750476
257797155674913
133983686870933
162792237036358
241470151727979
97259421750837
173699479530953
245485687374362
181003978858871
202691970337752
72475356961633
276264575899957
224588224076512
249583230368870
17924703695118
272470103182964
179881237608202
90365779380246
105099926681291
222895439906815
156914211556396
227963197332978
83400962125582
50033341378589
155884529212111
225634300646613
15326704761672
20078973323224
