203000540209048
260610944512619
196800087258727
185766774930972
184849692557090
23531113450011
40956508003033
99105293615167
91926021987862
172577124087781
268779080899750
264933543810647
210054881892999
198583059039036
102980705489780
149463034143830
6284919522236
248676323253817
158695145906443
116967254640338
27951261050343
253636205088177
151508070943428
234520716305333
274290097774951
60220108213051
96345662459179
186095902690375
256199147049634
24072122252884
131979655825354
107971382030130
18182289702738
134831024351070
190900599810185
181698488001281
248518743889428
30245646697796
144165622202971
215931795752459
59633686556665
274186815956279
86661275570167
164256606491139
28486853710333
81508944158916
25157446809521
172372112972610
109114911489172
279534070033182
93158458168827
9865677370950
195999153617904
23539184035933
69849414435748
135432623945630
56300862397284
97364544454005
190275204724039
31232410136414
124091272523430
70059961058756
256690286933345
67765822663302
220198717878902
33673629141044
149567364363780
17637005277226
97259421750837
84034162628911
280457507138356
160151390662112
23475809685799
263267856912923
265867836302377
69809394367125
72475356961633
90581535270967
224588224076512
198169050300872
17924703695118
260966750910740
105099926681291
222895439906815
13054079125254
245485687374362
105969600109094
26205684743920
169069866910235
85427338708444
263713465987847
179881237608202
181930385202895
156914211556396
227963197332978
81881253708386
204794891629470
233225151751556
82999842244034
13329277185779
170626558899380
250373072241010
276452417657830
5892611728977
235050559507314
14046273326852
252084484874537
254846082389938
135838508652267
62511473639566
6588275482675
128138389314457
29429101238769
261759221706664
43646073701272
35270588588796
56516185945435
204038446462648
11686615272267
56018311801276
136099783185222
4906545541733
192817994645671
77187915676605
24616581318562
92033817471353
269086351177974
133917979413003
106805318945661
273233655172498
235228683625670
180839181542117
136274062470408
236340235570937
115491523885145
142359295321682
181568528637518
227697175100909
62956727983485
93989221193502
257437619579273
43935066526100
25132202420616
127958680705279
96809875314171
105486248109509
102754956663672
79755778625871
68410606002116
267688625237618
204934162722292
14993589248719
207702309653304
17383409829056
69104805139584
