203000540209048
97259421750837
107336014855366
13054079125254
245485687374362
105969600109094
26205684743920
72475356961633
169069866910235
224588224076512
85427338708444
17924703695118
263713465987847
179881237608202
181930385202895
105099926681291
222895439906815
156914211556396
227963197332978
81881253708386
204794891629470
233225151751556
65154259392655
13329277185779
45195304579187
250373072241010
276452417657830
5892611728977
235050559507314
14046273326852
252084484874537
254846082389938
135838508652267
62511473639566
6588275482675
82999842244034
170626558899380
128138389314457
29429101238769
164986617500000
43646073701272
178750725953095
56516185945435
204038446462648
11686615272267
258874743796899
136099783185222
175131061676569
192817994645671
77187915676605
24616581318562
92033817471353
263267856912923
265867836302377
269086351177974
133917979413003
106805318945661
273233655172498
235228683625670
180839181542117
136274062470408
236340235570937
115491523885145
228313213011322
146612046164761
14091288412081
194389006771245
68248062385025
57398708913784
167791433819970
76262800543470
267357465680785
221539812525443
55565118990630
152182297080558
180665462274150
181003978858871
97349459086656
247866879872569
59863374098453
219072436932885
185410007533746
82701080265062
239354000272964
59197648195519
126324559396959
107703286330658
