203000540209048
260610944512619
196800087258727
185766774930972
184849692557090
23531113450011
40956508003033
99105293615167
91926021987862
172577124087781
268779080899750
264933543810647
210054881892999
198583059039036
102980705489780
149463034143830
6284919522236
248676323253817
158695145906443
116967254640338
27951261050343
253636205088177
151508070943428
234520716305333
274290097774951
60220108213051
96345662459179
186095902690375
256199147049634
24072122252884
131979655825354
107971382030130
18182289702738
134831024351070
190900599810185
181698488001281
248518743889428
30245646697796
144165622202971
215931795752459
59633686556665
274186815956279
86661275570167
164256606491139
28486853710333
81508944158916
25157446809521
172372112972610
109114911489172
279534070033182
93158458168827
9865677370950
195999153617904
23539184035933
69849414435748
135432623945630
56300862397284
97364544454005
190275204724039
31232410136414
124091272523430
33673629141044
149567364363780
97259421750837
204763832961800
238912307400217
160151390662112
99049311694059
263267856912923
265867836302377
168181813471730
72475356961633
84655624489189
224588224076512
150497601272034
17924703695118
146953430594064
105099926681291
222895439906815
116669034068345
8662674297496
40845752463715
56484322067608
75076253225605
131725941162346
114125734944483
22829686440048
21637283596822
241223833176521
164398221144203
67309093049930
66190434293705
126164676846889
104523391796153
184613067074220
243287810231327
261306723123076
153812469802944
230694184442970
96116848970818
181568528637518
227697175100909
130188157838417
93989221193502
257437619579273
43935066526100
25132202420616
127958680705279
181165795706704
113140992280785
204934162722292
14993589248719
207702309653304
17383409829056
69104805139584
