203000540209048
97259421750837
21663444494606
42535627784057
127790175004009
201317704956862
249525873216921
146612046164761
14091288412081
165692077676606
72475356961633
146005490814241
224588224076512
86799962926073
17924703695118
11478984686870
76262800543470
132240141529088
221539812525443
128886045689758
105099926681291
222895439906815
252084484874537
254846082389938
152182297080558
190935799444152
263267856912923
265867836302377
22319563385277
3628159239944
102366892199221
278857743775150
