203000540209048
97259421750837
185734507072047
42535627784057
21663444494606
50369608069441
4612016886705
54960807962493
190935799444152
263267856912923
265867836302377
22319563385277
72475356961633
3628159239944
224588224076512
102366892199221
17924703695118
278857743775150
105099926681291
222895439906815
249525873216921
146612046164761
14091288412081
165692077676606
146005490814241
86799962926073
11478984686870
76262800543470
132240141529088
221539812525443
128886045689758
252084484874537
254846082389938
152182297080558
200146497645424
91543014834194
94880194779625
13675679411360
126573335138939
156914211556396
227963197332978
133099441672840
104931662799051
278057348513279
