203000540209048
260610944512619
196800087258727
185766774930972
184849692557090
23531113450011
40956508003033
99105293615167
91926021987862
172577124087781
268779080899750
264933543810647
210054881892999
198583059039036
102980705489780
149463034143830
6284919522236
248676323253817
158695145906443
116967254640338
27951261050343
253636205088177
151508070943428
234520716305333
274290097774951
60220108213051
96345662459179
186095902690375
256199147049634
24072122252884
131979655825354
108170957416094
275421524867070
8407921198549
107860653556069
134632255767227
110910461708803
222831778784984
107971382030130
18182289702738
134831024351070
190900599810185
181698488001281
248518743889428
30245646697796
144165622202971
215931795752459
147778574245031
238860956046310
96060184499687
191879097109850
215500919135276
104628363092931
275347129693372
188903810207789
215503402902965
255629052919189
63905674355967
65076531416372
274447553423952
234086551199886
249281704971288
12791640951718
207709691930399
105905759274105
216403855480351
95680921335890
25223309939852
59633686556665
274186815956279
86661275570167
164256606491139
28486853710333
81508944158916
25157446809521
172372112972610
109114911489172
279534070033182
93158458168827
9865677370950
195999153617904
23539184035933
69849414435748
135432623945630
97364544454005
190275204724039
124091272523430
33231370386103
270939107222212
97259421750837
29446399603949
10675925429215
77548872123800
146369329438277
261372160699971
268382080047134
33532275126495
213272328493776
212161896998090
111984707963803
252578902867499
64131066392734
170631988164155
211443640666179
270464309959996
222696763213053
157086230875425
277503632972451
142615868416297
224509281436643
163506917582285
139174795310560
145273699230217
179955055882491
126300858867092
88040292316409
73863931120663
280126532525619
48287893631904
237674627946876
202595224029913
109620401847976
204934162722292
14993589248719
207702309653304
17383409829056
69104805139584
76831992818833
263267856912923
265867836302377
22319563385277
72475356961633
3628159239944
224588224076512
102366892199221
17924703695118
278857743775150
105099926681291
222895439906815
24818528759664
249525873216921
146612046164761
14091288412081
165692077676606
146005490814241
86799962926073
11478984686870
76262800543470
132240141529088
221539812525443
128886045689758
252084484874537
254846082389938
152182297080558
31064854585931
88821209738604
177487683258497
200335831946080
8514231856459
38447801102184
190935799444152
226109122729467
224201452974245
197723727604301
92592000479370
179718571153464
96809875314171
105486248109509
102754956663672
79755778625871
68410606002116
23475809685799
69809394367125
90581535270967
198169050300872
260966750910740
267688625237618
181568528637518
227697175100909
62956727983485
93989221193502
257437619579273
43935066526100
25132202420616
127958680705279
142359295321682
