203000540209048
97259421750837
120121097524711
215135966020455
271037290913084
104992578942362
10675925429215
29446399603949
213272328493776
77548872123800
268382080047134
261372160699971
106722133212987
23475809685799
263267856912923
265867836302377
69809394367125
72475356961633
90581535270967
224588224076512
198169050300872
17924703695118
260966750910740
105099926681291
222895439906815
24818528759664
22319563385277
3628159239944
102366892199221
278857743775150
76831992818833
249525873216921
146612046164761
14091288412081
165692077676606
146005490814241
86799962926073
11478984686870
76262800543470
132240141529088
221539812525443
128886045689758
252084484874537
254846082389938
152182297080558
31064854585931
88821209738604
177487683258497
200335831946080
8514231856459
38447801102184
207695023008261
91543014834194
94880194779625
200544407023464
54543996546415
156914211556396
227963197332978
