203000540209048
260610944512619
196800087258727
185766774930972
184849692557090
23531113450011
40956508003033
99105293615167
91926021987862
172577124087781
268779080899750
264933543810647
210054881892999
198583059039036
102980705489780
149463034143830
6284919522236
248676323253817
158695145906443
116967254640338
27951261050343
253636205088177
151508070943428
234520716305333
274290097774951
60220108213051
96345662459179
186095902690375
256199147049634
24072122252884
131979655825354
107971382030130
18182289702738
134831024351070
190900599810185
181698488001281
248518743889428
30245646697796
144165622202971
215931795752459
86661275570167
164256606491139
28486853710333
81508944158916
279534070033182
93158458168827
9865677370950
195999153617904
135432623945630
190275204724039
253193084462813
154269207841629
135945213904908
164866293210676
192081336745702
255962681908205
108839060270333
97259421750837
160151390662112
194926301959176
259545983804936
84034162628911
248607390674005
6707294536961
280457507138356
61153833952787
185020171378601
210723153637825
236297111736417
150765017420387
142655143087722
120262788888728
45348644926731
186408716278318
161730088510835
116662932438384
57710088174190
249930561893095
19369507769653
131901416470826
216324912756924
133370835885158
165683906804413
243394954059333
23475809685799
263267856912923
265867836302377
69809394367125
72475356961633
90581535270967
224588224076512
198169050300872
17924703695118
260966750910740
105099926681291
222895439906815
204934162722292
14993589248719
207702309653304
17383409829056
69104805139584
90772025163306
258207260582085
92184925494295
228402519927298
34862622802877
82227128403795
265812589408295
137171612472445
46065258250335
54722130974444
267688625237618
181568528637518
227697175100909
62956727983485
93989221193502
257437619579273
43935066526100
25132202420616
127958680705279
274533396205777
146612046164761
14091288412081
22617760136414
21186262947093
181337754640542
186304595911240
76262800543470
162685089070705
221539812525443
37660826381365
252084484874537
254846082389938
152182297080558
265656642102623
171770015972530
60657857964846
23827866245024
113911987152095
214564579195995
43547241148072
13082948773917
225945849775769
61676753811291
234873251381965
136953723915417
269540937307352
61240334168318
257651094000787
