1000026196
1000929298
1001068705
1003744935
1004185901
1005306816
1005370416
1005536496
1007016841
1007355831
1007814543
1009738070
1010065897
1010356697
1011258525
101284865
1013297410
101577454
1016524407
1018550671
1019229623
1020363211
1021767646
1022393241
1022977421
1024926024
1026844234
1026903308
1027110739
1028094314
1028783583
1029466384
1030108063
103165512
1032498309
1033804179
1035412744
1035738538
1035827396
1037468811
103814720
1038461725
1039046246
1039927951
1042428913
1043345341
1044323040
1047546216
1049905788
1050791866
1051437335
1052253565
1053916109
1054833530
1057267075
105761657
1058213899
1059936645
1062151989
1062932546
106402258
1067933051
1068858222
1069452058
1069510496
1070460415
1070626686
1072057618
1074535998
1075485732
1075673199
1075776429
1077503136
1080227225
1080838557
1082037271
1083332362
1083359628
1084561057
1087782221
1087814812
1087973407
1090423594
1090708163
1092826067
1095890542
1098137837
1098170750
109932156
1099609624
1099613628
1099960017
110101719
110261522
1104506285
1106208897
1106283506
1106798551
1107480995
1108366720
1108980918
1112251199
1112481152
111391952
1114329720
1115097823
1115343296
1119803933
1127419481
1128267967
1131234881
1131680253
1133613479
1134172705
1139621997
1146094459
1146925373
114781159
1147835087
1149343906
1151588244
115290301
1154678503
1156576292
1156997198
1157895257
1158281199
1160222260
1166221446
1167205660
1168875245
116922468
1169373984
1170565447
1170583229
1170808500
1174771106
1176466959
1177071586
1177660250
1177702585
1179791712
1181218680
1181377146
1187374637
1187741324
1188177178
1188616028
1192295935
1192611200
1196750624
1197236825
120232615
1207421774
1207729454
1209236232
1210104235
1211290288
1211737456
1212378494
1213875480
1216317259
1217780770
1217831141
1218209990
122047755
1220734561
1223664139
1225064531
1225200195
1225685024
122600316
1226769163
1227694446
1228304584
1230005282
1233243106
1234187904
1237439618
1238400132
1239719522
1239771700
1240172232
1240175172
1240398619
1240644988
1240993185
1243129166
1243840104
1244792938
1246645175
1247514284
124765072
1252362308
1254515233
1255115762
125662822
1256898409
1257323647
1257380874
1257974853
1260481663
1260520660
1261371937
1261826535
1263935237
1264089547
1264208158
1267790227
1269126528
1269271019
1271996088
1273582574
1277846787
1279069639
1279172174
1279252606
1284889605
1285707213
128571650
1291157246
1292086391
1295113713
1295381088
1295451798
129774799
1297827660
1297983076
129814594
1298326106
1298630794
1299195336
130406663
1304321114
1306158824
1306473962
1308213277
1309465745
1309938157
1310376794
1311184676
1312726046
1313933892
1314721751
131719076
1317235753
131729468
1319576523
1319658250
1321126065
1322063380
1322947205
1323553833
132406609
1324457724
1324603027
132857268
1329653393
1331307477
1338377401
1339367293
1339424908
1340151089
1340401060
1341059341
1342157890
1344300048
1346094919
1356618369
1357655123
1359108006
1360838167
1363016534
1363686647
1364458822
1374714838
137485536
1376943717
1376951100
1379476640
1380028260
1380693817
1386186179
1392477375
1392514912
1392659832
1394294993
1399549883
1401745329
1404388046
1404412614
1407271633
1409101441
1409368098
141283681
1413563279
1416830568
1417163662
1418131093
141840461
1420271918
142041589
1422421271
142577606
1431308192
1431891706
1433094719
1433277674
1435164163
1435988886
1436834502
1439357848
1440174261
144093487
1442614102
1446387880
1446391252
1447207092
1447316712
1447750982
1447906185
1447924645
1454923325
1455017319
1456205592
1456714105
1457272123
1457726987
1458200687
145936389
1462560877
146294594
146299955
1463286481
1463481966
1463647487
1464880150
1469179044
147392227
1474539539
1481452408
1483727991
1485281953
1485658619
1487872593
1491281968
1491836163
1491883929
1494135478
1494447397
149501525
1496132484
1496173258
1496438977
1496588856
1496706394
1496927650
149694529
1497993385
1498008611
1499023864
1499145807
1499741538
1501167665
1501505467
1501657438
1503016048
1508025967
1510703104
1512769400
1514146252
1517547869
1517942451
1520120551
1520314918
1520414428
1523204975
1524823730
1525679970
1526298719
1527465154
1527653843
1528745698
1530730340
1531556658
1531974107
1532984609
153412371
153451780
1535782494
1538555078
154042443
1540443063
1542344050
1545312865
1546322835
1546985830
1547602434
1548419270
1553040912
1554474613
1555423296
1556063501
1556666635
1557467486
1557726206
155777212
1558152263
1560015319
1561287870
1564476945
1564668284
1566217498
1567974931
1569315673
1570902369
1570981611
1572483053
1573436569
1573454893
1574157419
1575218881
1579831767
1580158388
1580834432
1581184725
1582060361
1583898312
1584600289
1585064049
1585253428
158629381
1587344742
1589618016
1591751069
1593907739
1595413172
1598236436
1598244128
1600031716
1601498812
1602217603
1602725146
1603203039
1604552847
1604595775
1608499298
1610648179
1614112558
1614721455
1619003577
1619504718
1620421308
1623010900
1626560909
1626982509
1627805361
1628073274
1629151325
1630548440
1631541744
1632371102
1632757911
1633439993
1634509629
1634826974
163492693
1635663546
1636174987
1637105601
1638102011
1642771312
1643408457
1644025649
1645110145
1645207969
1645265329
1647572160
1649285358
1649928528
1650966134
1652038857
1652139607
1653489393
1653751076
1656746628
1657281587
1657666244
1658057899
1658560929
1663005347
1663064632
1663533553
1667613658
1670591148
1671907059
1672686355
1673705005
1673936370
1674323759
1678778256
1678943981
1682116200
1684519014
1685581619
1686995599
1687605874
1687796154
1687988146
1689462115
1690524467
1690760687
1690926490
1691585871
1692401243
1692506022
169371295
1696101568
169735198
1701100887
1701443022
1701694862
1702555945
1702929202
170438930
1707094408
1709872751
1710522474
1711297729
1712364122
1714450359
1715026043
1716506806
1717460994
1717859265
1718942794
171946149
1721314966
1722938050
1725211160
1725721470
1726282636
1729877088
173009274
1730430218
1731046364
173133115
1732045180
1733638461
1734972240
1736730513
1737971468
1738044691
1738117132
1738339140
1738655157
1738928758
1739618642
1742079893
1742861488
1744266581
1746566051
1747171510
1747836692
1751721510
1752598325
1753383457
1756575795
175685325
1759023972
1759959550
1760164135
1761701284
1763267100
1765811609
1770032471
1773097067
1778990365
1779760412
1780512322
1781981335
1782600391
1786019719
1786119593
1786900846
1788224684
1789650996
1792444486
1793220367
1797120634
1797217193
1797576330
1799887587
1804205949
1805201128
1809394168
1812663209
1814158379
1815970043
1816713202
1820718249
1820980681
182310468
182891079
1829999088
1832221588
1833077473
1833748015
1834466075
1836284941
1837573746
1838574353
1840040381
184011988
1840635639
1842239617
1843715438
1844247032
1844926361
1846102694
1847479389
1847714134
184819061
1850658085
1852689268
1855242796
1855449619
185909400
1859277082
185945261
1859900998
1860206733
1861030604
1867196088
1868553447
187095344
1872166972
1872538569
1872811399
187639834
187650405
1878062591
1879350613
1883345266
1883744842
1885949759
1886862862
1889502612
1891185746
1893578618
1894317671
189520581
189532062
1895344054
1901519949
1902445402
1905196892
190672565
1906907220
1909160666
1909391251
1914093127
1915350379
1915847242
1917483166
1918059638
1921548356
1923048643
1923488775
193211415
1932137358
1935604409
1936859049
1937285347
1938616126
1939520817
1939871927
1941050580
194406643
1945361996
1945546249
1946866803
1947744589
1947986468
1948798659
1949280553
1956272187
1962891287
1972032778
1972165639
1974713978
197661544
197748372
1978786307
198048141
1986498201
1987028887
1988187830
1989419217
1990508551
1991496649
1993650504
1994264969
1995569214
199581395
1996896584
1998414978
2000608319
2000910213
2001057434
2001929640
2002389922
2003622179
2004188629
2005193491
2008362100
2009250903
2009693144
2010194937
2011428726
2012243286
2013461447
2015256437
2015550087
201631705
2016733655
2017439062
2017707780
2018262261
2018724241
2018760301
2018919879
2019491002
2021346110
2023947439
2025298179
2032155717
2032796971
2038166958
2042923689
2042933267
2048072847
2048887806
2049028454
2049390590
2052088866
205401197
2058850388
2060509877
2060860980
2061194070
2061349315
2065604179
2068232093
2068377940
2070772636
2071368975
2075510666
2079129691
2079257278
2079682920
2081448549
2081994566
2083465178
2083737133
2084282618
2086982415
2087597649
2088119951
208833965
2088345264
2088739590
2089180927
2090228245
2092699840
2094536249
209465895
2095651355
2095670307
2096922280
2097767483
209799573
2098942739
2103727050
2103999938
2104538778
2107283895
2109386387
2109523512
2112954597
21153209
2116290189
211672508
2118569593
2119802586
212070359
2121174952
212148530
2124350867
212533968
2126373361
2126657328
2129344068
2129954936
213223661
2132458281
2132491396
2133282218
2134175161
2134550272
2135100817
2136363749
2137455762
2140589822
2144428943
2146427673
214702512
2151030796
215148113
2151857364
2153356274
2155878058
2157912890
2162958321
2163917207
216557098
2167561457
2168373820
2169145171
2170044312
2170089034
217115155
2172336782
2175441755
2176167113
2181543753
2182914204
2186256981
2189378659
2190955477
2191711910
2191804472
2194952304
2195440062
2196042447
2197641604
2198438341
2199364344
2200468674
2201215795
220287671
2205018103
2205483322
2206195456
2208179163
2208342216
2208835287
2208970070
2209791474
2211157253
2211401033
2212556175
221370435
2215480646
2215707526
2216023563
2219464706
2221499343
2221736338
2223984031
2224515692
2224689701
2224906438
222656188
2226750538
2227829941
2228461802
2229256181
2232089309
2234770967
2235263594
2235954580
2239127648
2243252359
224348763
2244944952
2246341856
2247953726
2248091489
2251528590
2251549516
226013332
226143916
2262177197
2262684450
2270007866
2272714418
2273311469
2273627366
2273826010
227804267
227894957
2279831772
2279883304
2280010655
2280426738
2280616715
2282230192
228295162
2284654208
2284777212
228700389
2288738080
2289521701
2292326022
2293605887
2294415119
2294824938
2295364155
2296072640
2296322974
2297444504
2298569029
2299920395
2300044955
2300882844
2302395615
230420742
2304352268
2305416662
23061238
2307865957
2308102010
2308652250
2309922879
2311698030
2314316757
2315171590
2318429633
232035826
2322919452
2323211418
2325771055
2326602629
2327253781
232919711
2329238158
2329284080
2330795144
2331757988
2332371426
2334294215
2336671271
2341326390
2341830799
2342531047
2342893314
2343862207
2344104435
2344518830
2344882756
2345146969
2350663402
2351297252
2352506766
2352847397
2353895750
2354624384
2355533385
2357345836
2359514594
2359995769
2360480318
2363492249
2367753079
2368869639
2369486296
2369938402
2371185006
2371258964
2371531664
2373742560
2374085416
2376006165
2385583809
2387073350
238879314
239152491
2391629153
2392829268
2395438736
2395926567
2399424883
2399716583
2402179982
241312012
2413318682
2417509855
2418057259
2419252406
2419414866
2419583166
2419694439
2419967270
2421913570
2422765017
2424941352
2426426774
2429398686
2434167511
2434289102
2434514500
2434685135
2436838185
2438261474
2438948366
2439842972
2440552548
2441467280
2443292237
2443402616
2447998527
2449197571
2449414202
2449462971
2449523734
2450793441
2450818605
2450876524
2451279418
2455705077
2456590439
245794079
2460245539
2460811891
2465702014
2465906376
2466920395
2467920654
2470486781
247072933
247569872
2481897069
2481983051
2484641714
2485329972
2487627804
2487845103
2488679544
2489297588
2489468908
2489544951
2490359210
2491046054
249168265
2493952762
2494691773
2494773024
249518018
2495429189
2496481783
2500344607
250079971
2500904222
250213458
2503505089
2507774688
2508030262
2508352744
2508725432
2510671953
2512650269
2512986494
2515532861
2516507250
2517486811
2517748552
252376731
2524892818
2525636494
2526342569
2527154026
252928653
2529790729
2531090864
2532666092
2534238080
2534245583
2534701076
2534945081
2535036441
2535792141
253701927
2537517248
2538355940
2538744483
2539749130
2540263412
254251723
2544478768
2545631119
2546286750
2546507147
2547355603
254902901
2549513788
2550769323
2551365616
2551486465
2553023389
2553108786
2554735172
2557221220
2558343060
2563686479
2564056541
2567846662
2571779781
2575990099
2577789869
2578969822
2579405015
2579906798
2581027542
2583379461
2584262795
2584910883
2585732997
2587749545
2588278946
2590213023
2593871334
2595139858
259591196
2596653411
259693174
2597617805
2599394886
259981550
2600861521
2605013598
2606374118
2607307787
2610839297
2611064274
2611307369
2611420741
2612381182
2612485744
2612659124
2615325965
2616192289
2617194706
2618718729
2618878458
2621361300
2621509718
2621612770
2622420176
2622973716
2624748605
2625754606
2629494125
2629627035
263003429
2630477713
2631404940
263239608
263252334
2632531635
263353246
2634410422
2634955046
2635235498
2637948587
2638612584
2640415780
2642461093
2643541149
264521350
2647403904
264950718
2649512488
2649590011
2652007405
2652372568
2652752469
2655911628
265704125
265780098
2657830753
2660442530
266371926
2663980648
2664402566
2664845631
2667178654
2667692298
2668202042
2668537397
2674454323
2680621983
2680875011
2680970265
2681942881
2684598092
2685255251
2687584592
2688722782
2690254659
2692166521
2699578450
27047915
2704954921
2706158297
2706461882
2707133573
2707273356
2709325756
2709667594
2709950466
2710834637
2711370924
2712840797
2714651236
271734108
2723343544
2729486374
2729868149
2731880263
2732206775
273301961
2734072424
2736644943
2738136377
2738463975
2738541692
2739327931
2739451157
2740239394
2740637347
2740881740
274088731
274195987
2745468369
2745634722
2745958354
2749637618
2750807464
2750881683
2754100421
2754622368
2755153852
2756510429
275669615
275678144
2758926768
2760732055
2767253601
2769136554
2769753040
2771055355
277169694
2772655886
2772681479
2772980535
2773351574
2773361359
2774156360
2775472224
2776011176
2776608833
2776674631
2777835767
2778775563
2780821400
2782582675
2783430967
2785298084
27864116
2789414270
2789660464
2790960554
2791913289
2793625916
2794068251
2794595524
2795517233
2796716390
2797028267
2797793485
2799273460
2804213465
2804385160
2805450354
280549091
2805492265
2806029871
2806917179
2811647386
2812646302
2812672760
2813334819
2813341039
2813409966
2813758792
2815149604
2816436874
2817538928
2818458356
2821389272
282226944
2822545573
2823419751
2824725214
2827091028
2827906590
2828872340
2829306210
2829628664
283346199
2833924319
2836288858
2836802871
2837606869
2839068546
2840615672
2842106516
2843328301
2844418714
2844834998
2847733442
2849660782
285004257
2850165457
2850370207
2850448834
2850874272
2850987346
2851056022
2853984640
2854814481
2855753623
2856983177
28578778
2858650425
2859955283
2861189234
2862816914
2864916348
2864974362
2869086328
2872528554
2873704432
2874289549
2877537157
2877895132
2878611808
2878883830
2878964023
2879152806
2880048409
2880226362
2882052464
2885311727
2886984645
288814084
2888256513
2888757942
2889974293
2892490553
2893581741
2894063068
2895996530
2897697597
2898545987
2899051677
2899893227
2902792455
2903465357
290521385
290621003
2906458105
2912347322
2912774704
2916606559
2917660971
2917768405
2921041203
2921188998
2924599236
2924599383
2924683436
2925737690
292741419
2928204488
2929111434
2929997026
2931118481
2931735102
2932136631
2935550186
2936541914
2940251066
2941053163
2941151091
2942500657
2944853949
294585930
2946530265
2951045780
295192084
2952169085
2952668515
2952822077
2954843757
295511490
2955439245
2959016087
2960245507
2961735353
2961968022
2962454165
2962635220
2963469626
2966949217
2967240001
2969593731
297265872
2973990217
2977086520
2977331660
2979241120
2979624721
2981592912
2982080793
2983734889
298469544
2984893458
2985927404
2987686985
2988443597
2990439246
2991934438
2993108101
2993176336
299400226
2996732369
2998463151
2999182677
2999663877
3000005532
3003286497
3004619265
3004754508
3004786548
3005775211
3006255989
3006916574
3007462090
3008737785
3011736821
3012963188
3013328399
3014475206
3018358418
3021285625
3024179058
3024305113
3024582412
3027324289
302843699
3028467434
3030534441
303210958
3033134140
3034301342
3034817024
3035039357
3035375825
3036026076
3036979824
3038095802
3039119798
3040281053
3041097481
304152654
3042371851
304289090
3043380251
3044677457
3045027225
3045269743
3046525340
3049511647
3049936305
3050364189
3050786337
305251965
3053537677
3057922672
3059446262
3065157667
3067222878
3068540043
3069145494
3069198571
3070397632
3070925372
3072600359
3073087658
3075003455
3075528093
3076192342
3077623278
3078094107
3081368474
3084736057
3087454280
3088264281
3092040477
3092486521
3093931764
3094527802
3095834338
3096344820
3096468273
309713935
3097347857
3098130125
3099341697
3100132369
3100536915
3101496574
3101997390
310380964
3104222516
3104706411
3105583277
3106040327
3107293139
3110390657
3111548517
3111600840
3114861546
3115490964
3117335497
3117498093
3120708067
312241566
3122701848
3123886879
3124329160
3124865343
3126376218
3129688914
3130988484
3136263994
3136301189
313784535
3138056217
313946603
3141397389
3142011800
314284586
3143084531
3147141969
3147799267
3149349901
3149960201
3150698053
3151196307
315134299
3151675811
3152150727
3152533390
3155057225
315570366
3158300277
3159382325
3161567849
316264586
3165368370
3167615974
316842258
3168457853
3170972569
3171997728
317240002
3172752750
3172815975
3175635835
3176085755
3176926101
3177179242
317759394
3179186922
3180512105
3180843497
3186208077
3188233484
318953173
318961081
3191077191
3191618383
3191772006
3192760712
3193987807
3198635692
3199311991
3200660860
3201652527
3207208785
3208186624
3209277791
3212596743
3214167838
3215075305
3218607889
3219067606
3221630646
3222150669
322429377
322579449
3226638280
3227785524
3229973882
3230415273
3230690049
3231005149
3232895153
3233497482
3234432412
3238383839
3246288784
3246308558
3246741505
3246988005
3248174589
3250978754
325254508
3255400486
3256259005
3256933038
3258489840
3258924043
3260098070
3262084951
3262211947
3263428047
3264616206
3264638657
3264806689
3265505298
326613807
326615639
3266661869
3267426794
3268418216
3269775586
3271594477
3273174624
3274407873
3275225179
3275359733
3280115079
3282067273
3282907660
3283411093
3284353154
3284496975
3284608563
3285097300
328752936
3288533838
3289069145
3289388095
3292641176
329267375
3294378169
3299123759
330199152
3303491451
3304793778
3305115349
3305507635
3306906924
3309086118
3313595761
3313679070
331560518
3318640888
3319698834
3321737608
3321801596
3322699616
3323825533
3324275368
3324491133
3325868270
3329795064
3335202637
3335321452
3337190739
3337954065
3339447425
3342293425
3343161635
334352838
3343872676
3345520448
3348598901
3348695745
3348977760
3351634449
3357072703
3358271003
3359101796
3361087509
3361106183
3362512478
3362537106
3362973778
3363177712
33657528
3365958950
3368583873
3368721478
3369086103
3371974768
3372015843
337272681
3374987106
3376576243
3377519644
3380201495
3380425556
3380674642
3381080005
3381467001
3381971156
3382790500
3383026518
3385727774
338850937
3388654769
3393404772
3394295110
3395385352
3395459762
3396855532
3397032148
3397237728
339774658
3399571711
3400808256
3401869069
340209450
3405104184
3410065819
3410746632
3410904664
3410991735
3412419808
3418341415
3419132342
3420054002
3421100840
3422041973
3422077742
3422774161
3423231137
3424943440
3426651486
3427325920
3429932224
3430679606
3431624804
3435836566
3437606232
3438288302
3438290431
343889688
3441934232
3442202999
3445525082
3446378349
3448321946
3453419287
3456100187
3460494016
3461484977
346613968
3468691844
3472250035
3472372621
3472812731
3473495414
347585449
3476032052
3477159990
3477385577
3477583732
3478033087
3478941568
3480011683
3480185202
3481911602
3482302376
3486569909
3486699279
3487456714
3489895822
3492238567
3492748104
3496407308
3497040372
3499324971
3499477421
3499490967
3499962681
3500303786
3500429450
350143399
3502708284
3503484429
3503547208
3503838289
3504669833
3505332509
3506077397
350732638
3508343808
3510114964
3510635338
3512452765
3513963540
3515733140
3518260169
3518894531
3519064463
3523186402
3525046813
3526347524
3527755808
3527905847
3529505006
3530414429
3537191858
35375537
3538723715
3538753506
3542913079
3544927870
3545303813
3545809315
3546452180
3548983769
354942364
3550798635
3553010101
3553158128
3553311995
3555510046
3558795953
3559473976
3566482547
3566703892
3566834530
3567119230
3568625891
3570105860
3570140436
3570800828
3573020113
3573507479
3576750443
3576797604
3579374139
3579668113
3581446736
3581523135
3586569030
3587098878
358813456
3589803194
3592659125
3592751039
3594543231
3595976656
3596542739
3596709111
3597695572
3605346654
3606824553
3607112848
3607282247
361063027
3611282681
3612176156
3614583581
3617933305
3619048829
3619086290
3619161212
362127345
362297463
3623885317
3626034101
3629523029
3632314609
36352163
363585814
3636680026
363864018
3640390299
3642174916
3643673469
3647831593
3648453322
3649922796
3650790198
3652317785
3657161807
3658200504
3662796259
3663451768
3664359078
3668275783
3669631246
3671585472
3671984133
3672514153
367548042
3676032890
3677085915
3680172975
3682786486
3682798806
3682913084
3685640778
3686351303
3686770646
3687459762
3688669308
3691138439
3692125589
369352019
3694603912
369712
3697453835
3698201430
3702060651
3702339933
3704010158
3704911784
3706714550
3707108566
3707131755
3707273263
370932270
3711816368
371224237
3713097665
3717994826
3718723001
3722105248
3722421226
372365029
372653687
3728412880
3728626137
3732601088
3735425924
3735435489
3735503346
3736117046
3737184934
3737295382
3738654259
3739119580
3741744419
3741777963
374223267
3743485358
374543570
3746504003
3747243171
3747598276
3748072779
3749408472
3750251305
3752957155
3754124891
3756464669
3764449955
3765192656
3767384359
3768842804
376955216
3771535220
3773982113
3776723292
3777566070
3778345043
3778911993
3780249315
3780811526
3781086746
3782910340
378415408
3784601511
3784814496
3788532642
3788694242
3789839262
3791704741
3793240066
3793390957
3793445608
3797587261
3797969545
3800383411
380073127
3802026431
38036218
3805129954
3809716751
3809976468
3810476565
3811205079
3812912825
3813163182
3818339683
3819319308
3819863142
3820452252
3820950379
3820955177
3828714282
383066363
38349464
383909964
3841159567
3842297410
3842871720
3844771653
3845143294
3849811876
3850273131
385039092
3851007087
3852480845
3854590266
385534029
3855943636
3858651238
3859451954
3859777640
3860273877
3864196787
3865160392
3865199574
3865883256
3866266476
3869298866
3873556984
3874255702
3874352388
3875057980
387711048
3877200890
3879650311
3879739921
3881337345
3881766130
3882140465
3882405654
3884827662
3888720803
389173342
3893106498
3893252794
3896688677
3900431192
390114849
3901357411
3901823908
3902613625
390264466
3904634578
3905155459
3905231409
390657910
3907207885
3909078716
3912593725
3913153476
3915331436
3915928041
39166000
3921493288
3922356055
3922382959
392267577
3922769365
3924014707
3925105075
3925519500
3925616954
3930065901
3931363791
3931759813
3933301069
3934457770
3937073840
3937317779
3938851504
394039784
3940468488
3943036864
3943367537
3945028389
3946714053
3947794236
3948162938
3949118459
3949242723
3949537550
3953123898
3953613750
3953991962
3955290604
3956819238
3957628964
3959196559
395984596
3959915611
3962666291
3963473862
3967733563
396914103
3969180423
3969335683
3969623662
3969709820
3972058943
3972141951
3972650665
3973517081
3975733585
3976677397
3979998926
3981183911
3983331205
3984028943
3985417450
39885708
3990689254
3991070195
3992711962
3993236504
3994890671
3995012424
3995834388
399656396
4001938007
400586238
4006787849
4007636392
4009452556
4013151001
4013583737
4013813876
4014435319
4016875111
4018571088
4019675891
4022095317
402369436
4024323141
4025563273
4027597022
4027764581
4028641953
4033095946
4034377467
4037673377
403807428
4039362914
4040417246
4042890642
4042900699
4042918310
4043630846
4044492647
4045934587
4046754626
4047177556
4050383945
4050515710
4051951397
4052370414
4059340019
4059867040
4065691049
4068264187
4070681399
4071808491
4073464049
4075055240
4079046219
4082602459
4083752797
4084068154
4087518888
4088555826
4088596882
4088994845
4092939740
4094295829
4094310803
4095424020
4096616692
4098260773
4100712628
4102095044
4102640461
4102764624
4103943937
4104429731
4105875558
4107619165
410772712
4108302513
4109005425
4110320466
4110667697
4111550949
4112434622
4112680798
4115883253
4116371742
4116987827
4119072312
4121047664
4122169010
412218764
4122942229
4122960542
412324106
4125097742
4125227004
4125588358
412913282
4129967442
4133842317
413467613
4144707544
4145819968
4145970244
4146779576
4146887760
4147168249
4147898076
4152765054
4154434704
4154687749
4155962785
416209865
4162579223
4163342913
4163527777
4164860509
4170148300
4171596958
4172207231
417315491
4175241874
4175459310
4178625079
4178710365
4183001187
4183242452
4183999517
4184429105
419450993
4194720140
4195745144
4197335284
4198040567
4198093544
4198673799
4201334212
4201648413
4201680321
4201794999
4204277439
4204468990
4205542595
4205881268
4205937369
4206997336
4209995567
4212248992
4214527735
4214534436
4215199701
4215276692
4216285558
4222349704
4222786004
4223806447
422575719
4227301386
4233661337
4235243314
4237846664
42390679
4239226530
4240313829
4240465779
4242774012
4243912811
4245338001
4247874997
4249904101
4250510222
4251329651
4251836457
4252010088
4253903498
4256947595
4259137352
4259619396
4260219356
4261028895
4261531413
4266723680
4271973212
4277764981
4278533188
4279816379
4280531590
428285441
4284916727
4290237053
4292587906
433034938
433191797
436024458
438101922
438536804
440983467
441567624
441670304
442862038
444046246
444890107
445163143
44536237
445394430
447435988
452564994
453293256
455140903
45560334
45567257
457198730
457444762
457931718
459495269
460519839
460658804
461035402
461356089
461424841
461445079
462070507
463125216
463355795
464047236
465204477
465206620
465592433
467769094
469347028
469902517
473029229
473120206
475649323
476819990
477915518
478295108
479510214
479721659
480634861
483573762
48415349
484871738
48546049
487917687
487973949
490877572
493588876
494934645
495220714
496319760
496664740
497523707
49961600
499941869
501172211
502289550
503289963
503876149
504499806
504971995
508766271
51041168
511681917
511695060
512278266
513914182
514451492
51454151
516849204
517497106
520908755
521372908
522787672
52294823
524853332
529005716
52903343
531232770
534164295
535489912
536525762
537778988
537874253
538140926
546497942
550403823
551727800
553870137
556625990
560114382
560739182
561271046
56268940
564914120
569437565
570385292
571245355
572792817
573583044
573993417
577483234
582492060
584040729
586288490
590868365
591244990
592149590
593330578
595077212
5962115
596631337
597629872
598824671
599991652
600483345
601352414
603747839
60377955
60551917
606708319
609333079
613017759
615413530
61648819
617226143
618261952
61880797
619272445
620700640
622307354
626881114
627962664
633897829
634466343
635751832
636566188
638659682
639884559
640237767
641782516
642491119
644098129
645669192
6476348
64868954
649775033
650027946
651443186
651917611
653089865
654018443
658774605
659666366
661123424
662218258
662404094
666778571
668802812
66913628
669933503
670918742
671039373
671630945
67250965
673179532
677108325
678323044
681566891
687326723
689094648
689984950
690540747
691610735
69330323
694580932
694791406
695266049
695941889
69694244
697598636
698268091
698853835
699747269
703392871
704261180
709485073
710461618
712625604
712758549
71421053
715142959
715523445
718425343
719989391
721942324
724788739
727460524
729426216
72990728
731034115
731299741
732971903
733090436
734512505
735850075
735931948
737037374
739087151
740279014
74116681
741500243
745465400
745753238
74911550
750492566
751137644
752280821
752640061
756121936
756277223
757576439
757640044
758092795
759694596
759896449
760078215
760141689
765198080
767391662
767489485
768433444
76866320
769560899
770064475
770818443
772646137
775211445
780298190
78319729
78394560
784846970
78725884
789692097
791249117
793153702
795423744
795485428
797048640
798872257
800686600
804229639
805773102
806291357
807335707
8083493
809845649
81034021
812854996
815713301
816790945
817797439
817818484
818022390
818997538
8191123
819749151
822080221
826341128
827045870
827674817
828782144
830948797
832985846
835650372
839406992
839918406
841668949
843615209
844568714
84512609
846408814
850481274
85284861
854365760
856060605
856430662
856558947
85740987
858133176
861243678
862344123
864773590
86647328
866935809
867190331
869884866
871562054
873568943
87378910
874265601
874464096
876829953
877552182
884012351
884483473
884868651
886229992
886763429
889777249
89169557
893743039
897722238
898031149
901695066
902655728
902982448
904102733
905727147
906072906
90611151
908107209
908902806
909851991
909865135
910271215
910475914
911421720
916750032
918795546
924143429
925711044
926912149
927708699
927791255
929238492
929280361
930209721
931403911
936369469
93658309
936729906
937888243
940940581
941401380
942304486
944441803
94564503
945722944
948008461
949189273
950874364
954925966
959797320
960688154
961309136
962580339
962599461
965850114
966344786
967443815
968629756
968793503
970383163
970522584
970870120
971117082
971629638
972329302
975913400
978732033
978849197
979614218
981239562
985061548
985525225
985691054
987201294
987674586
989375825
990368816
994737497
995750820
996462716
997994585
