101814671
1019308791
1028155309
1063516710
1063802802
1115083497
1122291595
1123977894
1182043334
1189423569
1193338047
120069859
1207621427
1217830894
1225845129
1253444351
1287337222
1306410332
1323729762
1354472372
1377133626
1439465573
1491683926
1558898884
1560606514
1561575345
1583880670
1594056465
160185091
1610069444
1628735444
1731186933
1751982297
1783147053
1793005393
1811610822
1827938830
1841155488
1874181454
1963136539
1988396817
2003942250
2011188148
2025519115
2034392964
2161021477
2174962430
2246379120
2252225814
2265684939
2277613661
2332035662
2336571916
2374869674
2436577086
2441474596
2441775890
2493265984
2496056397
2513121225
2530216570
2541925628
2556129214
2568139899
2608609726
2620622003
2620923904
26489839
2656509221
2656949362
2665309249
267813885
2714205572
2730739277
275133643
2763527970
2831337192
2835409324
286600843
2887521809
2908104897
2931077294
2963713261
2989398065
3003366270
3009744575
3020267133
302208125
3045537513
3046592197
3061110794
3061713142
3074117015
3082885133
3114881363
3150700112
3187125488
3199229744
3226735933
326890516
3269157580
3290994485
3303433286
3315398389
3351543188
3382180543
3417494005
3428997524
3431219203
3438577204
3459566242
3471572904
3492055233
3533005345
3584346562
358901498
3624156857
3626305773
3631068543
3636350496
3645371222
365363193
3654024849
3668527790
368230710
3702972128
3708042049
3726889067
3743067485
3755573103
3758204666
3785824946
3787010571
3809165930
3849827604
3856522856
3892877653
38930983
3929313119
3967116014
3976005522
3983176914
3985838335
4015605908
4033776865
4038494047
4044911970
4084410907
40938808
4123126871
4131631805
4181857144
4201908311
4205344688
4209208445
4230996696
4272505980
4275351727
4277855698
4289530536
446822114
458385119
497418903
5003083
504657244
547976653
549408264
568693692
598023394
603185905
615985474
618615559
62361956
642232360
649217148
673467789
69995540
714072135
799379206
800660907
81619083
827325853
842484478
856784307
86745355
873633406
880739604
884528631
912903912
914863240
