121247154858670
122682039407541
124812528607966
136650293895475
144923676019667
146112744374198
150172820110230
152407547710
155204060127433
160073555210408
186136729617005
186233234920925
187506534950086
191675114326081
192587422134142
202124421297550
204897275216872
204934162722292
207596914700844
219823030066861
223116790972012
232318877613621
234156464207428
244549240990964
276438749068578
281222867249148
35725005531666
46834873730835
54023898286815
71707471904206
85553970072379
88778588283090
92035205961140
