0
1
1087832183
1107099767
1109065847
1113587831
1159135351
1174405239
1317666935
1359478903
1374421111
1396834483
1411842227
1435304055
1483145335
1539047603
15466615
1557069943
1562378419
1573650551
158793847
1588592759
1594556535
1606615159
1611595895
1654980727
1659895927
1668350071
1688404087
1692467379
1694105719
1708523639
1710620791
1731264631
1741095031
1741488307
174194807
1768358007
1775173751
1776287863
1777664119
1828913271
1849884791
1849884851
1856897203
1891434615
1900347511
1935802487
1948647543
20316279
2085486711
2150760567
2168455347
2169569399
2175205495
2182742135
2193424563
2206400631
2237268087
2237333623
2243690615
2246508663
2246705271
2249654391
2336555127
2347696307
2349727863
2349727923
2428305527
2556023
2695102583
2697199735
2709061751
2726953079
2791047287
2806841463
2812674167
2818113715
2826567799
2867331191
2869035127
2886664311
2899705975
2905407667
2937454711
2937454771
2939945079
2952527991
2956984439
2963996791
2971205751
2971402359
2989686963
2991325363
3026649207
3067150455
3068788855
3076915319
3091988599
3093758071
3129802871
3157852279
3157917815
317194359
3186622643
3188850807
3192455347
3202613367
3206348919
3208183927
321323127
3214213239
3215523959
3219980407
3222995063
3228696695
3235774583
3245736055
3316777139
3317694583
3338338483
3360096375
3385983095
3440902263
3472162935
3490119799
3494510771
3498508407
3549560951
3561422967
3581280375
3584819319
3598123127
3603693687
3637969015
3670474871
3681026227
3799777399
3830120567
3830120627
383778935
3840082039
3897098359
3907584119
3915579511
3948675251
3985703031
4031250551
4060610679
4080205943
4086759543
4088725623
4173987959
4179558579
4208525491
4244701303
4254204023
4271112311
4291625079
4293132407
4293197943
4293984375
459014263
497746039
51576951
545063031
576389299
61603959
706543735
708444339
70975607
723386487
735838327
773587063
801636471
877789303
894369911
915144883
986841207
997720183
997720243
