0
1
1046610039
1053622391
1053622451
1064370295
1082654839
1085341815
1093009527
1096417759
1108123831
1212481655
1212481715
1226506419
1264779383
1264779443
1275920503
1303183479
1469775991
1469776051
1482490004
1523974263
1523974323
1544355959
1564606583
16056499
1610219639
1611595895
1664876663
1676673143
1676673203
1777991799
1777991859
1876704820
2104227514
2131493343
2190082527
2369126519
2418147507
2446983287
2500395127
2514112777
2526056734
2645885047
2692087927
2703753335
2759393399
2774138999
2788163703
2788163763
2793930871
2804875443
2818900147
2833252471
2847910484
2848456823
2866086007
2870804659
2895446135
2931097719
2931097779
3059220959
3175415927
3178627191
3198550135
3211788767
3224240247
3253403767
3253403827
332005495
3390177459
3431923831
3447259255
349044855
3563091063
3828875443
3910664311
3932279
3995730039
4006084727
4222769266
4262658227
4289527927
4292804727
434045047
442761335
4718711
484638839
489750647
490078327
554434679
554434739
737804407
767885431
769
795017395
8847479
929562803
936837299
949878903
976552415
