105450058184531
11219083196049
11503963512140
115735799042958
117685600268207
131463750516846
135912648143314
137326217644320
143805482103735
148924034278728
152805981803721
158009251727133
162194528233180
171053727954585
172752241824345
177185093609590
183167501241070
184319279154580
185697509710211
185982840786108
187214357821564
190155509369444
19934071829511
200216130153331
204879124760256
211510560124671
213020323124896
21569670600624
216237828450830
21945043241796
223686133790240
251412124577056
251508726857389
255502794164628
256949740037719
257603199589566
258737889101689
260610944512619
263428544945714
266482229426467
267259910008588
271311340016379
2786349877128
3221012536028
38244591950441
40197350634359
65979913527386
66824474459248
70820933632573
71340110567401
73262066325150
78518407368699
79116318339529
8054775922610
86452210630333
92084108377153
95797707464823
