1000532420
1014659524
1017313227
1022739521
1033814040
1034822803
1047796700
1050199715
1054928812
1086784346
1097816940
1103601962
1112149088
1112829348
114438293
1157309476
1159215978
1183620336
1186553596
120709682
1226063683
1227523381
1256182177
1256358995
1274491602
1288353527
1310475555
1318889624
1345451484
137861200
1382234365
1402700117
1430038429
1432514961
1436469914
145312129
1455369239
1456772523
1459473484
1476756534
1480335666
1485261954
150443242
1516877126
1516948016
1518557601
153886962
1546203412
157504831
1586712881
1599306266
1601852360
161024598
1638930155
1655647666
1676747527
167978095
1680113952
1684737121
173103588
1734089340
1740447517
1747560236
1751881861
176456000
1794964202
1813661481
182104885
1827584229
1851018997
1865597195
1865859958
1882862354
1885926383
1907822887
1916301382
1918167925
1929647419
1953965315
1955487975
1967400330
1971913892
2002579889
2010115094
201563439
204192672
204869054
2064078790
2064328804
2066581413
2068851760
2100660199
2123937922
2136445033
2140068096
2143716104
2147339181
2147350425
2148447713
2150197556
2150716856
2157355708
2177192862
2179565988
2199761148
220033578
2207786075
2220222053
2222440003
223222103
2246816175
2258301714
226088640
2261203618
2268499202
2289844306
2290671191
2303113244
2310008116
2313942885
2327015068
2337817357
2361313445
237966838
2402834597
2409719215
2414130520
2415636884
2437198125
2444314039
2449492812
2457726683
2463166288
2478646922
2486017858
2489345533
2494314092
2498730554
2532883411
2539104303
2550113943
2567014456
2572860087
2616476315
2674606008
2683073624
2711742407
2730430551
2734564715
2735795690
2767962935
2774289399
2793063996
2794332052
279595877
2811884210
2850363715
2851241483
2852751781
2863677203
2864147856
2886265084
2888017286
2895664191
2918744136
2922462464
2929325755
2939312035
2958317737
2972268071
2983654601
2989940201
2991587895
3005137230
3008432443
3025480915
3026032855
3032425177
303261581
3042241524
3078731544
308456349
3085740813
3094867828
3098010557
3098882636
3101952301
3108632674
3110565807
3118865025
312027626
3121790620
315689414
3157154875
3157281036
3181662947
3183000189
3190897989
3191346312
3203995437
3250318644
3252086579
3283627128
3289778322
3292126731
3293676273
3298230911
3308367094
3309430186
331249629
3318833872
3329471528
3342091342
3346505246
3354482169
3370389110
3376409425
3390208776
3394338291
3397558381
3398957786
3419494849
343216835
3432437585
343741508
3446002298
3462205456
347928100
3479514150
3483886808
3501981669
3512067092
353798127
3543058279
3555503340
3560537725
3576314706
3578839962
3579632130
3579640965
358461248
359672847
3596803793
3602393979
3605546170
363949140
3641295819
3644073210
3645248577
3663608704
3690236895
3712098200
3716925638
3730211056
3732572807
3742249552
3750939975
3755186560
3756748884
3765792660
3783306923
3816195118
3839561361
3843975065
3845164248
3854372282
3869661463
3877970592
3878694178
38836566
3902438880
3926203037
3952680161
3957246677
3994405499
3999498017
4007356403
4027645514
4040480408
4042138660
4053381534
4056994775
4063664960
4105386499
411004164
411808790
4130280637
4136139499
4137686252
4148000766
4154273992
4157912665
4173016011
4194074699
41995007
4211725354
4218362945
423877349
426012869
4261601331
4269731986
441965628
443190103
451193328
451365967
453655407
457175163
509108907
511088798
522692468
547047307
549329835
587194650
592349876
594414178
598095087
598755690
614681447
620460880
627279086
635844514
654894445
666038323
692351273
704016631
720298507
727410729
728019111
733272234
735240265
74920850
765730939
768570233
781774415
798149082
830787470
834502970
900419964
918663278
94360696
962520960
963989797
969696847
995470807
998101751
