1039338212
1070035552
1290062610
1442828695
1571288190
1640635196
1835876532
1854110809
1873035798
1878833178
1979661683
1994308680
2041192856
2043268066
2070768797
2074326214
2075538102
2088312069
2116216025
2150907689
2194315390
2262732862
2294236521
2318634138
2344187400
2384987856
2490473215
2539944567
2639209499
2717360600
2741236183
2782380474
2791237485
2954631671
2998187978
3041040548
3050715367
306340202
3090569894
3110901318
3140642580
3153226292
3216061310
3264092895
3309795485
3334632192
3358216744
3367580806
3376212751
3460413954
3541772694
3601952619
376798980
3816565290
3948854958
3961833691
4097056943
4110164055
4129308088
4161716315
4205797105
4258085270
44118702
486298332
580378137
621872362
707499600
720853549
766181630
785119692
818382300
83087928
85300434
885963683
905411007
