0
1031015622
1050188820
1050188826
1050188827
1061358950
1066272897
1082836339
1082918113
1086340539
1102230762
111503419
1120666268
117914397
1195727029
1198408922
1205309101
1217764752
1227096555
1262600516
1350212597
1382085744
1382954613
1412679211
1423424174
142754452
142817658
1463620738
1497368219
1570459463
1583211986
1603481872
1609006830
1650988298
1654459216
171970709
17585201
1836717093
1876104911
1876767256
1876767259
189129008
1903974600
1916980248
1921753702
1947044128
1950845835
1972070910
1972447011
1973570729
1983752610
198988595
202844754
2038342679
204030632
2041721366
204183550
2051348327
2073173713
2074960979
2105600314
2118605834
2119130519
2139192589
214001684
2144420948
2179078701
2217531135
2218450740
2222102056
2261434017
2312503546
2365481583
2390506395
2451909953
2575019504
25836681
2602123570
2660994487
2721800972
2762452976
2793032403
2833700208
285039146
2895355877
2915235202
3019963820
3026039291
3042848492
3063940533
3086301374
3102267918
3207461798
3207493517
322403336
3243155262
3284011096
3287697143
3377219009
3378026380
3379906503
3411439818
3514761198
352585517
352585518
3536543475
3542190019
3633197499
3669806712
373456689
3779740626
3782011957
3782523571
3795529091
3802049016
3850619753
3862786726
3889506978
3909625729
3919732480
3930882908
3931957245
4007570431
40494184
4052245339
4069107476
4069107477
4074596739
4085885070
4095348410
4105953348
4106202590
4120531723
413970709
4164424319
4173399635
4205280153
4244646870
4269702353
46597699
47855565
495429664
52003045
52110062
55039679
565026389
568942134
589386602
600822652
640189366
658297172
664014320
741132951
803281088
867411893
874213980
881963976
92004548
931214018
938659125
956546064
994101315
