1049472417
1099147674
1181371090
1249693069
1266588388
1339102639
1599614431
1655313070
1658813815
1691426082
1692775942
1696168904
2130464300
220785093
2260087667
2330980060
2528596160
2558966032
257725577
2597370479
2620913017
2685998714
2732776611
2747901788
2847666204
3149698339
3171717223
3316443917
3327387747
3440559061
3469365056
35202437
354869282
3666963301
3789132989
3797207509
3909298755
3910275946
397045230
4037907313
4048652276
4206054717
4234155600
437901064
516928042
598420694
632550689
712837812
771791010
869734174
