1123682494
1126263606
1135902472
1145002017
1164538328
1165273315
1187292199
1210955936
1263679841
1284130039
1327005436
1366764481
1370841164
1374603565
1424733365
1450023695
1480795812
1490879657
1504624528
1531735491
1552347137
1563092100
1644803928
1717318147
1748674756
1830386584
1865638542
1885706152
1901861760
1906983366
1938776580
1969295829
2044951551
2085807385
2107826269
2132729530
2140533458
2181389324
2222245286
2247535712
2345744709
2407827942
2433118368
2463370901
2493570467
249409861
2566072985
2597929766
2605204759
2676186702
2696254312
2705884402
2751655641
2776317180
2790645975
2983565809
3022173558
3082333282
3086965898
311638667
3179893428
3215726786
3319774448
3360014689
3363905763
3385924647
3401309442
3477640881
3480052303
3520908265
352494629
3577130660
3597198174
3639542253
3673968500
3680398087
3752222075
3796057803
38154262
3839046486
3865980743
3866575602
3897514058
396158784
3969338046
3992426441
4003318214
4010193880
4056082567
4100494208
411248014
4157466227
4157466231
4174243808
4174243809
4174243814
4211417932
431315624
435753811
538077285
565026389
595639807
636495641
639475535
658514525
680331497
683417786
700075924
728179109
777581988
788824435
790054967
865785053
906566523
985998434
