1059470729
1060309406
1214505235
1256494140
1330365628
1392178654
1434657074
1500699220
16610173
1712338481
1908666100
1926886902
2122058911
2225356661
2227124041
2260087667
233397200
2446115532
2567819158
2741151763
2803651621
2904654925
2919284882
2940912910
2941156754
3006115880
3073373389
3074212034
3118897729
3141469671
3316443917
3327387747
3405828055
3409246609
3534029365
3665567368
3681710779
3735514625
3755582267
3785426156
3812564403
3813794935
3898826750
3904268461
3972698238
4013554072
4080497320
4080497323
4098525872
4132687820
514693532
525128511
565026389
590683139
598999999
639855833
658823278
661874717
686777978
698068501
706498611
857845147
992213220
