1014238061
1029987723
103779847
1070843685
1129524991
1136658626
1146571714
1154102867
1170380825
1192399709
1215570379
1252944339
1254729298
1342887617
1355267813
143177126
1438526995
1486144808
1517266452
1539215236
159545191
1601329927
1609006830
1630670752
1630670753
1630670755
168467552
1686246041
1702849108
1733168186
1820034626
1843452798
1860890620
1943454134
208255934
2085113537
2105181179
2168372751
2176643987
2198368422
2209228713
2223658848
2241923893
2281441156
2308070185
2322297150
2353955407
2363152984
2369537665
2389605307
2394811369
2427506549
2429432749
2477357584
248506669
249111768
2493570467
2493652841
2534508675
2565865284
2568393765
2606721278
2636757910
2636757911
2647577112
2687404554
27580336
2776271733
2776271734
2776271735
2776271742
2776271743
2899738380
2940594342
2957723986
2958264278
2965884768
3085321036
3143306642
3169378039
320895818
3225018470
3243566207
328617765
3306440925
3331344186
3348844241
3394535758
3396496459
3414603368
3422395287
3439485142
3447685713
3513444840
3520611603
3527990335
3534426897
3542190019
3568846169
3580118414
3582663617
3590865053
3600186024
3615768314
3633268369
3656521223
3699027496
3747634627
3778991236
3803686690
3851505487
3862339779
388203975
3883050372
390493623
3934075842
3974931836
4038123504
4046942028
4136964976
4218499970
4223706160
4259355964
4286107259
506478474
574788052
605319946
62924013
764976984
782701198
930423954
971279820
