1039247019
1042696951
1055238666
1059314501
107425028
1128439458
1130125511
1131285255
1172382938
1194718772
1200914617
120481391
1209936185
1215173414
1215173415
1215173418
1215173420
1215173421
1227674185
1231950977
1231950980
1231950981
1231950984
1249693069
1290549031
1299570599
135367967
1382829781
144389535
1486876650
1580190839
1764330571
1795903074
1804633699
1805186533
1829217826
1853871830
187868738
1964970555
203588919
2054608473
2073584481
2075803785
2097189349
2097822669
2114440347
2130464300
2222942360
2224731015
2245907266
2290700452
2310767966
2324261287
2335006250
2406289272
2415310840
2428934059
2449001541
2492692734
2666117512
2716888006
2819456385
2830201348
285327877
2902715599
2904012851
2911913176
2913034419
2943571561
2978593900
2984427395
3015784004
3039224581
3040648223
3042315062
3077562102
3097495832
3098617075
3099847607
3111459201
3152293018
3191133562
3223459663
3277063659
3358598781
3374023954
3463271521
3473391278
3489354534
3501739770
3503826404
3506346787
3514247112
3523893918
3548781380
3567319087
3595782234
3634081228
3642219067
3667822055
3674937190
3680387492
3700227616
3700455006
3709476574
373451394
3772013852
37819293
3833182233
390234286
390234287
3966940006
4018764889
4057896663
4065687034
407011856
407011865
407011868
407011869
4083187089
4091688470
4094350427
4106575046
4128878606
4132954441
4148946216
4152407939
4152407944
4152407945
4164316823
4169185650
4169185651
4185963232
4185963234
4185963235
4185963238
4195829287
4202740817
4202740824
4202740825
4202740827
4202740830
4202740831
4206064705
4206279403
4206574250
4242935232
4253774175
4279088469
439199966
526105522
535127090
558010464
558010465
558010468
583919216
615431552
652540039
665454210
685072170
720709746
766578214
791868640
797266861
812808497
838122695
866733596
875755164
935199485
97189610
