1012736478
1031984396
1072840358
107425028
1076562006
1098130784
1099068273
1110692001
1110872022
1217567052
1236197520
1243822203
1280924022
1295395892
1314022114
1327807972
1355909883
1375812223
1416668057
1418856518
1438686941
1463590202
1526781774
1573025854
1579393781
1613881688
1615002931
1616233463
162441334
1641382487
1645540073
1712364430
1742616735
1753995526
1783472697
1800585587
1801816119
1954548950
1988678945
2066321858
2107177852
217359553
2191323046
2205794916
221081329
2255361234
2322537783
2330803024
2336049740
237427195
2376905702
2437457394
2473982364
2490137325
2494294911
2516385680
2530993159
2535150745
2557169629
2582072890
2631982470
2675719981
2745322961
2757730816
2759865175
2774508530
2774508531
2774508532
2774508535
2808587942
2809121372
2825365529
2830847118
2850914728
2875778915
2897797799
2908542762
2933691786
2981056981
2988847352
300618767
3037107344
3094125418
3199294195
3200524727
3210917923
3225660540
3232936807
3434602224
3493597006
3498056997
3501778645
3532062898
3612367360
3642783691
3649475847
3673092365
370257686
3717645554
3794202669
3809744305
382330563
3835058503
3850600171
3915094288
3932135293
3947506368
3981816384
3995326961
4036182827
4052174474
4056250309
4110923751
413687172
4169318746
4191654580
4267274301
4273366280
466299083
486201423
495399000
507155045
520397427
550581587
555840342
775552993
816408859
833010594
850293949
96422021
974408965
992668964
