1159000295
1178084904
1210955936
1417176063
1511974722
1697557378
1715001619
1738413372
1771941496
1873569856
1976646023
2094920522
2121372845
2162228679
2317452805
2379344650
2397155333
2480497275
2723388466
2770127465
2790645975
2867878058
2936680619
2942028885
2943709861
3004783046
3030451045
3118897728
3129292517
3210067747
3301586000
3301586001
3301586004
3301586007
3301586011
3331722785
3419781266
3460637132
3503064555
3503064558
3519842114
3519842115
3519842117
3519842118
3519842119
3519842121
3615460954
3756720662
3942397455
3955434510
3957979713
3983253417
4064788539
4143562369
4154307332
4162344166
4176552533
4176552534
4219285524
4226821583
44922692
451348983
514693532
518493222
543783648
566566841
605650412
623822765
704075878
707729138
729366304
74846747
844839497
873593166
8868058
977424114
980535696
980535698
