1011763380
1011763384
1011763385
1011763389
1011910418
1011910419
1011910420
1011910421
1028688007
1045465715
1045465722
1045465726
1045465727
1062243300
1062243305
1062243310
1565035075
1565035081
1581812788
1581812795
1816846485
2756929859
2756929862
2756929863
2773707568
2773707571
2773707574
2773707575
2790485160
2790485163
3444385451
3780122162
3780122163
709619088
709619093
709619094
726396674
726396677
726396678
827209482
827209483
827209484
827209485
827209486
843840000
843840001
843840010
843840011
843987190
843987191
843987195
843987196
843987197
860617715
860617720
860617721
860617724
860617725
860617726
860617727
877395304
877395305
877395307
877395310
894025826
894025827
894025832
894025833
894025835
894025837
894172864
894172865
894172866
894172867
894172869
894172872
894172873
894320056
894320061
894320062
894320063
910803413
910803418
910803419
910803420
910803421
910803423
910950576
910950581
910950582
910950583
910950589
911097643
911097645
911097646
911097647
911244674
911244676
911244679
927728160
927728161
927728162
927728163
927728164
927728165
927875222
927875223
927875228
927875229
927875231
928022385
928022390
928022396
928022397
944505754
944505755
944505756
944505759
944652914
944652917
944652920
944799977
944799978
961283336
961283339
961283340
961283341
961430498
961430499
961430500
961430501
961430502
978208083
978208084
978208085
978208094
978208095
978355145
978355148
978355150
978355151
994985676
994985678
994985679
995132832
995132836
