101659185
104049631
117210722
1250340452
1335143518
1415095541
1467537531
1583968834
1597546518
1667634830
1675721056
1863907117
1893836974
1928403754
1932566140
1944490343
1950790403
1988907221
2023531537
202661686
2057472894
2073382964
23120951
2323381741
2528770262
2540669665
2685976744
2693200972
2768989360
277125704
2836982245
2867403956
289745239
298389446
3004222752
3022202344
3263705993
3284944000
33614744
3485923417
3524091691
3524361099
3551994238
370338088
3825377842
3835429593
3854472057
3896592657
3931771434
3999398252
4036769723
4060205102
4162917704
4204005786
4247860420
4278987885
4286002356
435541919
805563774
883051183
989338757
