102980705489780
105905759274105
113887269618745
116967254640338
12103676745934
123176609308964
124091272523430
124488182661419
12791640951718
132992347781283
135432623945630
149463034143830
158695145906443
169444238102848
173378701919638
176208864101603
184849692557090
185670760452528
185766774930972
188903810207789
190275204724039
190993267158794
191181185813812
196800087258727
204155011425751
207709691930399
208794754003659
211802802058289
215503402902965
216403855480351
228643552364874
22882524097674
234086551199886
23531113450011
239532082603830
240215667655961
248676323253817
249281704971288
25223309939852
253636205088177
253917805214804
255629052919189
259380914015916
260427619730371
260610944512619
270366115295149
274447553423952
27951261050343
31232410136414
40582540457722
48946007243213
56300862397284
57855304305752
6284919522236
63905674355967
65076531416372
69849414435748
72280365469855
73091669977411
83568251014474
83668211394157
84775896169142
90100397281109
95680921335890
97364544454005
99096971354856
