108703418689751
126349076039891
127069784524846
127246817960358
12823855308138
1306161911079
143586944843115
144528252851947
149638903590202
152196128412022
155405286394448
156400053158730
160746651710237
163563277481189
166715170516369
168681617193873
169787648558827
172248576027995
17389981584113
176130546090116
176987444108571
179249879080425
179821376588067
182734849544099
189175264655431
196547540558255
200474441362416
203769199104096
21149796206887
215070994435705
215220267078758
217539362283576
22252707297140
223897896259357
231887457377333
232351040519789
234057510666399
249322928287692
255152711997740
260431321385492
262205349359096
263828710797738
266600902263925
32519877750876
33949415413761
353474872493
45563455628067
54577438786279
78434758399617
88649176377304
95172174816899
98150316350872
