108703418689751
109512149591652
112160067154267
114596801651387
127246817960358
12823855308138
1306161911079
144528252851947
146736740842720
149586281672502
149638903590202
152196128412022
155405286394448
1573175349934
161286600812047
166516959877350
17389981584113
182734849544099
187185388820126
187849014907952
192941362504980
199307451412392
200431523510567
200474441362416
203769199104096
215220267078758
217389749451460
217539362283576
218940244866294
22252707297140
223200214907202
223897896259357
229830529662181
231887457377333
261344153383903
263828710797738
29424083662608
30687539133478
33949415413761
36475303811009
40388711453596
42519859973884
45753397877063
68518099831026
75518375935482
78434758399617
82212484200095
84912679525445
88649176377304
95155786978498
98150316350872
98953920706371
