1089767510
1345252181
1358336066
1453694805
146099688
1621812221
1623158876
1624409580
1692392323
1874524259
1875370207
190404429
1998837681
2044380490
2131304673
2139205760
220227572
2209118292
2217723998
2425252878
2445876016
2517039046
2555558381
2750731656
2757066693
2826568096
285831144
3022528355
3106026356
3203510415
3319102943
3329802176
3350371396
335744234
3369375029
3452821956
3510242011
3602449892
3643380973
3667450066
3714939295
3739105931
3907740508
3934969518
40104447
405756382
4123187730
4185573779
4211581910
4271197738
52480550
646647770
74087599
989970506
