0
1024
1126085643
1126153699
1126632749
1126691617
1126785640
1127017988
1127047809
1127079980
1127081343
1127087791
1127094995
1127193180
1127815108
1128061415
1128079136
1128117042
1128160401
1128203021
1128208181
1128219195
1128256934
1128294903
1128323937
1128350969
1128357684
1128401094
1128480377
1128484005
1128498663
1128532843
1128545358
1157698566
1157728073
1157789941
1157864757
1157900029
1157973153
1157993458
1158038777
1158052928
1158067664
1158095097
1158100000
1158129289
1158130666
1158186903
1158234608
1158234685
1158241163
1158381601
1159999054
1160123724
1160239914
1160299308
1160308683
1160361683
1160368741
1160425507
1160429968
1160431987
1160434389
1160439882
1160453300
1297029849
1410568347
15
1537000417
1619447127
1742012330
1887461587
256
2652975272
2730539943
300
3305279646
3305451288
3305458208
3305492879
3305493353
3305517606
3305537897
3305609432
3305635500
3305669055
3305676334
3305680558
3305695201
3305729119
3305872551
3305992779
3306011137
3306022171
3306024298
3306205337
3306218938
3306279150
3306291553
3306292563
3306310985
3306456705
3306652547
3306677478
3306687027
3306703818
3306720482
3306740207
3308387208
3506952798
3545586841
3763539114
399723397
4070672658
455681169
5
522
55
754150678
