1294846544
1329009157
134308160
1379722467
1790783973
1839164840
1985947542
2121636149
2173214214
2195844203
2200149737
2218627631
2367640021
2427319503
2462078570
2531783103
2602409976
2609717728
2621885993
2816377633
2956784855
3078099217
3133133759
3198699004
3203546889
3221002483
3313288619
3552701796
3674753380
3701906911
375596004
3830043176
3871473904
3940276047
4096946850
4268832554
4287497842
433963093
436011282
494614699
576017190
578703212
659606599
739804631
771720997
862741845
885911973
