1032741802
1045175934
1054004488
1061786483
1079950098
1103069279
115530648
1160251214
1174789362
1249184713
1290119931
1292055066
1299639763
1308789730
1321851969
1385418167
1388841195
1391368353
1423869011
1427354029
1435767289
1582440793
1605067336
1607134276
1623364422
1710131177
1710216856
1776177715
1787690497
1802859292
1882763832
1897216216
1902188379
1948686864
1963747660
200087153
2026969637
2059093124
2066206906
2077197857
2105842409
210945381
2118714634
2121806647
2198656097
2201690949
2221036678
2246915544
2249581336
2268272968
2308731679
2319802804
232366889
2344104201
2344608201
2407708465
2469461266
2544127295
2564196744
2569799130
2582663156
2641946758
267307934
2674835344
268472802
2698424068
2705863721
2743591214
2747848607
2760211551
2776608105
279626531
2854096300
2916988140
298664966
2997130744
3012215271
3085899763
3093989570
3121445865
3166273256
319348313
3203689346
3211437700
32585608
3271753217
3293877692
3345574395
3349139164
3364462253
3364739890
3378745037
3392609141
3415070805
3459700643
3474466732
347919843
360128499
3627225765
3645763105
3699687257
3721940278
3822899263
3840856434
3853368789
386763788
3912235414
3966075233
4000893495
4011501486
4014386980
4045865433
4089744717
4102669923
4151613937
418479866
4190129969
4199709984
4200294222
4240632255
4262383632
4266155275
4283916411
42867867
4287017268
486095519
497432109
559979836
57683924
584949239
593670508
616694194
647750592
66408744
668644197
715391714
726005311
805711216
819290507
832958704
835394731
840766736
883638325
890482693
891553166
927174567
928984259
95987753
976595871
999796268
