0
1000
1024
1064113832
1082772235
1084278261
1084372243
1085130797
1085759903
1085781189
1111159597
1112788930
1113009460
1113161547
1113180326
1113458084
1113503585
1113507926
1113508612
1113526136
1113526190
1113526202
1113527433
1113535616
1113535818
1113541508
1113541655
1113568691
1113579532
1113584264
1113596805
1113608510
1113619679
1113619684
1113630861
1113686961
1113717281
1113741098
1113744002
1113744745
1113747039
1113749285
1113780410
1113790016
1113990755
1114030377
1114480632
1114534864
1114762860
1114942963
1115147273
1115371618
1115690706
1116144133
1116150664
1116177299
1116182129
1116227540
1116255413
1116271201
1116288815
1116314846
1116337432
1116337682
1116338858
1116343632
1116350068
1116355445
1116357176
1116358168
1116366191
1116368101
1116372044
1116380851
1116392716
1116400281
1116405634
1116412451
1116423234
1116452692
1116453242
1116454804
1116461657
1116462491
1116485680
1116493496
1116496698
1116507676
1116521922
1116580305
1116597142
1116645021
1116688605
1116706044
1116748031
1121025464
1135844010
1135996047
1136039347
1136039806
1136056700
1136137410
1136194644
1136203797
1136216022
1136250206
1136285920
1136305932
1136369452
1136380463
1136425889
1136427877
1136428481
1136443231
1136471159
1136474003
1136476185
1136486788
1136497436
1136501298
1136547747
1136749611
1136792133
1136998817
1137061487
1137100644
1137299009
1137697325
1137714623
1137822146
1137836091
1137837457
1137839994
1137840884
1142728259
1142728912
1142729003
1143130736
1143317307
1143482157
1143655038
1143690303
1143696899
1143768802
1143775335
1143821951
1143831186
1143838124
1143840767
1143861493
1143923241
1143923443
1143946891
1144012331
1144060309
1144063518
1144083109
1144286512
1144372962
1144417740
1144546752
1144563404
1144564362
1144609798
1144644862
1144645001
1144656155
1144658356
1144677086
1144767614
1144804850
1144828510
1144909886
1144991309
1145124602
1145307152
1145552033
1145761558
1154751691
1154779707
1154800670
1154859650
1155120444
1155122122
1155131095
1155141177
1155160907
1155172554
1155286214
1155302557
1155385670
1155430043
1155440653
1155454887
1155474933
1155509906
1155511193
1155521102
1155535849
1155535881
1155569363
1155580072
1155596824
1155604422
1155606444
1155607688
1155609374
1155621068
1155628021
1155757663
1155769843
1155773843
1155774414
1155785940
1155789070
1155811303
1155811939
1155860032
1155867891
1155969382
1155970573
1155970742
1157504919
1158072282
1158073035
1158087242
1158089888
1158102046
1158102120
1158103510
1158103671
1158106506
1158111913
1158114152
1158133141
1158133306
1158133379
1158137862
1158138423
1158153015
1158172416
1158185323
1158185398
1158205852
1158219821
1158219840
1158236790
1158238075
1158243516
1158248732
1158254263
1158305707
1158324434
1158324447
1158324538
1158331313
1158334100
1158365837
1158483417
1158567767
1158642934
1158667451
1158668223
1158685248
1158689915
1158693422
1158706041
1158706225
1158708126
1158708151
1158713111
1158734676
1158753878
1158782811
1158810017
1158812573
1158850203
1158853125
1158853924
1158857719
1158857771
1158858623
1158860791
1158866172
1158878183
1158905692
1158909352
1158909532
1158927115
1158927243
1158929573
1158930566
1158930972
1158937078
1158942246
1158945793
1158967634
1158968132
1158968530
1158984356
1158991446
1159038736
1159096288
1159134813
1159136536
1159144953
1159424575
1428441783
15
1500
1846063020
1949121499
2000
2249731473
2344608023
2498582571
256
266
30
300
3000
308091040
3121014666
3205930904
3214067892
3223493244
3224635597
3225015839
3225330731
3226421937
3226500434
3227100740
3227566672
3227796590
3228029968
3228597997
3230158230
3230199109
3230343388
3230492348
3232512715
3233301074
3235013782
3235043499
3235114425
3235155316
3235231488
3235283622
3235535112
3235630465
3235716422
3236006988
3236169958
3236233531
3237509419
3237750726
3238787265
3239965692
3240138080
3240239712
3240286050
3243090784
3247921696
3257398882
3257602011
3261861632
3264137104
3265839710
3266024262
3266063246
3266318916
3266375931
3267643130
3267675933
3267721062
3267744559
3267781199
3267849678
3268139432
3268605040
3268889550
3268937139
3269116474
3269302056
3269546050
3269640187
3270266655
3270409160
3270702602
3270932937
3271627874
3271739264
3272042006
3272187820
3272226602
3272270119
3272845980
3273021555
3273096105
3273201400
3273304730
3273886446
3274397232
3275103514
3275357278
3277720746
3278950054
3325538511
35
40
4038596693
4103632476
4282818844
452173207
459490731
491040570
5
522
55
768
839534226
953956968
