102980705489780
104628363092931
105905759274105
107860653556069
107971382030130
108170957416094
109114911489172
110910461708803
111332414057704
112846869967146
113887269618745
116967254640338
12103676745934
123176609308964
124091272523430
124488182661419
12791640951718
130274029752512
131878257721552
131979655825354
132992347781283
134632255767227
134831024351070
135432623945630
137971744926019
139315149871765
141841626368058
144165622202971
147613649563669
147778574245031
149463034143830
151221002138273
151508070943428
152420425556825
158695145906443
163875834372241
164256606491139
165499376380517
169444238102848
172372112972610
172577124087781
173378701919638
176208864101603
177970944832439
181698488001281
18182289702738
184849692557090
185670760452528
185766774930972
186095902690375
187095531263674
188903810207789
190275204724039
190900599810185
190993267158794
191181185813812
191879097109850
194074092995723
194226660960751
195463784564750
195999153617904
196655360340449
196800087258727
197627740961676
198583059039036
201838163632449
201948710699328
20339857808349
204155011425751
204681512013157
207626611793382
207709691930399
210054881892999
211499524407594
211802802058289
212715069919177
215500919135276
215503402902965
215931795752459
216403855480351
216643826739026
218346746059202
219677466431378
222831778784984
226238828803176
228643552364874
22882524097674
234086551199886
234520716305333
23531113450011
23539184035933
238160595349179
238860956046310
239532082603830
24072122252884
243538564848175
246325036482660
248210539700484
248518743889428
248676323253817
249281704971288
25157446809521
25223309939852
253636205088177
255629052919189
256199147049634
260427619730371
260610944512619
264933543810647
266609506673723
266981363954047
267782794426817
268421715789251
268779080899750
270366115295149
271075214194508
271363801879609
272885014680918
273279279737023
274186815956279
274290097774951
274447553423952
275347129693372
275421524867070
278082603507385
27951261050343
279534070033182
28486853710333
30245646697796
31232410136414
32324341129951
38673812092584
39451933733570
40582540457722
40956508003033
48946007243213
56300862397284
57855304305752
59633686556665
60220108213051
6284919522236
63192797336637
63905674355967
64992627071823
65076531416372
67734272534689
69849414435748
72280365469855
81508944158916
83668211394157
8407921198549
84910160876079
86661275570167
91926021987862
93158458168827
94132220284660
94409387479608
95680921335890
96060184499687
96345662459179
965024491786
97364544454005
9865677370950
99096971354856
99105293615167
