1283798673
1298669199
1480279095
1509922568
1581114467
1662706013
1716382474
171855320
1725358948
1769477621
1792072187
1820963642
1984658099
2057025202
2098858078
2171771163
2177650965
219278876
2205163437
2274029019
2277590354
2291478420
2335986743
2367294073
2466168823
2491474737
260479858
2611552145
2617309833
2699131277
2734796531
2827445443
2896443207
2896998154
289757767
3102205527
3167334498
3240959026
3344126207
3365526835
3426133069
3445840169
3561688449
3571914205
3617552765
3837612447
3922682358
4046357692
4090780989
4239592714
472447336
617146618
617481651
647661906
719628645
746285853
768469962
788668101
958512249
