1015025415
1016909825
1026709547
114871164
1169336303
1187361931
1397436999
1471581431
1485869188
1489903785
1526199111
1554663416
1560176669
156893441
1582627063
1600681892
1709378308
1765113161
1769953289
1805750693
1817583540
1830792077
1897333573
19368834
1952439021
2068904387
2117079538
2131107839
2139643530
2155676313
2184925170
2212473904
2260110399
2276977798
2416870960
2450554530
2489019752
2521173890
252483667
2534672467
2568900558
2587637216
2695883509
2712455033
2750929128
2756617443
284438861
2875787945
2877352925
2892854666
2963800175
3019506735
3050239097
3061564521
3139907597
3162076724
3203063572
3271589587
3308473714
330977162
3311233961
3323791727
3414910885
3427765421
3497855288
3525754955
353887190
3594649481
3601937449
3648991040
3655507616
3738228542
3787323221
3799459576
3901862099
3903692777
3915074463
3921045293
3928806547
4049005124
4066981891
4075074147
4150614895
4164129749
4172261211
4186634022
4212208169
4271894746
4291879561
456983979
489084320
512124189
548224270
576887852
605721731
609014015
686217596
719104388
750740380
766961739
768414974
789013079
815254295
83420438
863879731
973957594
980373448
