1034919480
103854387
109177921
1111800195
1121606822
1164588799
120658888
1320773077
1323913188
1338782516
1342015903
1452595692
1549833783
1605817930
1624342094
1661964507
1699510478
1765953355
1787041237
1919548312
1950831847
2120312500
2181467562
2185576015
2204265749
2228289279
2248276419
2305616139
2385897568
2408933453
2497884015
2570228793
2572162099
2602623478
2633629855
2709616525
2722316223
2787423881
2789767439
2802436506
286940094
2881357274
2893568734
2957556403
2988825070
2997920119
3079635047
3117457753
3172810586
3197127336
3265526416
331312472
3327727470
3334077405
3363788638
339501548
3477421593
3489123037
350624842
3540946205
3557074319
3588355822
3595640820
3641082963
3671592777
3706909521
3764876839
3855541739
4086787884
416115599
4174374252
4235404760
4248515922
4271126446
436165378
448911218
481803187
587230086
605700980
623923841
745601021
781876959
803698578
85290880
879069064
940672990
