1000081551
100225552
1006715236
1006990168
1011217566
1011241103
101576895
1016274010
1017659273
1018555203
1021561427
1022077824
1022833874
1023131354
1027742588
1029424099
1030602806
1031245935
1032911783
1035222322
1037733005
1038489352
1038798837
1040261413
1043317693
1044190773
1044735902
1044921686
1045837794
1047563792
1047749411
1048596930
1050182336
1051203987
1053690619
1054985214
1056781027
1057721228
1057838251
1059492130
1060254715
1060951747
1061268137
1062152271
1063410979
1065554261
1067472640
1068644160
1070162737
107136095
107310515
1073459801
1074578928
1075263857
1078139769
1078176307
1080484793
1082291997
1085526494
1086554273
1091153388
1091703908
1092314061
109317421
1094147743
109677745
109896621
1102011703
1105108342
1105234402
1105791602
1108083822
1108670227
1109502587
1110184899
111043157
1110505649
11112219
1111909919
1113574182
1115019847
1125205171
1127400281
1127411550
1128569618
1129090983
1130955577
1131288359
1132892749
1133013679
1133830547
1135207376
114076366
1141471882
11418792
1142304656
1143286117
1145170595
1146717913
1147320178
1150243659
1151694643
1154025216
1155981427
1156220614
1157309019
1158020853
1159035519
1160471059
1163742103
1166925355
1166991478
116735148
1173925105
1175180923
1177027447
117845173
1178929281
1179253027
1179585736
1181888283
1182924966
1183953692
1184121322
1185074619
1188020206
1190525722
1191169644
1191385581
1192576326
1194677254
1196067021
1199616797
1207563527
1209815212
1211170896
1211494959
1211873025
1212208707
1214408956
121444442
1215902486
1216234785
1216997334
1217238116
1218811066
121894180
1220974451
1223092973
1223238595
122435632
1227170924
1227698596
1231556452
1231674343
1232798463
1234391901
1235216683
1235534600
123679633
124118087
1241248084
1242222287
124252604
1242693644
1244128150
1245132969
1246757169
1247283874
1249373796
1253496165
1254097185
1255600320
125786202
1258440391
1260082787
126275764
126333919
1266463627
1266852781
126960500
1270428722
1270521722
1270686866
127251762
1273056242
1274954054
1275288381
1275687309
1277588219
1283291656
1284263606
1291017377
1293492262
1295750483
1298157499
1298304279
1299300771
1299514293
1301380346
1303867150
1304139549
1307782093
1310017942
1314206448
1315238119
1315564750
1319335854
1321046265
1322623177
1324879952
1331048337
1332261111
1333638350
1334111009
1336559051
1338091120
1338449217
1341261639
1344256031
1345146828
134523053
1345609638
1345953324
1346329357
1348697043
1350660132
1351431093
1352911354
1353402547
1353723781
1355056347
1356492694
1356793304
135752196
1359775290
1360128069
1361772468
1362042556
1365716572
1367076948
136835010
136947403
1371287172
137133766
1373079348
1373316696
1374195357
1374235963
1379298632
1381500359
1382066969
1383092767
1384877874
1387403444
1388326909
1392646987
1394315176
1394830520
1395013014
1398034252
1401283972
1402654166
1403645483
1403759963
1405283955
1405530551
1410079105
1411664980
1413488753
1415029935
1416169022
1416434086
1416559489
141712387
1417300849
1417502459
1420029770
1420503368
1420771500
1421456317
1423652042
1424852843
1424949016
142618604
1426564006
1427504647
1428665351
1428899640
1429759018
1430495324
143491903
1435596476
1436183249
143685251
1437953323
1438062096
143964299
1440873445
1441010022
1441852038
1442686493
1444587464
1446646889
1446783864
1458336542
1460538789
146086729
1461322187
1463462219
1464288110
1464747383
1473071465
1474318243
147473682
1477067171
1479483151
1479683266
1479881617
1482622094
1482963488
1483575658
1483912682
1486536314
148872606
1493329817
1494645690
1496376616
1500559314
1503939085
1504241744
1504492183
1505771080
1505864805
1509179805
1509397042
1513410551
1515225577
1515333778
1516535071
1516943403
1517613664
1517798817
1518822400
1521163146
1523437283
152427150
1525810269
1529295291
153007441
1530151615
1530425064
1532345032
1536085284
1537921688
1538656778
1540700210
155028118
1550554267
1551295519
1554181341
1554531727
1555673075
1559306224
1560833994
1563080921
1564292092
1566795605
1570200445
1572204662
1572937373
1573262521
1573778992
1574384972
1574512522
157727443
1578088279
1579125430
1580847416
1581744539
1585189249
1585769117
1586941028
1587564683
1589044071
1595140100
1595693367
1598609738
15996935
1602224474
1602731658
1603059607
1603336765
1604251702
1606625897
1608119097
1608171207
1608599456
1609955790
1611133737
1614492775
1617467734
1618040373
1620395699
1621296132
1626542010
163225783
1632937645
1633733842
1634482684
1635135399
1638317758
1639050935
1640286934
1642082420
1642411370
1643630807
1645956101
1646000970
1647007433
1647613114
1650596642
1651811283
1652589979
1653009548
1653169121
1655707939
1656236030
1659408865
1661997402
1662350811
1664344564
1665797577
1666081403
1667511476
1670877844
1671148592
1673878095
168329653
1683392160
1685311719
1686120270
1686567493
1686759918
1688194371
1688734111
1693789748
1694089949
1695683394
16990607
1699367799
1700444922
1700594736
1702360108
1703786338
1708074366
1710935806
1711974913
1712973943
1713018455
1713270716
1714912372
1715227172
1716308892
1719419214
1720160172
1723952771
1725431538
1726492453
1727045519
1727957896
1729081729
173493693
1737345803
1737441525
1739274673
1739514814
1741074774
1744532432
1747820116
1750546989
1750626723
175127817
1752095080
175413870
1754565826
1755094037
1755348918
1761103552
1761949026
1761997230
1762129860
1764325301
1764574814
1766164948
1767333607
1767908142
1768346134
1769849120
1772832403
1772942767
1776698343
1779264403
1779471146
1780091178
1780674261
1781457155
1781933546
1784424856
1790978950
1791866573
1801920412
1802298973
1804995456
1806251981
1807381153
180968414
1811054033
1811321392
1812049207
1813237072
1813425650
1814252198
1815193236
1816342986
1818005948
1818767547
1819230607
1819377807
1821152299
1823009494
1823037175
1825032535
1826763225
1830117197
1834110907
1834301132
1835848098
1836077418
1838427857
1841640839
1843346707
1843907256
1845015517
1845480190
184886473
1852261644
1853961612
1854365615
1854594621
1856305044
185672659
1861379904
1863891178
1866505700
1869825474
1870787994
1870893075
1871730607
1871951001
1873211251
1875022525
1876418388
1877403910
1877636439
1877953412
1878495821
1878558417
1878678996
1880084035
1884936452
1889604055
1897322930
1898279517
1903308320
1904113937
1905253275
1906070178
1906232976
1907953871
1911697483
1912718802
1913348275
1913758216
191914616
192109056
1922408395
1922456461
1925821565
1927453241
1928383942
1934636875
19357203
1939203665
1940792889
1941356466
1941917147
194214782
1942249206
1943165214
1944879454
1948183078
1948282491
1949875686
1953138612
1954441702
1955976302
1956351867
1957522149
1958138240
1960468308
1961708878
1962696807
196425172
1965803775
1967968071
1968331556
1968841542
1969522348
1969635166
1971106090
1971514378
1972647399
1972674181
1973304655
1974383860
1975070788
1976614277
1976625389
1977519949
197779311
1978437426
1983641139
1986114465
198749776
1988832203
1988841761
1989063898
1990107541
199374865
1997304808
1997445327
1997554221
2000039082
2004049201
2006177624
2007637386
2007689497
2009761767
2009841522
2014320412
2014649495
2015154409
2017899033
2020237788
2020605521
2021425770
2021796309
2023586719
2024862124
2026534561
2027339381
2029135311
2031155999
2034326179
2036507919
2037200328
2037725657
2040764787
2042266021
2043005618
2045412186
2045854808
2046101679
2047707036
2047912267
2047920182
2050865816
2050888910
2051857209
2052279758
2053997204
2054217693
2056635220
2057534406
2057745403
2058435481
2062603685
2064019596
2065609235
206684505
2067409023
2067490554
2074428318
2075664536
2076608145
2076699386
2077074595
2078549284
2080252851
208029021
2080588248
2080921065
208109763
2081139232
2082068855
2083631179
2085775990
2086899928
2087835462
2088534548
2092398901
2092454312
2094107119
2095514573
2096307778
2097898305
2098540647
2103500682
2104468535
21052847
2105515312
2105624552
2106410530
2106444278
2106482647
2106797850
2110932174
2111822463
2115508079
2118662096
2119471089
2121165841
2121343874
2121366316
2122501866
2123054241
2123605066
212463135
2124951289
2126722856
2128247755
213037690
2130638001
2134581665
2135394872
2138830418
2139944400
2140423504
2140537224
214176696
2148461424
2149198942
2152662504
2155583501
2155599291
2156271847
2160322951
2161620908
2162667387
2163585615
2163914623
216546343
2167138583
2167723303
2169210463
2171361908
2172051670
2172272154
217497023
2175047762
2177383840
2177582699
2177730944
2180140090
2180574013
21811120
2181693523
2181823912
2182453263
2182938877
218414867
218415224
2184459874
2184798994
2187945406
2189170991
2190577908
2191479168
2193795115
2193897495
2194308123
2199902294
2201845839
2202062050
2202260226
2202491559
2206056258
2206477597
2207087250
2209177769
22103486
2211038091
2211861669
2212549807
2213759325
2214486518
2214492835
2215055136
2219751796
2220260249
2220366514
2220385938
2220514018
2220534867
2220998081
2224530081
2225826730
2225960081
223351796
223400843
223457460
2236956767
2237043852
2237294570
2238647161
2238648755
2245190305
2245663491
2247253644
224776478
2249551046
2249816460
2251848838
2252743179
2253082002
2253147605
2254009449
2254179322
2263016104
22633086
2263351315
2263528697
2263994314
2265266294
226762659
2267850760
2267977206
2268168210
2270868720
2276962310
2278756602
2279243234
2283192043
2284565939
2284913004
2285631337
2285888598
2286835328
2287368604
228837636
2290492347
2290495204
2291602694
2291723641
2292577099
2293515926
229540540
2295559676
2296139225
2297751079
2298056745
229890126
2299253936
2299715186
2305494120
2306106858
2306148962
2308155325
2309052122
2309466124
2311229184
2311535353
2316192886
2320986337
23213981
2323198765
2324805429
2324959934
2326703724
2326931082
2327076217
2327105823
2330090101
2330358950
2331534739
2331819630
2334309674
2334388642
2335959853
2336037218
2336982765
2337419558
2338081203
2339104252
233957498
2339692729
2341866646
2342842951
2343616501
2345050673
2345349524
2345511102
2347155072
2349382092
234996460
2356229244
2360904383
2361265602
2363073836
2363259141
236532828
236589127
2367871494
2367987074
2368641806
2368808675
2370244053
2370707424
2370835517
2372291649
2373712924
2375901897
2376428506
2377933679
2381208257
2382807374
2387259278
2387771533
2389572310
2389719625
2389881439
239097896
2391149150
2392628376
2395534233
2397279435
2407124018
2409118452
2409964675
2410087371
2413385750
2414768266
24148052
2416180337
2416527771
2418920227
242439898
2427441167
2428022362
2428422116
2428980880
2432237882
243538639
2436267979
2439035430
2440894321
2441678190
2444588836
2444823125
2445505737
2445744565
2446047931
2448655090
2450740940
2452107684
245247791
2452971601
2454100321
2455712223
2456565887
2456770634
2459157125
2461097373
2461492407
2462119424
246422209
2464695850
2465716323
2467309635
2469038739
2470024400
2470375227
2470471320
2471129576
2471708805
2472858097
247295802
2473133903
2475354911
2477531438
2478926552
2482060932
248378299
2486335596
2487597561
2488241933
2489216804
2492112953
2492558212
2493648124
2493693208
2499498929
2500168604
2500825215
2500933016
2502858632
2505727691
2506210253
2509483120
251326942
2516713723
2516859563
2518815273
2519057202
2520548848
2521099230
2522909667
2522990085
2524238680
2524836545
2525886357
252725139
252783652
2530161344
2530235588
2530632338
2532227397
2534851393
2536813055
2539842094
2540563714
2543265969
2544980295
2545411130
2548641441
2548871252
2550998323
25529082
2553386110
2553656951
255692494
2557590164
2558136010
2559203362
255931817
2561346140
256332569
2566814162
2567848957
2569684150
2573600454
2574029820
2574225499
2575735485
2575899698
2578849685
2579100053
2580362414
2580560373
2581912861
2582596096
2582784472
2583326236
2586566382
2586694955
2590169961
2590282387
2592131116
2596185629
2601656087
2601665422
2603585919
2604822962
2606385346
2607144359
2607253635
2608381578
2608558301
2608915090
2609454114
2610035175
2610249266
2610631594
2611768581
2614655269
2615914294
2616870514
261763286
2617938337
2617940101
2619544005
2619938308
2619939007
2624729617
2625325134
2627075141
2629148208
2629455411
2630143059
2630836237
2631333775
2638851626
2639737884
2644010277
264463098
2644847510
2645431430
2645930594
2647729855
2648289700
264886640
2650832144
2651201178
2652398923
2652628728
2653169477
2655195694
2660492952
266140756
2666067786
2667519878
2668891326
2670645562
2672115669
2676623546
2680381704
2681739240
2683348261
2683601783
2685727990
2688505485
2690428119
2692637473
2693162881
2695194386
2697405057
2697594678
2697856532
269850508
2700239063
270106995
2702000082
2703084713
270512855
2705391125
2705806344
2707488464
2707717393
2708645163
2711702370
2712853676
2713249230
2718263858
2718352235
2718555649
2722786698
2724485793
2724699170
2725983008
2730248671
2733989922
273469281
2737199464
2739419191
274581346
2746477049
2747734307
2749855788
2750522591
2753449878
2753814567
2755241676
2756775087
2756843811
2758502359
2761103824
276370423
2771995049
2772098231
277382048
2774536920
2778409691
2779051909
2779521065
278021911
2781812752
2782862518
2782943798
2783232572
2784634839
278499316
2787994531
2788552612
2791681923
2794399360
2796375832
2798074285
2799488903
2801068952
2801297088
2801572110
2802309475
2802508858
2802833468
2802871211
280312125
2804069267
2804793044
280486418
2805814392
2807597367
2808090253
2810389447
2812828626
2813163550
2813410381
2816251009
2818875604
2818961510
2821694009
2822210253
2825781649
2829596839
2830014887
2831235781
2833144324
2833471427
2833575804
2834133993
2835473595
2836998196
2837722690
2839451715
2839811820
2840078613
2840382842
2841311216
2844222455
2845588810
2846320369
2847049368
2849979024
2850240290
2851919313
2853353763
2853666586
2853804862
2857539993
2858251613
2859940933
2863225664
2863612913
2865492800
2866017753
2866228545
2866344224
2867466534
2868010134
2868128082
2870830481
287150230
2873878109
2874739233
2875780297
2877359938
2878190814
2879931675
2881148376
2882065563
2882813595
2882913978
2884727164
2885554009
2885556540
2887865215
2887916400
2891772246
2894053024
2894582531
2895171777
2895247224
2897804483
2898750383
2900367854
2901549392
2905065732
2906824064
2907331884
2907795464
2908588918
2909441506
2911946281
2912414962
2914427213
2914513412
2917220831
2919054591
2919090206
2919311422
2919414306
2920111695
2921396747
2922428356
292298390
2923849185
2924498057
2926512504
293090459
2934642243
2936794664
2939438153
2940542290
2942272223
2943241266
2944971339
2945607938
294728582
2947374118
2948432534
2952773670
2954128183
2957414471
2959599165
2961319103
2962295694
2962423519
2963120888
2967210369
2968871893
297092079
2971183523
2971972944
2974277742
297458242
2975646528
2978391681
2979763525
2980089938
2981040473
2982022854
2983842489
2983960980
2984119466
2984230861
2985920129
2987176358
2987744174
2988475546
2989538003
2989609710
2993940640
2997400294
3000315411
3001181409
3001867288
3003858758
3005858449
3006608563
3009828987
3011744052
3012042264
3013191499
3013360974
3014541594
3016574032
3017617952
3019407970
3020060284
3020869776
3021413068
3021565543
3024987242
302632301
3028810063
3028854459
3028931679
3029319514
3029388055
3031878268
3032280485
3032365590
3033390626
3034640382
3035590448
3037317767
3038963711
3039724685
3040578479
3042040042
304275287
3043987072
3044314630
3045856451
3047083217
3047193575
3049806694
3056264119
3056693414
3058195394
3058525155
3058632725
3059952985
3060646645
3061127246
3063110785
3064303838
3064308920
3064393210
306703436
3067638905
3070281681
3070960798
3071397033
3073424554
3074066132
3074507353
3078378177
3078639049
3078669716
3079567323
3083445707
3084253997
308775768
3089369830
309282695
3093023093
3096401630
3096527982
3100167014
3102483128
3104291032
3104476475
3107017544
3111631003
3112418591
3115386854
3116235991
3117169676
3119360591
3124427971
3124556372
3127625071
3129928695
3130491885
3130775371
313124390
3132414916
3134502332
3136674323
3137883658
313794394
3137983325
3139559635
314299323
3144142638
3144276574
3146474570
3146523884
3147163189
3147372207
3147609094
3147765187
3148191039
3148529294
314853900
3150467922
3150592096
3151890899
3152033874
3155921367
3156893564
315769868
3159383016
3160657320
3160750463
3163229326
3164917337
3165546810
3166099849
3167259714
3167559250
3167598942
3168181285
3171407383
3171715910
3172808273
3173495484
3176087776
3176152022
3179064108
3179076327
3181711456
3182885027
318384635
3184600142
3186023188
3186637495
3187507249
318814800
3195696064
3195991689
3196691950
3197045334
319731454
3197816637
319787822
3201146512
3202103499
3204107552
3204603247
3205346055
3205449449
3207739797
3208062612
3208801145
3209535559
3210973893
3212814512
3215481159
3217277995
321780305
3218238448
3219853298
3220889252
322218627
3226589093
3227196110
3227351908
3229295039
3233206748
323845928
3240306466
3241893604
3244900832
3245295401
3246881063
3252467479
3253430062
3256414241
3256452752
3260337755
3262070802
326488760
3265706138
3270304633
327112573
3271283262
3271766533
3274101505
3275878265
3276930866
327697388
3277102733
3278223175
3279025987
3280168761
3280421075
328124523
3282085243
3282783678
3283204441
3284909537
3285062539
3287111930
3287519688
3288515178
3294081923
3297132414
3298360937
3299606143
3300774660
3300861350
3302214043
3303772844
3305292670
331141233
331342856
3314124660
3314191137
3320534757
3323008714
3329633518
3331681676
3332070148
3334567311
333568587
333781148
3342437693
3342757113
3344834336
3347002330
3347468107
3347915846
3348127326
3351172350
335214083
3353692000
3354975294
3356568475
3360460427
3363075084
336961311
3371010842
3372313356
3373324338
3374610543
3375624738
3376207441
3376321637
3377664370
3378143329
3382474466
3383087061
3386168746
3386461358
3386809119
3386869100
3387042769
338738093
3387414402
3387741132
3389279372
3392118096
3392184428
3394588525
3398062998
3398755061
3398926449
3399705616
3400849305
3404155230
3412856561
3413339533
341354509
3414041813
3414109105
3415896510
3416046640
3416540529
3417340543
3417611990
3420040492
3424866811
3425187297
3425818243
3428489779
3431830578
3434730822
3438019168
3440461725
3441304745
3441751341
3444497596
3444760478
3444806072
3445093008
3445691918
3445795179
3447191892
3451284792
3452586747
3454488432
345531504
3455335861
3456260527
3456812597
3457494838
3460395003
3462026150
3462174835
3462455809
3465390704
3465457963
3467455558
3469566332
346978979
3472876923
3473572526
3473607810
3473843095
3476541250
3477496965
3481204568
3484807252
3484918084
349199058
3494445643
3496683312
3497589619
349792221
3498007339
3500428597
3503093935
3503460463
3503810948
3506250639
3506714143
3507008509
3507976884
350804208
3508472206
3510557888
3513722627
3520164920
3520339662
3526862535
3527280120
3527631823
352768274
3527865872
3529628743
3530431753
3534027998
3535921110
3537897195
3541323555
35460803
3550705500
3551863662
3554866308
355577477
3556585528
3557217951
3559445604
3561253268
356183832
3562359913
3562857985
3564391163
3565198629
3565234749
3565729584
3566719437
3567310419
3572335819
3573805454
357446342
3576997079
3577538007
357841411
3582025720
3582919687
3584199726
3585697377
3586068755
358779748
3588874648
3589598353
3593249526
359354105
3594286457
3594928089
3595825367
3596147929
3596609678
359854969
3600066389
360059832
3601088754
3601906363
3602257101
360260585
3602693699
3603912494
360760415
3609726767
3610080442
3610087576
361039225
3611766800
3625145074
3625180126
362629125
3628362007
3628636213
3632587529
3635473609
3636765044
364051193
3641131867
364485189
364571147
3646131253
3646700682
3646936877
3648335140
3649004
3650727895
365157260
3651694420
3651987247
3652802526
365285527
3653658779
3655138415
3657613137
3657688272
3659916218
3661712246
3661802765
366181188
366267678
3663549991
3665111211
3665438821
3666336659
366778765
3668262813
3670326675
3675827054
3676144590
367748667
3679337961
3680076334
3682649462
3683247928
3683336591
3684111328
3685692874
3690329874
3690385177
3690984179
3692152994
3692434523
3693916519
3695302964
3696812394
3697017929
3697373355
369936725
3702251427
3703010754
3705286214
3706030999
3706195143
370933818
3709580805
371032558
3711480484
3714187987
3714392269
3716986263
3719206420
3720818075
3723765462
3723832117
3734696316
3734881431
373579544
3736121097
3737216922
3737987946
3739070528
3739318583
3742455396
3744702640
3744789974
3745820773
374681774
3748358369
3748375730
3748625786
3752331078
3754607573
3754695262
3755045136
375510848
3757491782
3757570519
375898622
3759693169
3761473249
3762289974
3762759787
3764735584
3765393341
3765900667
376631724
376819625
3768366998
3768865555
3768887086
3770022688
3770338780
37750842
3776066538
3777108792
3778026324
3778920771
3781204042
3783078714
3783326648
3784949927
3785494970
3789518940
3796090624
3796634680
3797597029
3798172423
3798670184
379883768
3799104133
3800614701
380166535
3804788105
3804929632
3807409410
3807900738
3808836626
3810161405
3811033434
381373697
3813933965
3815588278
3821962608
3822241368
3824245907
3827433065
3829271531
3829973096
383145808
383277042
3836006587
3836554846
3838788630
3840361273
3842927464
3843627384
3846244812
3846604433
3847232772
3848166821
3851707846
3852974345
3854035764
3855525327
3862796624
3866363051
3866381594
3867633614
3868361345
3869500848
3870509693
3872006956
3875893795
3877370817
3877778443
3877869322
3878314814
387992415
3879968489
3880388827
3881562625
3881939256
3883281530
3883881386
3888935622
3889686394
3890125119
3891554187
3891648337
3892817883
389284644
3893042837
3896158412
3900711615
3902200800
3907063944
3907412268
3908038356
3908242509
391139097
3915062022
3915613350
3916012699
3917068259
3922783159
392314453
3923495986
3928111311
3929202494
3930501897
3931272322
3933749999
3935375201
393811759
393903593
3939217522
3939656367
3940496598
3940645291
3942637752
3944590044
3944962081
3945024312
3945958414
3946421947
3947448130
3951434240
3954552842
3957210544
3957958491
3958564426
3959065352
396127859
3962204696
3962620697
3963456936
3963901585
3967528355
3968295097
3968817322
3969081459
3969744138
3973169754
3973186469
3975513748
3979112503
3979915068
3981001031
3981911708
3982141532
3983600139
3986286848
3986412503
3986722606
3986939577
3987727546
3991825232
3992465984
3994105043
3995144674
3996998562
3998493472
3998535559
3999037575
3999194370
4001602967
4002575699
4004483215
4004702009
4008561471
4009271062
400960945
4009835229
4011196767
4011358771
4012050831
4016358893
4017551552
4018959000
4020405325
4020826135
4022264076
4023105088
4023222585
4023271179
40270297
4027084322
4031267809
4034135336
4035016679
4035684404
4040080769
4041107589
4044957195
4045175606
4045258701
4049006042
4053276219
4053688335
4053983523
4055412726
4056109025
4057797978
4058534368
4058782365
4058959372
4064653417
4066880484
4067282078
4069591199
4070781292
4073772721
40768711
4077546361
4077680537
4080596494
4081212390
4087306894
408971258
4093077762
4093713388
4095589185
4099427623
4100659825
4102768617
410421124
4105288254
4107180095
4113130158
4114300808
4115533277
4117217580
4118534144
4118876081
4119894584
4119980313
4120042360
4121598760
4121985853
4122427409
4122441456
4124874882
4125087017
4125131675
4126274937
4133290421
4134452487
4136707184
4136938955
4139465573
4141175124
4141842486
4141931318
4143571262
4143644115
414373605
4144281494
4145009491
4146159647
4146259223
4146742063
414767199
4152403479
4153901890
4154443663
4159100231
4161052426
4161483383
4161623194
4166293558
4169131623
416919223
4169475981
4169623778
4169952013
4170778606
4171930096
4174548229
4175993042
4177217672
4177316978
417957129
4179839434
4179984164
4181535874
4183549882
4183770842
4184029260
418618427
4187725325
4187840798
4187894498
4188951950
4189113660
4189814639
4190154259
4190387383
419087819
4192326925
4192695919
4193501775
4198374442
4198390224
4199632272
4200228329
4206277024
4208776802
4210730144
4213495667
42168087
4217504134
4219553747
4222511198
4222880802
4228306413
4229289604
4230172882
4231331280
4231596461
4235477329
42364540
424175924
4243635224
4247932164
4247974314
4248775922
4251039948
4252024091
4253405617
4254035776
4254102458
4256149930
4256274205
4260008748
4263082428
4267563542
426805210
426925137
4269636732
4273258909
4275254253
427551511
4275580966
4277817826
4277838719
4281969750
4284321185
4286910762
4287163443
4289837314
4293423818
433356465
433785552
434426216
436562488
443162490
445574540
44840676
448851199
448971391
452862851
454545756
456556589
457214826
458551174
462035399
462156741
463413500
464793153
465139768
467041711
467418644
469036824
470354121
471115645
471247689
472188923
472561156
47263203
474521410
474609918
477229793
479681618
479845177
480276930
480834300
481490978
484965288
485827659
492741985
492962526
493301536
494533806
495179404
495978958
49885750
499718222
501908667
502253616
505837448
50765714
508946927
509741241
510695270
512893592
514117192
514355044
514795007
515939348
518761167
518939008
521728458
521747881
521899521
523274996
524807127
527228694
528152711
528175616
528514111
532402941
533508288
534860848
535722659
538435722
539975848
540564851
544274115
550069022
554934865
555831883
556169810
55903563
560649465
562629805
564251530
564269235
565386466
569482518
574134165
574608097
574719990
577314313
578082740
57828744
580632275
581202077
581523838
581962475
582857623
58448749
585684645
58808135
589048818
589126179
58936579
591200161
59175733
592032008
593349331
594806659
596016434
59894613
6018562
603065417
605913092
608969008
613397829
61716274
617221438
618477690
622840906
623861152
625939743
626626126
629951327
630409041
631646507
632650516
63267152
632893455
637983192
638015584
641879317
646765254
647126139
648514737
649617992
653824600
65390670
654702290
656010400
656237081
656889639
657825928
657998983
659830001
66050048
662101002
66389363
664633402
666459654
668786137
668879534
669260851
670150257
670845266
671804922
674945234
676410461
676599996
677831097
6790735
679320708
681552057
686475576
690662102
694568267
696780656
701417097
701545935
702359248
703328004
70353997
703821228
704322650
707935281
708882136
709069185
710183823
710488438
713525830
71602274
721094565
722882531
723635991
72568448
729624848
731496855
73258381
734359804
735598185
735804385
737467777
738700073
741153272
742642849
744815324
745979146
747452075
748650815
748762380
750046717
750608896
756273558
756431190
756550466
758225377
759260525
759333371
759636462
760388366
762943243
763723230
763961205
764810159
76536769
770872025
77344815
77689945
779969246
78074304
781786268
782376499
782954095
78431009
78517883
785924782
789737912
789887367
795528043
795782366
797447372
79807181
79905801
80134389
80588514
80808258
808157902
809106129
810983071
812427720
815900223
818397776
818886309
819062932
821154993
825575691
82579649
827481067
828472673
828705994
829038928
829166979
832985115
834747702
836229764
837120164
840706491
84082614
84158671
842430646
843951616
845582606
847630073
847885767
851110664
855720369
857310420
858036057
858855365
861293905
86803545
870944601
870983119
871024478
873707304
875429362
876295168
878490489
880061923
880596603
880919250
886946252
888405090
889165987
889419856
890831543
891591444
894301582
894807240
896280149
904047375
904633967
908050826
909301003
909863553
912573372
912886363
915927351
91740997
91930993
920066308
923623307
926588207
930743981
932968381
935217574
935901864
937405067
937759688
937769776
938960789
939533993
940113521
940125053
941974952
942655944
942948485
943246373
94471224
945687161
948412371
949555970
950564415
953055351
953355463
954267501
956067498
957550114
958133386
959285770
96230272
964092244
967519107
968096503
970122036
971231365
971552970
973373593
977907840
980095988
981444884
982328139
982815224
985470757
986598658
986846137
987694524
988091249
989078824
990167248
991992616
993513270
99421987
994353039
995733086
996418661
996799713
998571723
