1000677536
1003460411
1023557237
1031330609
1045211718
1067626162
1102106937
1215229926
123186411
1235929238
1322836082
1364381523
1406522279
1428326845
1455602879
1527598051
1596073496
1681305342
1682424268
1725019146
183368839
1835144124
1894792751
1895286315
192145042
1933247051
1945592693
1976711650
2088494987
2140071298
2186613644
2254719199
2307921574
2335774272
2343934403
2350269069
2358833906
2387673449
239349109
2440237697
2484574744
2566668443
2574245790
2583365757
2597435934
2598940763
2673362057
2804290726
2811802635
2863898402
2882649548
2907480867
2998304039
3023208354
3044489073
3060470008
3078933603
3123856339
3149828811
3156140766
3202649818
3240175853
3252710118
3316400591
3354906831
3470430364
3501418466
3516364362
3518751604
3622503365
3681079708
3691222312
3692901476
3724889423
3765579553
38127391
3815171796
3815638573
384655279
3877227146
3931207486
3949336412
3992412308
3995710111
4001264205
4057022575
4118538339
4244588535
4248259020
4251001342
4260925457
4293304598
463206042
470015693
529273654
532618282
602162800
739325808
75590744
866533519
8855752
896868223
925506389
951660274
959477350
