1001719753
1020063406
1055826230
1141078672
1145220088
1240014160
1333052304
1333852276
1353265891
1357995689
142513699
1509965058
1567259830
157783401
1607631007
1936101298
2059277682
213982960
2157672902
2189709430
2203144185
2229823151
2258462650
234852076
2368918132
2379354140
2384781239
2396964756
2485677155
2491502731
2516814520
2534100661
2609360991
2642231456
2710270702
2729574988
2794901414
2846371328
2869777967
2897746436
3145746284
3154367276
3161002332
3262025383
3279039161
3282939681
3291212764
3363830722
3368084558
3369179291
3411023838
3464721637
3472603385
351530845
3588667748
3606953892
3633120332
3638934558
3664251869
3667268425
3674156009
3706828655
3722336456
3778934402
3794947540
3849312509
385091364
3883092492
389361317
394722241
3949909234
3960928941
3971777360
3999506091
405098983
4052777310
4054470400
4117132483
4120959969
4139679802
4152126257
4155837533
4189777860
450591567
468708747
497384634
57336378
581952076
615743489
719597943
756909831
784114043
816737424
826674578
829417230
842751605
904995563
942047838
