109287451395680
109507413373528
115231201648554
120085594002014
12432438710412
125991759677931
125996026115980
133388691337782
133397691124599
137478209137738
151398103684408
152868950939066
153015114954032
171247343501871
174983450978687
178858262729454
181000854983085
194818037435009
196028178474406
20598744086660
210392461861876
219278645256855
230269793143152
231377136152044
232945424004605
250863871762659
251966059569080
256700022900899
258216527132312
259409237669232
2651237394756
269709685634297
277463858483080
35719387840192
37797982874905
39081516165307
40720462548375
41392815334582
4213972068516
50781934601487
54199803247769
65292995293959
65849221367071
72589314721843
72982674628633
80602360639966
88760227589967
98086359774288
