109287451395680
109507413373528
115231201648554
123023867008031
12432438710412
125991759677931
125996026115980
126821304205240
139413863631297
151398103684408
152868950939066
156150805310751
162786726972497
171247343501871
172914382329516
174983450978687
178858262729454
181000854983085
188282607417764
194818037435009
20598744086660
210926152605833
219278645256855
231377136152044
232945424004605
234764876379322
236622355030017
237349346721400
250863871762659
251966059569080
253305205782768
256700022900899
258216527132312
263712905963837
269709685634297
38752843202275
39081516165307
40720462548375
4213972068516
44606430411664
54199803247769
58216178226739
61164425401584
65292995293959
72982674628633
87385485299694
98086359774288
