100018398406407
100237050227349
100463030874665
101063726302444
102980705489780
104578733226880
104628363092931
104842981716964
105706066212410
105905759274105
107860653556069
107971382030130
108170957416094
109114911489172
110910461708803
112242392666632
113887269618745
113916079214598
116967254640338
117288026223065
120674456636298
12103676745934
123176609308964
124091272523430
124488182661419
12791640951718
131979655825354
132992347781283
134589616339179
134632255767227
134831024351070
135432623945630
144100457986306
144165622202971
147778574245031
149463034143830
150219278419062
15094045810316
151508070943428
153878546889807
158537507533296
158695145906443
164256606491139
166216037446165
169444238102848
172372112972610
172577124087781
173378701919638
176208864101603
17954714860296
18061210507617
181698488001281
18182289702738
183350082724227
183957747233965
184849692557090
185670760452528
185766774930972
186095902690375
188903810207789
188927730155495
190275204724039
190900599810185
190993267158794
191181185813812
191879097109850
195999153617904
196800087258727
197979288882349
198498632407302
198583059039036
19947951065257
202535649458737
204155011425751
204467236407777
207709691930399
210054881892999
210310671816179
210660712517371
210871341900186
211802802058289
213379731914434
215500919135276
215503402902965
215931795752459
216403855480351
217161739223041
220553028234101
222831778784984
228643552364874
22882524097674
234086551199886
234520716305333
23531113450011
23539184035933
236579509518952
238860956046310
239532082603830
24072122252884
240854499437478
242497311050976
24616817412546
248518743889428
248676323253817
249281704971288
25157446809521
25223309939852
253636205088177
255586599050062
255629052919189
256199147049634
260427619730371
260610944512619
260886470732357
261971776090646
264933543810647
265093633966559
26645221821860
266576237176793
266885693639801
268779080899750
26980289144724
270366115295149
271783071303657
272561832234322
274186815956279
274290097774951
274447553423952
275347129693372
275421524867070
27951261050343
279534070033182
28486853710333
29777196588340
30245646697796
30513927867197
31232410136414
37276166137274
40208573819979
40582540457722
40956508003033
41017562680728
4144868121307
46759915029823
48946007243213
49121209848153
51146077629408
53947718090189
53980397777349
56300862397284
57365608271605
57855304305752
59633686556665
60220108213051
6284919522236
63905674355967
64963390489852
65076531416372
67944938176078
69296411263480
69849414435748
7099954135094
72280365469855
7461367812113
81508944158916
81876206068368
82986824999115
83517354654704
83668211394157
83741041005809
8407921198549
86661275570167
91926021987862
92622592873604
93158458168827
95680921335890
96060184499687
96345662459179
97364544454005
97663010040981
9865677370950
99096971354856
99105293615167
