1018847446
104555805
1046459973
1055222461
1089117404
1089572111
1147903911
1174735335
1194098277
12066839
1209508480
1230507952
1237459140
1244661811
1266753594
1279307838
1286198471
1310596677
1334594492
1355242934
1368080338
1431276653
146265758
1476788558
1480381449
1505756081
1548700765
1562517402
1565669715
1595870754
1607754020
167459564
1676809095
1691723597
1708438266
1735894063
1763580964
1765189772
1780065909
1784659767
1803677323
1815599958
1816545762
1835643695
1842142574
1875196547
188074222
1906990489
1911479637
1918473878
1925401832
1939105317
1975115087
1978051051
197808050
1990560466
2009442046
2044342003
2045185644
2058039418
2075877706
2076374881
2106933763
2125234300
2154502815
2168950700
2169027885
2175637639
2184331354
21844660
2190061252
2213857253
2222500771
2225275704
2234551675
2246382095
2262856151
2266896512
227045416
227542388
2292908545
2297001597
2304898172
2336343413
2339513014
233967813
2369138098
2402010694
2403772726
2410730502
242538673
2429051567
2449705862
2453991459
2468066053
2470974355
2478015575
2480971207
249629907
2501597869
2536634230
254876332
2555391155
2598836269
2641082611
2645763793
2701720784
2705912386
2717342382
2757072921
2784123825
2804550558
2805370894
2855006172
2864813679
2891464840
2957384864
2961305967
2967413132
2980715154
2996887450
3026628183
303351446
3040306200
304807087
3133484616
3160353548
3168027446
3173863137
3184496333
3230709358
3248302261
3249588127
333475375
3389448539
3450919857
3468870807
3516724100
3519069939
352753367
3532270886
3539120173
3539479360
3561102049
3562636761
3564819014
3627782049
362991864
3639039822
3639363717
3650835347
3667920555
3678839929
3696028790
3745929189
3753926070
3754297578
3761984907
376526368
377832580
3781143548
3795916960
3803037545
3809838359
3819800566
3833800070
3865717716
3870611240
3880857402
3921319449
3936014326
3945421800
3961385772
3975577014
3976917564
398852454
3991466694
4032922473
405648111
4058352352
4129888335
4145641546
4208455608
4213197222
4232363608
4238668636
4266666977
4267331198
42765637
441756368
516364927
527798544
529541870
544275339
546119414
589701383
590833882
599213398
600738742
61475008
631327704
644363537
658963257
672665515
674058223
706716663
736757584
802876212
826618213
845367368
848256259
943560050
958181986
959350159
999689246
