101622980019261
102420771270443
104090827071291
109373729199039
1151931887918
12823855308138
128962863544359
1306161911079
13652558699295
142787766279581
143895406900272
144528252851947
146078037371344
158904067847008
160368874500829
165620290213440
16924624038970
171552536316006
171695480922276
172698187766541
184857808028165
185027118219701
187931845876541
195164082744349
195904904900661
196540437508220
200474441362416
20911060023682
210942553705122
211119871559845
211649104117424
214653548705706
215007370890325
220777635391599
228754787871709
23057465690235
235025267848899
242544380447377
251874196429384
263828710797738
268704233948147
274599959186181
279609157303350
280600217247105
29565806991727
30923143067568
33018942009807
40258068579270
46739640469152
55153162310393
56238782414220
58090987923905
62298000539923
66776002658539
67874122233601
73955274460102
83798470397976
84545568979026
84941288101153
92602491166043
96908482896044
9856978876242
