1015119371
1038940286
1040705778
108451400
1114253272
1234830431
1304673357
1327588050
1327645038
1363605621
1369490416
1378962022
1426589079
1481370281
1540745444
1542296117
1564906369
1587696235
1593160115
160704285
1636906152
169473122
1785053477
2000954991
2149766785
2261298329
2363962757
267153045
2713519460
2748325738
2800169152
2892766162
2964624915
3027240776
3073437159
3115539339
3163553578
3204097564
3328380279
3410696591
3558442593
3583459085
3618187232
3683309810
3791677235
3988307788
4016443700
4050801710
4269635959
465980023
528524296
546265409
698685934
734431443
791254865
88785417
913245863
922347065
929185986
957116155
