1002744794
100545985
1005806951
10067474
1008473121
1009323719
1010211138
1012810666
101307757
1015530454
1015531143
101748241
1018578987
1021292152
1021528694
1021828853
1023631132
1023832933
1024011532
1025549770
1030508490
1032345123
1032486160
1033755347
1037487225
1038068790
1042750772
1044147055
104430815
1044422672
1044645768
1051081098
1051293844
1052960165
1056749029
107019860
1070800574
1070978365
1072009796
1073086623
1073430912
107365209
1074675471
1075111660
1075200188
1075583601
1076709051
1076974830
1080004620
1085284856
1085730296
1086949548
1089241084
109125960
1091426680
1092502304
1093852779
1095664097
1095687343
1096992083
1097516158
1101300417
1101939991
1102568179
1103521010
1104867854
1106330935
1109118065
111195843
111404457
1114942234
112339755
1123783659
1125013735
1125529692
1126066359
112734316
1129373669
1130138453
1130286099
1130467343
1130766117
1139697161
114004114
1140047715
1142834931
1146618036
114701809
1151436548
115808709
1159315789
1160174705
1165451729
1174165980
1174334469
1176764264
1177015111
1178699897
1179425680
1180429312
1180871087
1180876734
1184362858
1186665068
1186793523
1187490952
1189089504
1190965232
1192893817
1195164722
1199320043
1200421007
1201172430
1201569114
1201760055
1201771558
1201798561
120262122
1205337503
1206735065
1208999148
1215010333
121613581
1216736699
1218130899
1219247200
1226225119
1228750485
1229521510
1230610430
1232384666
1233298080
1233406952
1233845474
1233871302
1235135622
1238011633
1240749471
1241713989
1244719420
1246341378
1248384399
1249378702
1249490790
1249848286
1255168798
1257448241
1258538318
1259260076
126035894
12632165
1263513931
1268537264
1269599980
1273630291
1273725458
1276024514
1276873695
1276946448
1280160531
1281930259
128376849
1283893260
1284123334
1284721303
1285310191
1285604867
1286174120
1286315282
1286368413
1288765218
1289163724
1289446677
1292274337
1296088832
1297639152
1297737349
1298116847
1298930496
1301069195
1301356560
1306192605
1308670851
1311711047
1312049681
1312099363
1312124706
1313991203
1319079549
1326950111
1329043216
1330752634
133075328
133096394
133371319
133372701
1335073553
1335784756
1340520010
1342379780
1342824710
1346008858
1347356215
1348900960
1349101334
135012253
1353258258
1356890359
135728607
1357315024
1365031299
136662513
1370864836
1372741987
1373535265
137482366
1377257680
1377406276
1378254709
1378545891
1379600029
1379842555
1381439004
1381715747
1385742924
138629456
1390969385
1399571491
1400754906
1403528614
1403659900
1411485801
1414794147
1415066213
1416404235
1416764402
1417688217
1419304238
1420876016
1422865968
1423579157
1423673491
1425054181
1425355471
1427588142
1428067487
1428312803
1428641940
1430633530
1431106625
1431600762
1433225369
1435945072
1440289102
1441562610
1442883543
1450326516
1452406842
1452737443
1453484667
1453814451
145578485
1455972575
1457687791
1459532104
1460990712
1463106231
1463328514
1464692681
1468431895
146907480
1470090711
1470830992
1471454331
1471891576
1472851170
1475083868
147649761
1478550368
1479487147
1482221479
1483048901
148410069
1484703679
1485992067
1491280297
1491477933
1494395031
1497545417
1504552941
1504960896
150576067
150607728
151162460
1512873679
1513236018
1513256511
1515363711
1515570343
1516104530
1517073376
1517084484
1519952229
1520094306
1521821431
1522162687
1522479132
1523669463
1525234908
152638152
1529440218
1532286854
1536389136
153675386
1541306358
1542887690
1543965511
1544229305
1545310675
154559534
1548589285
1548747446
155190161
1552867919
1553352975
1555035024
1560737573
1561962956
1562601643
1566614281
1569519923
1571685827
1572342679
1573054271
1573292663
1581464489
1582099253
1584496946
1585525279
1596362353
1599396535
1602325751
1602682127
1605587868
1609621912
1612860949
1613581342
1614098638
1614841059
1616465075
1621218013
162700051
1627013130
1628877617
1630540453
1631787026
1633735717
1635024006
1644387989
164665370
1646810404
164974535
1649951629
165319564
1654301625
1656767697
1658459960
1658927671
1659324109
1659653366
1660123026
1662484229
1662606972
1662703939
1665455242
1665846594
1666758619
1670289872
1671038828
1674506986
1680841894
1682306261
1683484226
1686004591
1688961252
1691420490
1692369709
1695242283
1695698194
1697149373
1697787930
1699767829
1700490976
1700972797
1702735174
1704435182
1706372637
1709543030
1710577448
1713359044
1714523118
1714710534
1718134128
1718207609
1718799856
1721491235
1726964200
1728021669
172831667
1729554248
1730457768
1731064625
1732337556
173768798
1739085129
174006520
1740377453
1741818452
1742171721
1744008424
1745253886
1745629949
1747835778
1748546088
1751297056
1751448088
1751653271
1753875077
1754879230
1757541659
1758717477
1760199594
1762265697
1762409395
1765789199
1767311301
1767504210
1768965945
1772754418
1772908269
1773902127
1776278442
1778348364
1779082089
177915033
1779768240
1779855519
1781379726
1782286766
1783066076
1783234033
1784787479
1785748692
1788608297
179076532
1791371992
179170604
179301794
1794034386
179609410
1798172575
1799894153
1802607296
1803753822
1805122326
1805731714
1807406529
1808093466
1809171796
1811015127
1811879840
1815587084
1817441870
1819868635
1820701690
1822145206
1822422569
1825300116
1825573999
1826254685
1828818016
1833516961
1833761370
1834496231
1836413558
1838407609
1839027181
1841014974
1841832398
1842372985
1843235409
1843274255
1848838323
184972575
1850920829
1852043488
1852819583
1855168653
1859483570
1859928628
1864747579
1868117105
1874979605
1877271003
1877330579
1883098775
1888746460
1888985985
1889499368
189219196
1892842337
189420119
1894656136
1898117274
1900803151
1900947116
1906698106
1909197402
1910512625
1919319293
1920393863
1920830518
1921497741
1921720701
1924508499
1934573544
1935336904
1936277378
1936679719
193704550
1938358320
1940336311
1940903309
1946026317
1946567430
1952008221
1952410186
1953919472
1957257351
1959473436
1959700764
196520855
1968174492
1968240956
1970025825
197128682
1971666964
1971676401
1973903022
1974814225
197969994
1986941595
1987225241
1987714377
1988661518
1990548668
1990586436
199079444
1993539916
1997172263
1997865132
200339044
2004444298
2005903060
201088683
2011334900
2012753574
2013475805
2015008199
2015515575
2015553837
2016302145
201977509
202191851
2022994431
2023497715
2024845137
2025144802
2028912120
2029212157
2034448994
2034472589
203616181
2038816126
2039380237
2039601124
2041023314
2042025582
2042341031
2044747603
2044983830
2047741787
2047800974
2047868437
2048005096
2049874647
2050895638
2052364098
2053141665
2058320454
2062011609
2063831608
206571768
2066123372
2066655987
2067260766
2076168763
2077126367
2078810407
2080815052
2081527060
2082065196
208811555
2089088170
2089297527
2090788134
2091999987
2092526659
2093374499
2095606188
2096892114
2097180403
2097214416
2097996950
2099428463
2100064029
2100328377
2101142987
2101872366
21074355
2107502936
2112151366
2114171705
2114823531
2115632466
2118676021
2123083975
2128149406
2128302556
2129844030
2131360296
2131929652
2133482187
2133680758
2134060511
2134124769
2135104304
2135191210
2135440085
2139054053
2139432123
214102107
2141411833
2142279732
2142319977
2144530697
2144586425
2147813250
2148101100
2148461835
2155215340
215534492
2156998357
2160050282
2163415186
216593027
2166232020
2167129670
2167346715
2168652250
2170523319
2174906827
2178639013
2179521050
2179678008
2181178956
2182438791
2182790558
2189434132
2189464162
2189959058
2194859580
219507735
2195205684
2198917181
220058249
2201964958
2203569912
2204404755
2205885058
2206622329
2208319254
2209079454
2209690098
2210299025
2210512325
2210671035
2210805497
2211122798
2213353704
2214089523
2216432352
2217734111
2217802625
2221221977
2222719920
22245652
222480476
223035877
223154093
2231620398
2232942207
2233613348
2233723310
2234242323
2237654380
2238098467
2242439203
2244547417
224562257
2246059663
224614126
2246497412
2248218499
2249861766
2250248791
2251901704
2253841565
2256307153
2259519511
2261241722
226157785
2261621564
2263413657
22634616
2264626226
2265347901
2266005926
2267468452
2267913008
2271439307
2272901022
2279891552
2283319381
2283683039
2288629500
2289829901
2290486848
2293107466
229316726
2296213758
2296953148
2298174960
2303661691
2304249426
230448403
2308810345
2309815619
2309872959
2311941749
2314564898
2316835553
2316876803
232059449
232146848
2323132217
2323601514
2323647603
2323984757
2325169500
2325317569
2326442597
2326707919
2327216816
232733922
2330369063
2332986090
2334204169
2336965413
2339841176
2341272397
2341537434
2341586787
234315892
2343764628
2345629440
234795077
23498533
2351829100
2353529453
2355348240
235786025
2358952350
235918290
2360834290
2363319224
2364194197
2365716882
2366539955
2366591864
2369365203
2369492984
237084993
2372095344
2372293550
2372732086
2375251718
2377994332
2378476345
2378806133
2379420075
2381648810
2386127233
238665476
2387617996
239435161
239543869
2398283141
2400001649
2401688984
2403186422
2403846618
240481938
2405343875
2405909509
240682550
2409999192
2410470869
2415437028
2417813818
2417920833
2419501252
2419771885
2421342447
2423745252
2423855686
2424656546
2424680777
242578776
2425939621
2427822927
2429090095
2435933424
2437610267
2438777721
2441620549
2441636463
2441924548
2444135521
2447805265
2449455370
2451131133
2453358966
2459799591
2460508937
246103143
2461081578
2461614793
2462404875
2464940070
2465526696
2469226583
2470840410
2472230291
247289670
2473515727
2474666289
247481247
2475728777
2478046946
2478074874
2479156137
2479332318
2480603079
2482356151
2486376117
2489165628
2491400704
2492831238
2493908533
2494362218
2495028774
2495894321
2497208955
2499108801
2499461853
249990116
2504377107
2506370337
2506563570
2507142232
2509564004
2511382976
2514369438
2515458584
2517461558
2519716315
2520004691
2520298988
2525073781
2526572548
2527401211
2528620581
2529197286
2529737531
2531159956
2531975581
253412629
2536915614
2537008834
2539426635
2543548819
2544965530
2545243782
2547031612
2548872118
2551936833
255258319
2553479724
2554004203
2554200808
2555609492
2561142488
2562083847
2562111609
2565357162
25656621
2565712933
2565853747
2567555899
2567629859
2568390258
2569262631
2570880373
2571042869
2573447036
2573707087
2574299280
2575594752
2577145616
2577296666
2582685911
2583286732
258428396
2585681263
2588435375
2589046382
2589188643
2591290823
2591777992
2601896834
2603449377
26037598
260641161
2610733947
2612337829
2613230466
261554265
262441851
2627636247
2631773472
2636250214
2637533047
2639499999
2639643573
2644713357
2646255683
2648154204
2648456123
2648995314
2655794762
2663422974
2667099788
2667243195
2668615607
2671652100
2671731439
2673819473
2675424571
2675977277
2676366941
2679633534
2682344489
2682530204
2683545899
2686907079
2687828135
2687972234
2688738887
269131834
2691844184
2692493911
2693224562
2697980906
2699503782
2702765270
2704520201
2704918609
2709978809
2712516277
2717183512
2719282897
2719697228
2722288966
2725079585
2738927303
2741785227
2742374945
2742672120
2743384590
2744692522
2746773571
2750785209
2751282457
2751953254
2751967974
2752787632
275364362
2754123771
2754701674
2757275193
2761492128
2762105754
2763194087
2763317781
2763658046
2764727112
2766157664
2766575010
2768705683
2771395437
277387783
2774494127
2777234621
2777722283
2778972224
2780007543
2780120362
278291186
2783773106
2784553812
2785255248
2791575011
2792092007
279555706
2796769641
2797104155
279989352
2800508486
2806186638
2808298479
2808637215
2814595668
2822740912
2822764313
2826891210
2827701979
2829058739
283001680
2831484756
2835714942
28377578
2840180085
2840673199
2841236978
2841937184
2842357176
2844220003
2847232179
2847931343
2847987738
2850906826
2851241372
2852427931
2852430323
2853192291
2856660851
2857190685
2858741060
2860967731
2862985348
2863177336
286327813
2866884371
2868761333
2868800220
2868810705
2869401621
2869539909
2872053384
2873821818
2874516033
2876163088
2877138816
2880274548
2880869320
2881065127
2881989436
2885413993
2888800081
2888949578
2890592010
2890825414
2891582439
2893672445
2894751839
2894895413
2895227672
2895985688
2899554298
2901021265
2902403537
2902490825
2905553161
2907661565
2908109119
2910057775
2911773713
291217940
2912605678
2914133507
2914718028
2916360337
291641572
2920313640
2920776560
2921636136
2923115174
2923391702
2923621579
2923984887
2927119325
2928803159
2928860226
2934642784
2937286241
2938073525
2939124514
2939445867
2940899248
2943623196
2944553463
2946647708
2948589369
2948858947
2953177616
2954335000
2954920243
2954945474
295788718
2957935491
2960187817
2962366989
2963046952
296486701
2966428643
2969028074
2972339032
2974432233
2976172100
2977149136
2980329686
2980761971
2981306937
2981466285
2981509198
298508938
298774162
2988350877
2990700910
2992726022
2992931527
2994393499
2994828851
2995789036
2999916322
3000032304
3001066238
300198390
3004514973
300504851
300636325
3007243952
3009159933
3011904533
3014677174
3015723396
3018450039
3018817718
3021205815
3023009524
3023460213
3024084614
30242576
3027914259
3028962955
3030350245
3034078021
3034321957
3036950149
3038719402
3039776029
3040266737
3043505262
3045661491
3046711597
3050920237
3054590691
305474517
3060140424
3060708896
306107664
306540453
3068897748
306919198
3069405988
3069950398
3070394172
3070802141
3072569091
3073591724
3074059479
3075057388
3075401672
3079887694
3081423023
3083488988
3084112147
3086858507
3087333040
3087850065
3089331908
3091920176
3093923945
3097009901
30980618
3098769434
3099558650
3101867661
3101882922
3103247757
3104271704
3107877283
3107905124
3108489900
3109576169
3114248305
3114463379
3114701858
3118842804
3120865624
3121720605
3121937002
3127080230
3129503869
3132865292
3133958456
3135664540
3136770590
3139985484
3140407319
3141002370
3141207863
3142170088
3143502665
3144315436
3147897353
3149536452
3150551884
3151583440
315247954
315269077
3156176903
315760706
3160231767
3160452965
3161478180
3163248828
3169950765
3170771864
3170901183
3171767747
3172264752
3176075393
3176969226
3178410052
3179891958
3179970175
3184185967
3184525903
3188962585
3190001676
3190619233
3190928948
3191874984
3193373087
3194610463
3194645866
319574636
3195950006
3197983008
3200911446
3201048488
3206198134
3206420368
32081089
3214218481
3223676846
3225632257
3225655755
3229950156
3231988444
3233242449
3236317429
3236871132
3237053642
3240780827
3244037737
3245652114
3248657462
324884658
325090313
325563668
3256791719
3256854156
3257671009
3259110406
3262137144
3264072394
3265736390
3266400411
3266879793
3268082333
3273851819
327395070
3278749681
3278856114
3279402804
3279493396
3280047744
3282318888
328291009
3285274308
328631040
3288914998
329195415
3296554295
3296992773
3299159336
3301364009
3303285215
3303791753
3308021295
3308474822
3308578590
3310017692
3311121733
3312578167
3312791861
3313502682
331375915
3319938984
3320534835
3324354199
3324377972
3325524891
3326798615
3333250025
3337212830
3337758957
3344485859
3347938478
3349420998
3350421462
3350669784
3352771479
3358877688
3361964703
3362713437
3369957926
3373142111
3374917785
3375021027
3375368530
337754884
3378840555
337900236
338001576
3380096866
3382658734
3382960045
3383117149
3383640422
3388322506
3388420878
3389712811
3390684012
339068793
3390904572
3393039853
3393162081
3395441129
3395730615
3397137820
3397224442
3399853089
340006636
3400872117
3403319589
3405074288
3405077401
3406385298
3408002961
3408789758
3411514999
3411865254
3412109885
3412207820
3413299302
3413958777
341566196
3416305319
3417770975
3417877466
3418519264
3419275694
3420090326
3423275146
3424588401
3426496980
34285082
3436599688
3437540762
3437989064
3439318943
3440023467
3442203767
3448136813
3462036527
3463454034
3465409858
3465554924
3466053660
3467009909
3469233382
3469749561
3471587066
3475685163
347609193
3476639190
3476804002
3477105640
3478631653
3478966105
3479863965
3481993617
3483975703
3487121837
3488962057
3489201445
3491951172
3493702308
3504526952
3507564129
350847538
3509246791
3510071277
3510132747
3510844204
3512635991
3514080922
3514253832
3514989977
3515413128
3518069455
3521470587
3524576314
3525012068
3526114855
3526176198
3530432216
353392212
3534386415
3538568562
3538618963
3539172329
3545492284
3545612922
3545966123
3546658064
3549766350
3552111931
3554868687
3555270654
355634781
3557148467
3557331918
3557913764
3557961468
3558401917
3559749205
3565442132
3566546340
3566842409
3572858806
3574138592
3574201637
3575432131
3575697945
3576186892
3577410002
3579167088
3579290143
3585055975
3588085563
3588647788
3589939065
3590945507
3594368259
3595002303
3595914205
3596498166
3598235366
3600487479
3601858060
3605196812
3605461101
36081831
3608702153
3610595868
3611284883
3612210483
3612782612
3615928888
3620185627
3620424327
3621283410
3623195993
3625617010
3627531071
3632207852
3634307533
3636571721
363711614
3637882384
3638356540
3639863047
3641863043
3643198511
3643287582
3643909843
3645178253
3645294640
3649564428
3652910470
3656761275
365970368
3661298566
3663381875
3663736911
3664136697
3664524071
3665313786
3665641111
3666153815
3667893057
3671525770
3675001361
3675709930
3676123111
3676767508
367716544
3678047523
367922770
3679405528
3679537460
3680561029
3680660413
3681382096
368382394
3684131551
3684223569
3686522097
3688235911
3689667057
3689953887
3692084518
369315660
3693204897
3699740433
3704614943
3711344398
3712507548
3712867587
3716745719
3721874571
3724879511
3726276093
3729449209
3733683580
3733927209
3734080415
3734168777
3736216724
3736508447
3736759411
3736783565
3738894640
3740205686
3741366009
3741495886
3741838940
3743491210
3744371667
3746922870
3746999137
3747610910
374957842
3750375617
3753741754
3754877235
3755309977
3759905659
3761286971
3762060915
3762544086
3762888087
3764758223
3765984072
3767576395
3770169858
3772016467
3772808080
3773310426
3776649641
3776806920
3778628269
3779550204
3779833635
3779987100
3781926290
3787629240
3788427717
3790279688
3790712885
37912523
379991848
3801077469
3804691260
3806535619
3806615494
3808432121
3808455817
380934699
3809676832
3813292623
3814494184
3814946983
38154717
3818476477
3818584456
3818972635
3819879861
3821367264
3822585677
3823172401
382342260
3824296302
3825665982
3826205545
3826344091
3828954299
3829390561
383066961
3831367677
3831504190
3834743280
3836565133
3837111075
3837336675
3838196863
3838198210
3840633174
3841343712
3843666874
3847540657
38484720
3850098577
3854958039
3855221862
3856371878
3856406105
3859125214
3860115678
3860448913
3860772823
3862782829
3865682340
3868427525
3870543446
3872829786
3873702698
3877079372
3877760972
3879042390
3879100598
387995632
3880346512
3885279367
3886753329
38873230
3895033550
3896305195
3900544002
3904021524
3904743033
3907313439
3908242979
3909784178
3910279409
391054472
3912916157
3913018765
3914419200
3916208314
3916558884
3921951032
3924408211
3924630381
3925031778
3931944888
3933805391
3934922254
3935200819
393692133
3940170720
3943169987
3944198872
3947651832
394834752
3948420568
3952850215
3955234300
3956061020
3956700133
3964638733
396509903
3968540960
3972741296
3973689385
3974981807
3977503987
3979442402
3979825049
3981268665
3983389152
3988610277
3989250946
3990248793
3996225248
3998425402
3999173745
400043183
4002535089
4002576912
4003209364
4003443185
4004276179
4005947609
4008140461
4010080344
4012485101
4015976192
4019223529
4022804691
4023693897
4026728796
4026818407
4027925266
4028356746
4030448409
4033715358
4035204540
4035531419
4038603932
4039046942
4041986792
4043868545
4044538205
404477251
4046052738
4047157000
4051975598
4051990726
4052014498
405231305
4053618878
4054709773
4057451873
4058667093
4064910447
4065238433
4066476800
4071310413
4078973818
4079787212
4081192154
4081372983
4082541121
4083398423
4086045615
408608403
4090659443
4094638216
4097455111
4097749877
4100560187
4100592740
4101289561
4101407585
4103880953
4104176488
4104778793
4106127939
4108950100
4110370274
4111791238
4119059621
4120416964
4121703406
4122124416
4124465618
4126907158
4127816509
4128741520
4130497329
4132125230
4132437304
4132464049
4135632546
413590020
4136426373
4137064176
4139878520
4140618802
4143880040
4146845201
4146952715
4149182003
415002503
4151194014
4151549031
4152020316
4152361686
4152493501
4153965513
4154278828
4155363818
4156575710
4157415110
4157766331
4162074495
4165031632
4170469064
4172142715
4173944350
4176370639
4177166989
4178974784
4185911409
4186010461
4186190922
4186437033
4187388344
4189614940
4189643219
4190032827
4192598863
4192769015
4192802975
4196419499
4197523107
4199428252
4201181907
4202171687
420394999
4205851016
4206411502
4208441924
4208691273
4211010892
421334340
421460756
4214682893
4214978899
4215735389
4216876116
4217394058
422204100
4223024692
4227171731
4230502059
4231194517
4231914946
4234843084
4240124802
4240170355
4240797563
424184486
4242442262
4244961747
4248994237
4249797193
4250026420
4252194136
4252359122
425261671
4253280737
4255421645
4256509909
4258450170
425922993
4259957126
4260649731
4261802080
4262724285
4266975165
4267958806
4268413646
4270055952
4273439300
4274422560
427457945
4279632872
4280519398
4281361144
4283115841
4284205890
4287749454
429060713
429085070
4292663026
430671348
434552360
435768467
441624916
441799992
44204733
443152790
445164016
446053749
447969615
449291481
451570774
453408404
454408617
454832054
457322602
462703248
46440373
466566465
467934838
469106109
470764120
470835378
471644070
476192367
476514165
479879600
481120971
486666442
489035706
490111996
490197501
491149214
491728068
500263709
503963623
504131598
504593850
507214331
508097814
511570411
512346852
517406811
518402999
518509730
519678050
520738350
524735326
528640672
53035277
530426893
531450565
533594933
533870686
534255218
534298883
534347050
534475516
534772605
535647825
535729268
536489452
53754783
539100009
54438171
546681943
548028782
548055323
549103915
549127948
549642479
551992952
552586212
553267432
555722718
556111503
556385665
560235612
566467891
566872555
567575850
570512242
57422344
575555887
576032606
576053498
576174727
576315271
576675478
576727203
58002721
58018185
583567777
584205172
58655621
587722402
592256344
594629340
59533781
600423067
600831
60172019
602394378
603064101
607419898
61086435
611152163
612534117
612572493
613150515
61378026
614489606
620248774
622739544
624126526
624825550
625508509
626467376
629388791
629871830
62988466
630106277
63059911
631271955
63210631
634715114
634757071
635351313
63570059
63713359
638986943
63904020
641857786
643375824
645042920
65109870
651531904
651724302
652294128
653988224
655290525
655888785
656950180
65698360
65790901
65891348
660716635
661240421
661432514
663431672
663966429
666760554
667657437
669276761
669710233
672923678
673069093
674176017
674284938
674543245
675131078
68120092
682413768
683097750
686777743
688648923
688767662
688833258
68903495
689274163
689743574
691085280
691613411
693214526
693598512
696016287
699787052
700406505
707657851
707888592
709221093
709295712
70953140
711493277
712212857
713482579
7158447
716430632
717431827
719445665
719733606
723691836
727094995
728811534
73034629
732492527
738881927
740595763
741800201
742653637
74266059
742879408
743040811
74555586
748278271
748309589
748594254
749812311
752127227
752526583
75435651
758823253
759152145
759741624
759769772
761937631
766115713
766144527
76918682
769618039
771217243
774451722
774668932
775081268
775924310
776383933
776440152
776990753
778048101
780576484
781809027
782460084
784451496
787394176
787819229
788767018
789845933
790520238
790675547
790760931
791458299
793425106
795576032
796949182
797849347
797883921
797887676
801203335
80181242
802790336
802868706
804379908
80479650
805729471
806979044
809145859
810778048
810932532
812924806
813928146
817056881
818473148
820614199
82068909
82093826
822663989
823584507
824147039
827611720
829008484
829584336
829807771
829808092
830339722
831505543
831633614
83186427
834593323
834931915
835335885
837483699
837872294
83889646
839369636
839832481
840092090
843092877
843377159
84429936
844595615
844778488
844948953
847872865
847966132
848585110
853091993
853724093
855303795
856765234
856840706
858441530
859197105
859625601
862058379
862095143
862770084
863795202
868213685
869286687
869883402
871733619
872428328
873713975
877306574
879085353
87986389
88333899
884825469
887010601
887941715
889329040
890444389
891004613
892137485
896938440
902928479
905033731
907469329
908235231
909016688
91119110
912030292
915203443
915266044
915547465
917613413
920917211
921150171
921796290
92281258
92287522
923267850
927455452
927559557
927939502
929059968
93114672
931681639
93419925
934884004
936672684
936863673
937560487
938788114
938854901
940882608
943503972
947290328
948735737
950714996
953037633
954922132
956946565
958065104
95882536
961671055
962032437
963258760
964580094
964965165
966489405
96716154
968186765
968740893
971948935
973145175
973575598
975624557
977241217
979929175
980239927
981395449
988567089
990221072
991959485
992427580
99373747
994870285
996536009
997761309
999687856
999999962
