102701620551769
103551587650793
105415395412445
106430041320498
112182324614946
11768993364840
123219195938690
12966862068735
129897670197230
135243297344214
135780994408620
138744159830534
140466705414762
146428475405255
148393319168534
152895769528782
171397426054532
172979319652999
175463774165694
177670637622922
178331825722654
17875077859234
17896459564195
181942122503801
182210904350671
192875438774299
198243578253107
204786723640432
205963756587105
209930643712429
214794641913564
22139961745685
225355967579570
227879732344372
228760563052871
231231212051331
232793516402555
235172229883559
23656595256155
243670557591871
244748579360126
245225444738869
255157735295968
259319301672880
261565173044977
261720309299446
267814375824013
272055737187268
275700230253595
27611744857377
2811463506344
28435355514644
29001778472789
30610684581735
42530999908891
43858611919626
46588584054174
47465897333615
67296924649544
78898853086161
82108975149105
83353864376749
83888096160651
84791910226850
84999276724628
88113630106049
90042110953212
94471391874712
