101783137114707
103551587650793
106389981511363
108528538111533
109260633686588
114318014887805
117807598465398
118835507298414
120943116163042
123458060952009
125304553735783
12635363329511
128268880429153
128452468495240
129528508431303
130954434781854
133304489112224
133619918089544
140553040852286
141887220326676
146078037371344
149059451308343
151209266863757
151741051532304
153837886887590
158904067847008
160619124296343
166776873800434
169258152022258
171277420694679
173664810337580
175080053985720
177833372704253
179066235954789
187331147269275
189427287443271
191206102624294
192388982967634
19337750746642
198396290281100
198642826883240
19986692636825
204040035237596
205340602194300
20586001405023
208015025481540
209239707699882
215998611973572
22453261210741
232030147720109
236457583241025
240773304496340
242261155090525
24295698092483
244411233377079
249399883214434
258418189813696
258548378645213
266872647263818
267168517975153
26909397183811
269652529266873
270309293595663
275086605723004
275863034143030
278235724623874
27862856812006
279144760916257
280600217247105
32367041512395
3456547053935
41338753653780
41551258583606
43625657024654
44734325587752
44960227893380
44977848556318
52458724667838
58093154593757
61841449704144
66319624791919
68398549449247
68798228127871
69888695153986
71935787127500
72488032826630
76579926828926
78034550226021
84995953828096
85177112834667
85967181060525
86401661905983
88247420819448
97528821911698
