103551587650793
112160067154267
11402898611200
114915470959817
1172002806014
117629020746665
11768359053708
123873527214385
125391318801731
126996654487494
127246817960358
12823855308138
128352393697706
1306161911079
134907733202044
137200780965050
144528252851947
146220771582364
149580407458058
149586281672502
152196128412022
155405286394448
1573175349934
16587543188897
17154034301081
173845494022602
17389981584113
179249879080425
180149654279235
180151301635580
180800953805739
182734849544099
184397269256443
1863132048991
187146245934382
197512811507299
199307451412392
200431523510567
200474441362416
20148131243463
202573327409521
203769199104096
217389749451460
22022189450276
22252707297140
223200214907202
223769275758310
225422540911300
228118079446812
231887457377333
249997741005831
254251378542500
25629730106317
258605096101545
25960330832878
260431321385492
263828710797738
27260641080085
30687539133478
31539296451678
33065959502177
33949415413761
45753397877063
47888976791558
58640259349957
68518099831026
77236544413278
79316402847441
82212484200095
83291244289177
88649176377304
95155786978498
98150316350872
