112160067154267
114915470959817
1172002806014
117629020746665
134907733202044
137200780965050
146220771582364
149580407458058
149586281672502
152196128412022
154299509886511
16587543188897
17154034301081
179249879080425
180149654279235
180800953805739
184397269256443
1863132048991
197512811507299
200474441362416
202573327409521
203769199104096
213988568729563
223769275758310
228118079446812
249997741005831
254251378542500
258605096101545
260431321385492
267876607136220
33065959502177
33949415413761
45753397877063
47888976791558
77236544413278
79316402847441
80698821129259
82212484200095
95155786978498
