1014237918
111872694
1180839677
13084449
1368752349
1449906910
1597938970
166217893
1820957783
1834786761
1864958316
2073555783
2121087481
2126280074
2169781262
2241262573
2263564830
2477695049
2550237240
2560891184
2564128251
2571881295
2607061199
2664848696
2679341416
2791399525
2827982077
2915483752
2985612847
3005583971
3038487685
3130146299
3195091391
3304074757
3366753446
3516681982
352339274
3540659650
3572127463
3572158590
360228635
364972758
37102674
3744550856
3773982953
3781265264
3850789647
3883037144
3991650634
491201698
495941101
530361113
777564339
788559018
828520899
887584595
947095219
