1041258342
1118366909
1288961899
14625889
1496682168
1612333776
1615957508
1634299773
1756122941
1883933456
1890852284
1921167980
1937868796
1951717151
2435979817
2442087568
2491169955
2491244003
2600198548
2658755042
2725289507
2827113741
2827226438
2848158777
2996669830
302189472
312359117
3160244541
3210649011
3270554152
3361375087
3427422445
3585305593
3613329922
3672690327
3749603391
3783493575
3821562853
389653286
3907222044
3955551238
3964717282
3973749786
400716871
4023223340
4040604288
4087502017
4122555145
472248129
47463052
556642001
559577115
608251467
676777182
736886815
751135001
755105485
827082604
836199451
861535474
868102662
938263339
970764922
