1009184303
1074463680
1092778250
1160647450
1219495335
1232150737
1244540680
1260309448
1281090608
1290293773
1308235863
1331315419
1333425461
1349323664
136474483
1416944765
1436480970
1439948316
1472926796
1538457110
15576380
1562522414
1567206628
1567353612
165364761
1675648232
1697850262
1708361551
1739740854
1799517518
1918856548
192472029
1963014883
1978877024
1992386243
2001675931
2029484149
2045671230
2051507823
2086941204
2110570093
2110829333
2117638710
2127459581
2146574456
2151630631
2164240656
218654774
2194337480
2233477400
2241020672
2261612706
2375205693
2397307333
2433520495
2468179516
2470424640
2492924451
2501639075
252812986
2576761326
2622694689
2681597231
2706271598
2724117603
2737703726
2747877716
2750520777
2760933184
2765821642
2784807287
2797491882
2811174354
281661986
2829562045
2838583983
2857183484
2967180577
2993492188
2994415526
2998597004
3001938166
3005366921
3078259461
30793573
3098943838
3106900339
3157320595
3176464890
3178964832
3207134760
3345078072
3366172607
3378157819
3385787744
3450988685
3484257030
3591325494
3597595637
3608576755
3611639417
3612329543
3616611137
3628669748
3635632952
3671678709
3684719662
3694980259
3699615267
3725623584
3743263564
3766414750
3771394295
3810744395
381384488
3847792770
3852600309
385687556
3859741209
386384018
3864960520
3876486621
3898702664
3898810810
3912343331
3934043509
4101276800
4141011349
4149232133
4218722238
4233808704
4244757613
4272315140
4278199389
4284011859
42895394
436163171
492282745
527377432
539473063
57897820
594631723
656981514
670896652
686987541
716467093
741861960
750888815
797288853
827263473
904649395
931475482
948145473
949281930
972846580
