101495055829191
119187046148743
121757812853429
122711649680610
128584094185417
13304186574435
136275607530015
137843389210469
146395283006406
158904067847008
168992652097891
17383409829056
176773394912871
179992255985986
181290037200066
187442659801346
194861482003569
199525970646337
199798541799905
201110351242294
205577964220684
207430213955818
221795026458140
221839955347884
231162550955012
238109313881048
245260224586465
245525335257814
261002948197936
26692508127396
33330674449873
33963865118962
56261939820882
60177055309216
64285295650195
64464610517182
65645807654091
6681753828420
67677742398881
82952939694905
87755420104246
99848333585067
