103551587650793
122711649680610
131325861189750
148190186433457
149043168344749
15245450681020
158904067847008
168992652097891
17383409829056
174061393387003
176773394912871
194861482003569
201110351242294
204682407420359
216462071468012
222684884955684
231162550955012
237997694426699
242305157280067
245260224586465
245467421995207
258892419194196
278259899163976
278559342651155
28770949893397
33963865118962
45537513281191
63836088579853
72301352893986
78087025984533
93693138409723
9469381652884
