100360465
1059577066
1059833797
106171197
1073324920
1081648883
1084424537
1105403532
1111644270
1117533895
1138489798
1150978944
1220605470
1231541105
1241970362
1258111651
1264373748
1270875172
1272396928
128164261
1288863200
1295765937
1309242380
1322239161
1361251158
137096046
1409948216
1411538507
1413762630
1414530377
1427722624
1464639078
1464793997
1465819400
1474943266
1495266114
151422159
1524516235
1526732883
1526799816
1616687273
1629681781
1643071912
1695862693
1699012456
1704293083
170871615
1712735018
1712848864
1726340932
176610800
1802903029
1810633418
1813850619
1825241657
1842432715
1858178184
1868812769
1869273506
1872712746
1883826445
189682594
1913585676
1919043504
1955281031
1960062924
1983037874
1997205262
1999098509
2027285834
2031871665
2034287574
2045485247
2049618239
2073928711
2115763002
2123325881
2125701033
2146207862
2150332562
2153042826
2158698332
2167283241
2174895942
2176620755
2252161976
2277149655
2302890357
2320673149
2339426579
234027034
2367089022
2376563300
2397165196
2401656604
240888642
2410776224
241937004
242166154
2422428355
2428414730
2434649520
2435019754
2442999677
2443631495
244460601
246411486
2474507005
2506703789
252882073
2534684216
2539153176
2548601240
2570591277
2585800184
2597107687
2602033287
2611445131
2652848171
2659145666
2665558510
2684807734
2690471
2701672003
2722046364
2739891193
274306168
2751439915
2752799462
2753272956
2756068749
2771174133
2774232795
2798501663
2811208398
2813934382
2831311568
2841525753
2846618618
2850225758
2852345016
2893622167
2908194858
291138572
291837034
2920237894
292226538
296504880
2967745932
2981235409
2995239705
3020911768
3048872145
3066703413
3083373485
308965726
3094379977
3097737598
3113139262
3124444765
3152045605
3165962532
3171611443
3175179925
3179557638
3193351445
3195158434
3212022037
322103108
3230326942
3231562826
3244893266
3258450515
3264557098
3274806838
3296386821
3297975866
331387631
3315032397
3328000578
3336996475
3338203359
3340051764
3349889065
335467364
3372545559
3384563121
340619021
3409338814
3424763109
3434129679
3466626483
3472020354
3475913262
3483507140
3488832175
3495205806
3495517713
3510689098
3513339230
3520324187
352181071
3529400067
3535457189
3536681609
3560447576
3566707512
3576229543
3582032274
3588343452
3598877177
3600937745
360748999
3608116360
3637270151
3639602685
367776069
369001178
3709626867
3723637290
3727458227
3732068333
373293786
3739446456
3741012820
3744381430
375026468
3772444323
3792242208
3794351921
3800989000
3801854576
3803313409
3813032310
3838337081
3842647172
3846044296
3887296800
3914968970
393563291
3943810785
3957459617
3966071380
3984652974
3984807971
3992411888
4000339430
4020503785
4047038639
4047554234
4061325858
406339656
4086603198
4098973319
4101397506
4106094048
4111354817
4141378572
4169031237
4170833442
4173663857
4176639054
4187568185
4190592050
4199454306
4213921677
4215443463
4220381536
4220925772
422220237
4223155212
4238142420
4259919915
426133826
4279147152
470426885
472341735
500183902
505652589
51402354
53701457
554419219
559183631
56957174
575377548
579898254
593929250
595818073
605014767
642100469
662527822
665574716
685162785
691524202
693695380
701662347
707002811
720997137
754812007
804296285
804402922
817225045
8201665
822753892
824917935
834653339
83486726
837634620
848901567
87305337
883102437
898291825
909380592
921767974
936029360
941806213
942833500
944487264
956297570
968030291
972321213
973318765
980195818
987943915
998685858
