1000677536
1001719753
1002021371
100225552
1003074426
1003460411
1003470535
1006715236
1009184303
1011217566
1011241103
1015459577
101576895
1016274010
1017496988
1017659273
1018555203
1018658004
1020063406
1021561427
1021715284
1022077824
1022833874
1022844367
1023131354
1023557237
102670435
1027742588
1031245935
1031330609
1032546927
1032911783
1033332596
1035222322
1037733005
1038489352
1038758578
1038798837
1039180720
1040261413
1043317693
1044190773
1044735902
1044921686
1045211718
1045762661
1045837794
1046716164
1047563792
1047749411
1048596930
1050182336
1051203987
1053690619
1054985214
1055826230
1056781027
1057721228
1057838251
1059492130
1060254715
1060951747
1061268137
1062152271
1063410979
1065375532
1065950218
1067329738
1067626162
1068644160
1070162737
1070941003
107136095
107310515
1073459801
1074463680
1074578928
1075237648
1075263857
1078176307
1078239228
1082291997
1085526494
1086554273
1087850039
1089731948
1091153388
1091449116
1091703908
1092314061
1092778250
109317421
1093875255
1094147743
109677745
109896621
1101263669
1102011703
1102106937
1103774823
1105108342
1105234402
1108083822
1108670227
1109502587
1110184899
111043157
1110505649
1111909919
1112731722
1113574182
1114844309
1115019847
1125205171
1127400281
1128569618
1129090983
1130955577
1131288359
1133013679
1133830547
113388798
1135207376
1138066035
1140325914
1140676367
114076366
1141078672
1141471882
114153560
11418792
1142304656
1143286117
1143480203
1143503151
1145170595
1145220088
1145650818
1146717913
1147320178
1148481912
1150008518
1150033976
1150243659
1151694643
1154025216
1155981427
1156220614
1157309019
1158020853
1158033141
1159035519
1160471059
1160647450
1163742103
1166925355
1166991478
116735148
1173925105
1176678982
1177027447
117845173
1178929281
1179194390
1179253027
1179577410
1179585736
1181175376
1181888283
1182924966
1183953692
1185074619
1186198680
1188020206
1190525722
1191169644
1191385581
1192576326
1194677254
1196067021
1199616797
1200438697
1202061521
1206222608
1207563527
1210715019
1211170896
1211494959
1211873025
1212208707
121345081
1214408956
121444442
1215229926
1215902486
1216234785
1216735585
1216997334
1217238116
1218811066
121894180
1219100937
1219495335
1219955019
1220974451
1223092973
1223238595
122435632
1226512923
1227170924
1227698596
1230259891
1230325755
1231556452
123186411
1232150737
1232798463
1232971041
1234391901
1235216683
1235534600
1235929238
123679633
1240014160
1240254128
124118087
1241248084
1242222287
124252604
1242693644
1244128150
1244540680
1245132969
1246757169
1247283874
1253496165
1254097185
1254186091
1255041722
1255111701
1255600320
125786202
1258440391
1259648777
1260082787
1260309448
126146710
126275764
126333919
1265298032
1266852781
1268891141
1270428722
1270521722
1270686866
127251762
1273056242
1274954054
1275288381
1275687309
1277588219
1281090608
1281626702
1283291656
1284263606
1284414102
1289428798
1290293773
1291017377
1293492262
1295750483
1297025868
1298157499
1299300771
1299514293
1300777722
1301380346
1301517652
1301758030
1303867150
1304139549
1307752799
1307782093
1308235863
1310017942
1312423311
1314206448
1315238119
1315564750
1317278102
1319042893
1319335854
1321046265
1322623177
1322836082
1324463189
1324879952
1331048337
1331315419
1332261111
1333052304
1333425461
1333638350
1334111009
1335538103
1336559051
1338091120
1338449217
1339961692
1343364948
1344256031
134523053
1345609638
1345953324
1346329357
1346798709
1348697043
1349323664
1350660132
1351264296
1351431093
1352357854
1352911354
1353402547
1353723781
1355056347
1356492694
1356793304
135752196
1357995689
1359775290
1360128069
1361772468
1362001846
1362042556
1363221548
1364381523
136474483
13655713
1365716572
1367076948
136835010
136947403
1370842051
137133766
1373079348
1373316696
1374195357
1374235963
1376898440
1379298632
1381500359
1382066969
1383092767
1384821260
1384877874
1387403444
1388326909
1392646987
1394315176
1395013014
1395869630
1396121938
1397960507
1398034252
1398213833
1401283972
1402654166
1403645483
1403759963
140505388
1405283955
1405530551
1406522279
1411664980
1412618270
1413488753
1415029935
1415409607
1416169022
1416387815
1416434086
1416559489
1416944765
141712387
1417300849
1417502459
1419284829
1420029770
1420503368
1420520514
1420771500
1423652042
1424949016
142513699
142618604
1426564006
1427504647
1428326845
1428665351
1428899640
1429759018
1430495324
14306637
1435596476
1436480970
143685251
1437953323
1438062096
1439394329
143964299
1439948316
1440873445
1441010022
1441852038
1442686493
1446646889
1446783864
1447160135
1447790425
1452999318
1455602879
1458336542
1460538789
1461633146
1463462219
1464288110
1472926796
1473071465
1474318243
147473682
1477067171
1479483151
1479683266
1479881617
1480243752
1481634336
1482622094
1483575658
1486448861
1486536314
1487457611
1488065214
148872606
1493329817
1494645690
1494804267
1497586504
1500039965
1500559314
1503939085
1504241744
1504492183
1505771080
1505864805
1509179805
150934999
1509397042
1509965058
1510666313
1515225577
1515333778
1516535071
1516943403
1517613664
1517798817
1518822400
1519342301
152056743
1521163146
1523437283
152427150
1525810269
1527598051
1527980512
1529295291
153007441
1530151615
1530425064
1532345032
1534994190
1536085284
1536661953
1537921688
1538457110
1538656778
1540700210
155028118
1550554267
1551295519
1554181341
1554531727
1555673075
1556115378
15576380
1560833994
1562522414
1564292092
1565075445
1567206628
1567259830
1570200445
1571932017
1572204662
1572937373
1573262521
1573778992
1574124204
1574384972
1574512522
157727443
157783401
1578088279
1579125430
1580847416
1581744539
1585189249
1587564683
1589044071
1595140100
1595693367
1596073496
1598609738
1598643784
1598715637
15996935
1601476578
1602731658
1603336765
1604251702
1605057613
1606625897
1607631007
1608119097
1608171207
1608599456
1609955790
1611133737
1614492775
161679098
1617467734
1618040373
1620395699
1621116739
1621296132
1623361294
1624155848
1625077867
1626542010
1630413368
163225783
1632937645
1633733842
1634482684
1635135399
1639050935
1640286934
1642082420
1642411370
1643630807
1645867163
1645956101
1646000970
1646663562
1647007433
1647613114
1650596642
1651811283
1652589979
1653169121
165364761
1653657374
1654624116
1655147574
1656955273
1657358906
1659408865
1661500172
1661997402
1662350811
1664344564
1665797577
1666081403
1670782728
1670877844
1673878095
1675648232
1678527092
1681305342
1682419557
1682424268
168329653
1684380977
1685311719
1686120270
1686567493
1686759918
1688194371
1688734111
1692007426
1692755038
1693789748
1694089949
1694570631
1695683394
1697850262
1699367799
1699674397
1700444922
1700594736
1703786338
1704565146
1705969408
1708074366
1708361551
1709218951
1710462656
1710935806
1711974913
1713018455
1713956861
1714912372
1715227172
1716308892
1719419214
1720160172
172262113
1723941181
1723952771
1725019146
1725969897
1727045519
1727957896
1729081729
172993831
173493693
1737345803
1737441525
1739514814
1739740854
1741074774
1744411874
1744532432
1747820116
1750546989
1750626723
175127817
1752095080
175413870
1755094037
1755348918
1756525822
1757433851
1759711905
1759898692
1760280421
1761103552
1761949026
1761997230
1764325301
1764574814
1766164948
1767333607
1767908142
1768346134
1769849120
1772832403
1772942767
1776698343
1777480670
1779264403
1779375060
1779471146
1779752461
1780091178
1780674261
1781451219
1781457155
1784424856
1784674385
178639737
1788795057
1790904831
1790978950
1791866573
1796080358
1800797688
1801920412
1802298973
1802312268
1802365222
1804995456
1806251981
1806917367
1807381153
1807655901
180968414
1811054033
1811321392
1812049207
1813237072
1813425650
1814137298
1814233813
1814252198
1814607240
1816727804
1816747445
1818005948
1818767547
1819230607
1819377807
1821152299
1821346031
1823009494
1823037175
1825032535
1826763225
1827080142
1828221253
1830117197
1832746631
183368839
1834110907
1834301132
1834324775
1835144124
1836077418
1838427857
1838445982
1841640839
1843346707
1843907256
1844153511
1844671904
1845015517
1845480190
184886473
1850338369
1852261644
1853354835
1854365615
1854594621
1856305044
185672659
1856728088
1858250581
1861265052
1861379904
1863891178
1864009028
1866505700
1870787994
1870893075
1871730607
1871951001
1875022525
1876418388
1877403910
1877636439
1877953412
1878024525
1878495821
1878678996
1879168078
1883923047
1884362253
1884936452
1888426841
1889604055
1894792751
1895286315
1895686554
189589749
1897322930
1898279517
1900480655
190138552
1903308320
1904113937
1904755167
1905253275
1905729897
1906232976
190668652
1910228486
1911112447
1911697483
1912718802
1913348275
1913758216
1916220956
1917889231
1917928799
1918856548
191914616
1920606470
192109056
192145042
1922408395
1922456461
192472029
1925821565
1927453241
1928383942
1933247051
1934636875
19357203
1936101298
1939203665
1940570795
1940792889
1941356466
1941917147
194214782
1942249206
1943165214
1944879454
1945592693
1947140395
1947743401
1948183078
1948282491
1949875686
1953138612
1954441702
1954469371
1955976302
1956351867
1957522149
1957581465
1958138240
1958507481
1960468308
1961708878
1962696807
1963014883
1963402226
196425172
1965803775
1967968071
1968331556
1968802669
1968841542
1969522348
1969635166
1970392145
1971514378
1972647399
1972674181
1974383860
1975070788
1976614277
1976625389
1976711650
1977519949
1977566324
197779311
1978437426
1978877024
1983641139
1984427282
1986114465
1986574240
1986986983
198749776
1988832203
1988841761
1989063898
1990107541
1992386243
199250837
199374865
1993921923
1997304808
1997445327
1997554221
2000039082
2004049201
2006177624
2007637386
2007689497
2008116449
2008302013
2009841522
2014320412
2014649495
2015154409
2015880738
2017899033
2020237788
2020605521
2020884183
2021425770
2021796309
2023077046
2023586719
2024862124
2025742879
2026534561
2027339381
2029484149
2031155999
2032343682
2034326179
2035302098
2035615758
2035652154
2036507919
2037200328
2037725657
2040764787
2042266021
2043002919
2043005618
2045412186
2045671230
2045854808
2046101679
2047707036
2047912267
2047920182
2050865816
2050888910
2051342387
2051507823
2051857209
2052279758
2053997204
2054217693
2056635220
2057534406
2057745403
2058435481
2059277682
2060350781
2062076893
2062079910
2062603685
2062709595
2064019596
2064630494
2065609235
206684505
2067409023
2068671731
2074428318
2075664536
2076608145
2077074595
2078549284
2080252851
208029021
2080588248
2080921065
208109763
2081139232
2082068855
2083631179
2085775990
2086899928
2086941204
2087835462
2088494987
2088534548
2091356702
2092398901
2094107119
2094360646
209442881
2095413671
2095514573
2097898305
2098540647
2099983479
2100510135
2100662937
2103500682
2104468535
21052847
2105624552
2106410530
2106444278
2106482647
2106797850
2107757940
2110570093
2110829333
2110932174
2111822463
2112190637
2112627168
2114399225
2115065549
2115508079
2117638710
2118662096
2119471089
2121165841
2121343874
2121366316
2122501866
2123054241
2123605066
2124484938
212463135
2124951289
2126164058
2126722856
2127459581
2127884859
2128247755
213037690
2130638001
2131362478
2134581665
2135394872
2135856695
2138830418
213982960
2140071298
2140423504
2140537224
214176696
2143459998
2146574456
2147309213
2148461424
2149198942
2151630631
2152184013
2152398250
2152662504
2155583501
2155599291
2156271847
2157389068
2157672902
2160322951
2160328550
2161620908
2162667387
2163585615
2163914623
2164240656
216546343
2165723459
2165974963
2166001504
2167138583
2167723303
2169210463
2171361908
2172051670
217497023
2175047762
2177383840
2177582699
2177730944
2178030587
2180140090
2180574013
21811120
2181693523
2181823912
2182453263
2182992714
218414867
218415224
2184459874
2184798994
2186117495
218654774
2186613644
2186972512
2187875820
2187945406
2190577908
2191479168
2193795115
2193897495
2194337480
2199902294
2201845839
2202062050
2202260226
2202491559
2206056258
2206136038
2206477597
220683763
2208435213
2209177769
22103486
2211038091
2211861669
2212549807
2213759325
2214486518
2215055136
2219751796
2220260249
2220366514
2220385938
2220514018
2220534867
2220998081
2224530081
2225826730
2225960081
2229823151
2233406853
2233477400
223400843
223457460
2235056419
2236956767
2237043852
2237294570
2238647161
2238648755
2241020672
2243188819
224365737
2245190305
2245663491
2247253644
224776478
2249551046
2249816460
225001311
2251848838
2252692530
2252743179
2253082002
2253147605
2254009449
2254179322
2258462650
2258709845
2259791465
226128913
2261612706
226228532
2263016104
22633086
2263528697
226359374
2263994314
2264265389
2265266294
226762659
2267977206
2268168210
2270868720
2273653907
2276962310
2277096412
2277460507
2278756602
2283192043
2284565939
2284913004
2285481325
2285631337
2285641662
2285888598
2286835328
2287368604
2287620063
2290492347
2291602694
2292577099
2293515926
2294551113
229540540
2295559676
2296139225
2298056745
229890126
2299253936
2299715186
2301294407
2306106858
2306148962
2307921574
2308155325
2309052122
2309466124
2311229184
2311535353
2316192886
2316616007
2316962040
2319499371
2320986337
23213981
2322880517
2323000313
2323198765
2324805429
2324959934
2326703724
2327076217
2327105823
2329380632
2330090101
2331534739
2331603809
2331819630
2333376587
2334309674
2334323513
233540375
2335774272
2335959853
2336037218
2336982765
2337419558
2338000704
2338081203
2339104252
2339692729
2341866646
2342842951
2343616501
2343934403
2345232876
2345349524
2345511102
2347155072
234852076
2349382092
234996460
2350269069
2356229244
2357105611
2358833906
2360904383
2361265602
2361598229
2363259141
236532828
236589127
2367871494
2367987074
2368641806
2368808675
2368918132
2370026158
2370244053
2370707424
2370835517
2372291649
2372541535
2373712924
2375205693
2375901897
2376428506
2377933679
2379021007
2379354140
2381208257
2382807374
2384781239
2386664081
2387259278
2387673449
2387771533
2389572310
2389719625
2390285771
239097896
239110504
2391149150
2392628376
239349109
2393903660
2395534233
2396964756
2402650016
2404894480
2407124018
2409118452
2409740983
2409964675
2410087371
2413255306
2413385750
2414768266
24148052
2416180337
2416527771
2416756602
2418920227
2420355472
2423072865
242439898
2427441167
2428422116
2428980880
2429602199
2432237882
2433098098
2433520495
2433682473
243538639
2436267979
2438958045
2439035430
24402343
2440237697
2440894321
2441678190
2443906808
2444588836
2444823125
2445505737
2445744565
2446047931
2447517727
2448655090
2450740940
2452107684
245247791
2452971601
2455712223
2456565887
2456770634
2458969813
2459157125
2461097373
2461492407
2462119424
246422209
2465338708
2465716323
246669556
2467309635
2468179516
2469038739
2469781136
2470024400
2470375227
2470424640
2470471320
2471129576
2471708805
2471983066
2472007169
2472858097
2473133903
2474028820
2475354911
2477531438
2478872304
2478926552
2482060932
2483094138
248378299
2484341561
2484574744
2485346009
2485677155
2486335596
2487148685
2487597561
2487977491
2491502731
2492558212
2492768965
2492924451
2493648124
2493693208
249466957
2497285285
2497612431
2499498929
2500168604
2500825215
2500933016
2501463715
2501639075
2502858632
2505727691
2506210253
2509483120
2513100161
251326942
2516713723
2516814520
2516859563
2518815273
2520548848
2521099230
2522909667
2522990085
2524238680
2524836545
2525886357
252725139
252783652
252812986
2530074078
2530161344
2530235588
2530632338
2532227397
2534100661
2534851393
2536813055
253718550
2539842094
2540302296
2540563714
2542457538
2543265969
2544980295
2545411130
2546764380
2548641441
2548871252
2549023780
2550998323
25529082
2553386110
2553656951
255692494
2557064805
2557590164
2558136010
2559203362
2559248671
255931817
2559587270
2561346140
2561864534
256332569
2566668443
2566814162
2567848957
2569684150
2569699851
2572587294
257284630
2573600454
2574029820
2574245790
2574755124
2575270735
2575735485
2576761326
2578849685
2580362414
2580560373
2582596096
2582784472
2583326236
2583365757
2586566382
2586694955
2590282387
2591238717
2592131116
2592707498
2596185629
2597435934
2598940763
2601546162
2601656087
2602608859
2603585919
2604822962
2605822418
2606187678
2606385346
2608381578
2608558301
2608915090
2609360991
2609454114
2610035175
2610249266
2610631594
2611878826
2614655269
2614827193
2615607473
2615914294
2616870514
261763286
2617938337
2617940101
2619544005
2619938308
2619939007
2622694689
262279756
2624276718
2624729617
2625325134
2627075141
2628649944
2629148208
2629307567
2629455411
2630143059
2630254485
2630836237
2638851626
2639494917
2639737884
264123809
2642231456
2644010277
264463098
2644847510
2645431430
2645930594
2646473455
2647729855
2648289700
264886640
2649006232
2650832144
2651201178
2652398923
2652628728
2652879225
2653169477
2655195694
2658251996
2660492952
2661008513
266140756
2664202969
2666067786
2667519878
2670645562
2672115669
2672433198
2673362057
2676623546
267926332
2680381704
2681597231
2681739240
2683348261
2683601783
2686481654
2688505485
2690428119
2692637473
2692960357
2693162881
2695194386
2696599344
2697405057
2697564765
2697594678
2697856532
269850508
2700239063
2700514172
270106995
2702000082
2703084713
2704307614
270512855
2705311453
2705391125
2705806344
2706271598
2707488464
2707717393
2708645163
2708694854
2710270702
2711702370
2712853676
2713249230
2718263858
2718352235
2718555649
2722786698
2724117603
2724485793
2724503534
2724699170
2725622120
2725983008
2727351267
2729574988
2730248671
2733989922
273469281
2737199464
2737703726
2739419191
2744360557
274581346
2746477049
2747734307
2747877716
2749855788
2750119812
2750520777
2750522591
2753449878
2753814567
2755241676
2756775087
2756843811
2758502359
2760933184
2761103824
2761581771
276370423
2765821642
2767030658
2769536254
2771342937
2771995049
2772098231
277382048
2774536920
2778409691
2779051909
2779521065
278021911
2782406092
2782862518
2782943798
2783232572
2784634839
2784807287
278499316
2785247906
2787994531
2788552612
27896068
2791681923
2793580780
2794399360
2794901414
2796375832
2797491882
2798074285
2799488903
2801068952
2801297088
2801572110
2802309475
2802508858
2802833468
2802871211
280312125
2804001624
2804290726
2804793044
280486418
2805814392
2807597367
2808090253
2810389447
2811174354
2811802635
2812828626
2813163550
2813410381
281565583
2816251009
281661986
2818875604
2818961510
2821694009
2822210253
2825781649
2827541518
2829562045
2829596839
2830014887
2830895639
2831235781
2831349718
2833144324
2833471427
2833575804
2835473595
2836998196
2837722690
2838583983
2839451715
2839811820
2840382842
2841311216
2844100128
2844222455
2845588810
2846320369
2846371328
2847049368
2847211302
2848263497
2849813903
2849979024
2850240290
2851919313
2853353763
2853804862
2857202948
2857539993
2857811421
2858251613
2859940933
2863225664
2863612913
2863898402
2864750801
2864927496
2865492800
2866017753
2866228545
2866344224
2867466534
2868010134
2869777967
2870830481
2870965472
287150230
2871711066
2873878109
287403678
2874739233
2875780297
2877359938
2877960769
2878190814
2879931675
2880637671
2882065563
2882520356
2882649548
2882813595
2882913978
2884727164
2885554009
2887622298
2887916400
2891772246
289367782
2894042305
2894053024
2894582531
2895018774
2895171777
2897557471
2897746436
2897804483
2900367854
2901549392
2902240455
2905065732
2906824064
2907199659
2907331884
2907480867
2907795464
2908588918
2909441506
2912414962
2914427213
2914513412
291612506
2917220831
2917467615
2919090206
2919311422
2919414306
2920111695
2921396747
2922428356
292298390
2923849185
2924498057
2925946560
2926512504
2928604520
293090459
2934642243
2936794664
2939438153
2940542290
2942272223
2942475566
2942480451
2943241266
2944971339
2945607938
2946309889
294728582
2947374118
2948432534
2952773670
2954128183
2957414471
295919657
2959599165
2960510984
2962295694
2962423519
2963038601
2963120888
2963328164
2964026099
2965385984
2966719865
2967180577
2967210369
2967479907
2968871893
2970145740
297092079
2971183523
2971972944
2973460827
2973482210
2974277742
297458242
2975618759
2975646528
2978391681
2978817249
2978988544
2979763525
2981040473
2982022854
2983842489
2983960980
2984119466
2985920129
2986029411
2987176358
2987744174
2988475546
2989538003
2989609710
2992647054
2993492188
2993940640
2994415526
2998304039
2998597004
2999667331
3000315411
3001867288
3001938166
3003858758
3005366921
3005858449
3006608563
3006697022
3009828987
3009912821
3011744052
3012042264
3012995991
3013360974
3014541594
301510334
3015776842
3016574032
301736574
3017617952
3019407970
3020060284
3020869776
3021162015
3021413068
3021565543
3022468241
3022850602
3023208354
3024987242
302632301
3028523021
3028810063
3028854459
3028931679
3029388055
3029491428
3029594107
3030151230
3030827072
3031878268
3032280485
3032365590
3033390626
3034640382
3035590448
3037317767
3038501202
3038963711
3039724685
3040578479
3042040042
304275287
3043215666
3043987072
3044314630
3044489073
3045856451
3047083217
3047193575
3049806694
305358981
3056264119
3056693414
3058195394
3058525155
3058560915
3058632725
3059952985
3060470008
3060646645
3061127246
3061892579
3063110785
3064303838
3064308920
3064393210
306703436
3067638905
3070960798
3071397033
3071612833
3073424554
3074066132
3074507353
3075310034
3076735248
3078259461
3078378177
3078639049
3078669716
3078832983
3078933603
30793573
3079567323
3082633498
3083445707
3086174123
308690293
308775768
30917774
309282695
3093023093
3093825446
3096401630
3096527982
3098941731
3098943838
3100167014
3102483128
3104476475
3106900339
3107017544
3112050428
3112169310
3112418591
3115386854
3117169676
3119360591
3119504410
3122220297
3123856339
3124427971
3124556372
3127625071
3127856096
3128000486
3128685321
3128983998
3129928695
3130491885
3130775371
313124390
3132414916
3134502332
3137788454
3137883658
313794394
3137983325
3138182293
3139559635
3141324194
314299323
3144142638
3144276574
3145746284
3146474570
3146523884
3147163189
3147372207
3147609094
3148191039
3148529294
314853900
3149828811
3150467922
3150592096
3151890899
3152033874
3153345762
3154367276
3155921367
3156140766
3156893564
3157281967
3157320595
315769868
3159383016
3160657320
3160750463
3161002332
3161224074
3163229326
3163273285
3163521977
3164917337
3165546810
3166099849
3167031048
3167259714
3167298699
3167559250
3167598942
3171715910
3172808273
3172816961
3173495484
3174925017
3176087776
3176152022
3176464890
31768346
3177031074
3178964832
3179064108
3179076327
3181711456
3182885027
318384635
3184600142
3186023188
3187507249
318814800
3190017080
3190449134
319093607
3195991689
3197045334
319731454
3197816637
3201146512
3202103499
3202649818
3203747586
3204107552
3204603247
3205346055
3205449449
3207134760
3207739797
3208062612
320830020
3208801145
3209535559
3210625218
3210973893
3212814512
3215481159
3217277995
3217374526
321780305
3218238448
3219811105
3220889252
3221897366
322218627
3226589093
3227196110
3227351908
3229295039
3233206748
3237128613
323845928
3240175853
3240306466
3241893604
3243167030
3244738557
3244900832
3245295401
3246881063
3251348845
3252467479
3252710118
3253430062
3255865294
3256414241
3256452752
3260337755
3260417847
3262025383
3262070802
3263691885
3263738734
326488760
3265706138
3270304633
327112573
3271283262
3271766533
3273506786
3274101505
3275878265
3276930866
327697388
3277102733
3279025987
3279039161
3279260056
3280168761
3280421075
3280689325
3282085243
3282783678
3282939681
3283204441
3284172770
3284909537
3284958754
3285062539
3285795578
3287111930
3287120256
3287519688
3288515178
3290712200
3291212764
3291292140
3292724269
3294081923
3295035313
3297132414
3298360937
3299606143
3300682153
3300774660
3300861350
3302172513
3302214043
3303772844
3311384861
331141233
331342856
3314124660
3314191137
3314520257
3314587939
3314813743
3316400591
3320534757
3323008714
3325547732
3329633518
3331681676
3331706811
3331830658
3332070148
3334567311
333568587
3336983062
333781148
3342437693
3342757113
3344168783
3344834336
3345078072
3347002330
3347447754
3348127326
3351172350
335214083
3353692000
3354906831
3354975294
3360010880
3360460427
3361445
3363075084
3363830722
3364641155
3365673839
3366172607
3368084558
3369179291
336961311
3369677211
337009482
3371010842
3371858725
3372313356
3373324338
3373539199
3374566507
3374610543
3375624738
3376207441
3376321637
3377664370
3378143329
3378157819
3380239181
3382474466
3383087061
3385787744
3386168746
3386461358
3386809119
3386869100
3387042769
3387045022
3387141364
338738093
3387414402
3387741132
3389279372
3392118096
3392184428
3392537743
3394588525
3398062998
3398755061
3398926449
3399247862
3399705616
3400849305
3404155230
3405304676
3405557639
340946400
3411023838
3413339533
341354509
3414041813
3414109105
3414884472
3415816707
3415896510
3416046640
3417340543
3417611990
34188518
3420040492
3424866811
3425187297
3425818243
3428489779
3429917796
3431191494
3431830578
3432968706
3433171877
3434730822
3438019168
3439094750
3440461725
3441304745
3441751341
3444497596
3444806072
3445093008
3445691918
3445795179
3447191892
344822241
3448603909
3450988685
3451284792
3454332331
3454488432
345531504
3455335861
3455981585
3456260527
3456812597
3457494838
3459945503
3460241376
3462026150
3462174835
3462455809
3464721637
3465390704
3465457963
3467455558
3468435506
3469566332
346978979
3470430364
3472060209
3472603385
3472876923
3473572526
3473607810
3473664343
3473843095
347388853
3474271053
3474834231
3475801396
3476497672
3476541250
3477415184
3477496965
3481204568
348157832
3483013478
3484257030
3484807252
3484918084
3486337693
3488400278
3490133027
349199058
3494363831
3494445643
3497589619
349792221
349869878
3499476988
3501418466
3501626184
3503093935
3503460463
3503810948
3506250639
350659810
3506714143
3507008509
3507976884
350804208
3508472206
3509119933
3510557888
3513722627
351530845
3516364362
3518751604
3520164920
3520339662
3522614321
352552855
3526862535
3527280120
3527631823
352768274
3527865872
3528764888
3529326726
3529628743
3530431753
353319602
3534027998
3535921110
3537897195
3541272318
3541323555
35460803
3550705500
3551863662
3554866308
3555063304
3556585528
3557217951
3559445604
3559982112
356086553
3561253268
356183832
3562359913
3562857985
3564391163
3565198629
3565234749
3566719437
3572335819
3573805454
357446342
3576997079
3577049864
3577538007
357841411
3580951571
3582025720
3582919687
3584199726
3585697377
3585942273
3588037170
3588667748
3588874648
3589598353
3591325494
3592021430
359354105
3594286457
3594928089
3595825367
3596147929
3596609678
3597595637
359854969
3600066389
3601088754
3601386970
3601906363
3602257101
360260585
3602693699
3603912494
3606953892
360760415
3609726767
3610080442
3610087576
361039225
3611639417
3611766800
3612329543
3616611137
3622329471
3622503365
3623787753
3625145074
3625180126
362629125
3628362007
3628636213
3628669748
3630900666
3632587529
3633120332
3635473609
3635632952
3636765044
3638934558
3640959198
3641131867
3642776105
3644551077
3644830530
3645338433
364571147
3645928723
3646131253
3646700682
3646936877
3648335140
3649004
3650727895
365157260
3651694420
3651987247
3652802526
365285527
3653658779
3655138415
3657613137
3657688272
3659916218
3661712246
366181188
366267678
3663549991
3664251869
3665111211
3665438821
366559036
3666336659
3667164445
3667268425
366778765
3668262813
3670075679
3670326675
3671678709
3673847075
3674156009
3674941133
3676144590
3677195530
367748667
3679337961
3680076334
3680423258
3681079708
3682649462
3683247928
3683336591
3683532261
3684111328
3684719662
3686013987
3686715277
3687459190
3690329874
3690385177
3690414171
3690984179
3692152994
3692434523
3692523607
3692901476
3693887023
3693916519
3694980259
3695302964
3697017929
3699113340
369936725
3699615267
3700202338
3702251427
3703010754
3705286214
3706030999
3706195143
3706828655
3707267375
370933818
371032558
3711163938
3711480484
3713239711
3714187987
3714392269
3715781751
3716986263
3719206420
3720818075
3722336456
3723765462
3723832117
3724889423
3725623584
3726492701
3728324937
3730614452
3734881431
373579544
3736121097
3737216922
3739070528
3739318583
3740271368
3742455396
3743178963
3743263564
3743422641
3744702640
3744789974
374681774
3748358369
3748366247
3748375730
3748625786
3752331078
3754607573
3754695262
3755045136
375510848
3755831366
3756753269
3757491782
3757570519
375898622
3759472767
3759693169
3761473249
3761792816
3762289974
3762759787
3764735584
3765074070
3765393341
3765579553
3765900667
376631724
3766414750
376819625
3768366998
3768865555
3768887086
3770022688
3770338780
3771394295
37750842
3777108792
3778026324
3778920771
3778934402
3781204042
3783078714
3783326648
3784949927
3785494970
3789518940
379408040
3794947540
3796090624
3796634680
3797597029
3798172423
379883768
3799104133
380166535
3804929632
3805258822
3807409410
3807900738
3808836626
3809456679
3810161405
3810744395
3811033434
38127391
381373697
381384488
3813933965
3814502156
3814948727
3815171796
3815588278
3815638573
3818579764
3819471544
3821962608
3822241368
3823012059
3824245907
3826913128
3829271531
3829973096
383145808
383277042
3836006587
3836554846
3838310021
3838788630
3839117675
3840361273
3842927464
3843627384
3844711523
3846244812
384655279
3847232772
3847792770
3848166821
3848500716
3849200190
3849312509
385091364
3851707846
3852600309
3852974345
3854035764
3855525327
385687556
3859471973
3859741209
3862796624
386384018
3864187637
3864960520
3866363051
3866381594
3867633614
3868361345
3869500848
3870179041
3870509693
3872006956
3875893795
3876486621
3877227146
3877778443
3877869322
3878314814
387992415
3879968489
3881562625
3881939256
3883092492
3883281530
3883881386
3884730815
3888935622
3890125119
3891554187
3891648337
3892817883
389284644
3893042837
389361317
3896158412
3898810810
3900711615
3902200800
3903099760
3907063944
3907412268
3908038356
3908242509
391139097
3912343331
3915062022
3915613350
3916012699
3917068259
3921455874
3922783159
392314453
3923495986
3926732912
3928111311
3929202494
3930501897
3931207486
3931272322
3932407444
3933749999
3934043509
3934392655
3935375201
393811759
393903593
3939217522
3939656367
3940645291
3942637752
3944590044
3944962081
3945024312
3945958414
394722241
3947448130
3949336412
3949909234
3950974377
3951434240
3954552842
3954590067
3956236678
3957210544
3957958491
3958564426
3959065352
396115602
396127859
3961681942
3962204696
3962582665
3962620697
3963456936
3963901585
3967528355
3968353987
3968817322
3969081459
3971777360
3973169754
3973186469
3975513748
3977213828
3979112503
3979915068
3981001031
3981911708
3982141532
3986286848
3986412503
3986722606
3986939577
3987727546
3991825232
399226555
3992412308
3992870886
3994105043
3994985806
3995144674
3995710111
3995910631
3996998562
3998493472
3998535559
3999037575
3999506091
4000108204
4001264205
4001602967
4002575699
4004483215
4004702009
4008046010
4008561471
4009271062
4009588337
400960945
4009835229
4011196767
4011358771
4012050831
4012105467
4012838530
4014213100
4016358893
4017264349
4017551552
4018696301
4018959000
4020405325
4022264076
4023105088
4023222585
4023271179
40270297
4027084322
4029430705
4031267809
4033348996
403392877
4034135336
403448206
4035016679
4035684404
4039740440
4040080769
4041107589
4044957195
4045175606
4045258701
4046012957
4046385051
4047408334
4049006042
4050125405
4050347638
405098983
4052777310
4053276219
4053688335
4053983523
4054470400
4055412726
4057022575
4057797978
4058534368
4058782365
4064653417
4064660382
4066880484
4067282078
4068559752
4069264510
4069591199
4070215487
4070781292
407256333
4073216589
4073772721
40768711
4077546361
4077680537
4080596494
4081212390
4087076610
4087306894
4087830264
408971258
4093077762
4093713388
4095589185
4095874443
4099427623
4100659825
4101276800
4102768617
4103121745
410421124
4105288254
4106982550
4108140274
4113130158
4114300808
411480055
4115533277
4117132483
4117217580
4118534144
4118538339
4118876081
4118974115
4119894584
4119980313
4120042360
4120959969
4121598760
4121985853
4122441456
4124874882
4125087017
4125131675
4126274937
4129102202
4129684066
4130017105
4133290421
4134452487
4136707184
4136938955
4138416830
4139465573
4139679802
4141011349
4141175124
4141842486
4141931318
4143571262
4143644115
4143707964
414373605
4144281494
4144991869
4145009491
4146074564
4146159647
4146259223
4146742063
414767199
4149232133
4151995115
4152126257
4152403479
4153901890
4154352460
4154443663
4155837533
4156969510
4158288543
4159100231
4161052426
4161483383
4161623194
4165143410
4166293558
4166336522
4169131623
416919223
4169475981
4169952013
4170778606
4171930096
4173751092
4173971667
4174548229
4174618996
417500688
417596955
4175993042
4177217672
4177316978
417957129
4179839434
4179984164
4180928541
4181535874
4183188153
4183549882
4183770842
4184029260
4184487594
4186157091
418618427
4186941059
4187725325
4187840798
4187894498
4188951950
4189113660
4189777860
4189814639
4190154259
4190387383
419087819
4192326925
4192695919
4193501775
4194925184
4197873799
4198374442
4198390224
4199482205
4206277024
4206402300
4208465850
4208776802
4210730144
4213495667
42168087
4217504134
4218722238
4219515218
4219553747
4220872144
4221558735
4222511198
4222880802
4223840446
4229289604
4230172882
4231331280
4231596461
4231707969
4233808704
4235477329
42364540
4236692800
4237882277
423986715
424175924
4242796957
4243635224
4244588535
4244757613
4247932164
4247974314
4248259020
4248775922
4249735918
4250862170
4251001342
4251039948
4251763549
4252024091
4252293062
4253405617
4254035776
4254102458
4256149930
4256274205
4260925457
4263082428
42642225
4264298796
4267563542
426805210
426925137
4269612861
4269636732
4272315140
4273258909
4275254253
427551511
4275580966
4275963575
4277838719
4278199389
4281969750
428335195
4284011859
4284321185
4286910762
4287163443
4287512136
42895394
4293304598
4293423818
433356465
433785552
433959454
434426216
436163171
436562488
440561140
443162490
445574540
446383308
448851199
448971391
449552636
450591567
451293137
452862851
454545756
456556589
457214826
458551174
462035399
462156741
463206042
463413500
464793153
465139768
466174974
467041711
467418644
46808508
468708747
469036824
470015693
470354121
471115645
471247689
472188923
472561156
474521410
474609918
477229793
479681618
479845177
480276930
480834300
481490978
484965288
485827659
489090661
492282745
492741985
492962526
493301536
494533806
495179404
496722441
497384634
49885750
499718222
501908667
502253616
503320092
505837448
50765714
508946927
509741241
510430436
510695270
512893592
514117192
514355044
514555548
514795007
515939348
518761167
518939008
521728458
521747881
521899521
52312048
523274996
524807127
527228694
527377432
528152711
528175616
528514111
529273654
532402941
533508288
533887551
534102402
535722659
538435722
539473063
539975848
540564851
540790861
541388386
544274115
546184158
547226919
547975394
550069022
554934865
555831883
556169810
558509739
55903563
560649465
564251530
564269235
565386466
57126879
57336378
574134165
574608097
576451775
577314313
577451996
577974337
578082740
57897820
580632275
581202077
58131447
581523838
581952076
581962475
582857623
585684645
586853341
587796490
58808135
589048818
589126179
58936579
590065492
59175733
592032008
593234181
593349331
59392361
594631723
594806659
596016434
597972060
59894613
6018562
602162800
603065417
60369473
605913092
608969008
61313572
613397829
615743489
61716274
618477690
618833639
622840906
623861152
625939743
626626126
627966901
629839309
629951327
630409041
631646507
632650516
63267152
632893455
636010951
637983192
638015584
639018356
641478117
641879317
644231418
64481835
646765254
647126139
648514737
649617992
653824600
65390670
654702290
656010400
656889639
656981514
657825928
657998983
659830001
662000807
662101002
66312256
66389363
66444567
664633402
666325173
666459654
668786137
668879534
670150257
670845266
670896652
671804922
672134832
67305708
673090200
674945234
676410461
676599996
677831097
6790735
679320708
681552057
686475576
686987541
690662102
693186013
694568267
695844271
696780656
697773245
698058313
701417097
701545935
702359248
702930144
703328004
704322650
707935281
708882136
709069185
710183823
713525830
71413796
715741632
71602274
716467093
717035266
719597943
721094565
722882531
723635991
72568448
729624848
731496855
73258381
732679725
734359804
735804385
736663890
737467777
738540695
738700073
738767171
739325808
741153272
741861960
742174294
742642849
744815324
745979146
747452075
747752874
748650815
748762380
750046717
750608896
750869749
750888815
753253887
75590744
756273558
756550466
756909831
758225377
759260525
759333041
759333371
759636462
759889533
760343247
762943243
763273580
763723230
763961205
764810159
76536769
765499853
77443644
77689945
778179084
779969246
78074304
781786268
782376499
78284907
782954095
784114043
78431009
784959435
78517883
785526682
785924782
78607273
789239836
789737912
789887367
791424311
793450485
795782366
797288853
797447372
79807181
79905801
80134389
801966529
803919225
805360699
80588514
806526313
807847768
80808258
808157902
809106129
810983071
812427720
814869503
815900223
816737424
817371443
819062932
821154993
825117701
825575691
82579649
826674578
826690564
827226470
827263473
827481067
827607840
828472673
828705994
829038928
829166979
829417230
832985115
834747702
836229764
837120164
837369225
8378070
840706491
84082614
84158671
842430646
842751605
843951616
845582606
847630073
847885767
851110664
855720369
857310420
858036057
858855365
860457812
861293905
863520534
866533519
868023550
870983119
871024478
873707304
875429362
876295168
878490489
879251790
880061923
880596603
880919250
8855752
885778610
886827690
886946252
887831030
888405090
889165987
890225379
890831543
892593207
894301582
894807240
895736381
896280149
896868223
904047375
904649395
904995563
906707574
908225146
909301003
909863553
911062219
912292208
912573372
912886363
912950535
913201585
916879423
91740997
91930993
920066308
920362584
92071139
923061842
923623307
92397873
925506389
926588207
931356752
931475482
932968381
934583863
935217574
935705159
935901864
937405067
937510834
937759688
937769776
939533993
940113521
940125053
940473799
941974952
942047838
942655944
942948485
943246373
94471224
945687161
948145473
948412371
949281930
949555970
951660274
953055351
953355463
954249348
954267501
9557486
956067498
958133386
959285770
959477350
959529455
960609489
96230272
964092244
967074891
967519107
968096503
970122036
971231365
971552970
972846580
973191109
973373593
977907840
978164139
97891669
980095988
981444884
982328139
982473970
982815224
98375715
985470757
986598658
986846137
987694524
988091249
989078824
990167248
991368360
991992616
993513270
994353039
994495079
995733086
995960139
995994241
996418661
997889460
998571723
