0
1
10
1010631135
1024
1025376735
1026556383
102957535
1043661279
1044185567
1047069151
1047986655
1050673631
1055261151
1066729951
1067057631
1067581919
1069154783
1069613535
1069810143
1070137823
1070203359
1070531039
1071579615
1071710687
1072038367
1072824799
1073283551
1073676767
1073678206
1073742303
1073807839
1076167135
1079378399
1082851807
1084359135
1085276639
1086718431
1088096126
1089602015
1093992448
1094779359
1096288126
1097597407
1098383839
1099039199
1099891167
1104282079
1105068511
1110245855
1114591
1119814111
1137050079
114033119
1142096351
1142620639
11534815
1161429471
116982239
1176699359
1217266143
1252655583
1262027231
12976607
1364984287
1368457695
1390937982
1404305408
1421672927
1431634399
143524319
14354302
1496187359
1512440287
1512505823
1516110303
1544
1547502047
155320799
15729119
1580532191
1581056479
1581449695
1581777375
1584857567
15860191
1592132063
1596129759
1598357983
16
1600913887
1601634783
1603600863
1604452831
1605109630
1605632479
1606025695
1606484447
1606943199
1607008735
1607074271
1608450527
1608647135
1609236959
1609695711
1610154463
1610547679
1610613215
1610614654
1612448223
1619001823
1619722719
1622147551
1624967038
1626472927
1628374910
1630144382
1630863360
1633159038
1634533855
1635254751
1640301023
1656685023
1658322944
1659240927
1674969567
16777217
16777729
1678967263
1697186271
1698300383
1724645855
1727594975
1739719135
1754137055
178913759
1789526495
1835487
1846804959
1905328607
1918
1952907743
19531646
1958543839
1968505311
2
20
2014502296
2024800735
20250624
2033058271
20447711
2079195615
2084372959
2085618143
2100298207
2114781663
2117403103
2117927391
2124415455
2129002975
2129986015
2134049247
2134245855
2135622111
2138505695
2138963968
2140799455
2141980542
2142568927
2142896607
2143355359
2143551967
2143617503
2143879647
2143945183
2144272863
2145321439
2146042335
2146107871
2146566623
2146828767
2147025375
2147484127
2147485566
2147549663
2147551102
2147615199
2150760927
2151285215
2153906655
2154955231
2156659167
2159083999
2160132575
2160525791
2163409375
2163540447
2164130271
2165311358
2165506527
2165703135
2167080830
2167799808
2170095486
2172191199
2172846559
2173829599
2178089439
2180579807
2210857439
2215903711
2231108063
2232943071
2234909151
2250506719
22546302
2264531423
2277088634
22867
2291073503
2326462943
2383741407
2398685054
2438791647
2442265055
24642015
2464745342
2466316767
2505441759
256
2569994719
2593194463
26149343
2621309407
26280415
2651783647
2654339551
2654863839
2655584735
2657747423
2661351903
2665939423
2671051231
2672926210
2676556255
2677735903
2678260191
2678456799
2678916990
2680291807
2680750559
2683765215
2684355039
2684356478
2684420575
2684422014
2684486111
2686255583
2686779871
2693530079
2695954911
2697396703
2698774398
2701984223
2704670720
2706966398
2709062111
2710569439
2714960351
2715681247
2747728351
2748776927
2753298911
2754544095
2772107743
2787377631
2798453215
28180959
2827944415
2843804593
2863333855
291242463
2920612319
294715871
2979135967
3
30
3001616254
3032351199
3087473413
3106865631
31184
3123118559
3126788575
3130982879
3156672991
3158180319
3174105567
3191210463
3191734751
3194618335
3202810335
3205930904
3206808031
3207856607
3211592159
3212116447
3212313055
3213427167
3214606815
3215131103
3215787902
3216376287
3217162719
3217359327
3217687007
3217752543
3218080223
3219128799
3219587551
3219915231
3220373983
3220832735
3221225951
3221227390
3221291487
3221292926
3221357023
3223126495
3223388639
3223716319
3226599903
3229286879
3230400991
3232825823
3237216735
3238855135
3239053182
3240822654
3241541632
3241541691
3243837310
3243966943
3245933023
3246588383
3247440351
3251044831
3251831263
3264086016
3264151552
3267363295
3284599263
3285647839
3289645535
3290169823
3304849887
3306684895
3308978655
3324248543
3338273247
334036992
3364815327
3400204767
347931103
3512533471
3551330783
357892575
3579183583
3643736543
3665101279
3695051231
3703243231
3705536991
3710517727
3728081375
3728605663
3732472287
3739681247
3744793055
3751150047
3751805407
3752853983
3753247199
3753574879
3754033631
3754230239
3754557919
3754623455
3754951135
3755999711
3756786143
3757244895
3758096863
3758098302
3758162399
3758163838
3767271903
3769696735
3770483167
3771138527
3772516222
37731
3774022111
3775594975
3775924094
3777036767
3778412544
3780708222
3782803935
3783459295
3786015199
3790537183
3821470175
3822518751
3827040735
3841720799
3872195039
3901686239
393695
3937075679
3994354143
40
4043178463
4049404383
4075358078
4106093023
4114678239
4116054495
4148494336
4180607455
4196860383
4200530399
422445535
4231922143
4247847391
4264559071
4264952287
4265476575
4268360159
4269343199
4274258399
4276355551
4276552159
4286054879
4287168991
4287758815
4288020959
4288610783
4288872927
4290445791
4290904543
4291166687
4291363295
4291428831
4291494367
4292870623
4293657055
4293802043
4294115807
4294574559
438698463
447414751
46072287
472515039
47264
473760223
479
480838111
489685471
496717012
5
500433375
506790367
507314655
510198239
510853599
512
513802719
518390239
523502047
525337055
527172063
527892959
529007071
530186719
531367806
531956191
532742623
532939231
533332447
533594591
533660127
536805855
536871391
536872830
536936927
538706399
539230687
545980895
548405727
556402558
557121536
559417214
560529887
561512927
562168287
563020255
567411167
582943199
601227743
605225439
620429791
622264799
650904031
653853151
656933343
66015
680395231
68878815
715784671
773063135
80
83558879
854067070
894763487
899874816
9109983
917983
9306591
944767455
959316447
975569375
98435551
995164639
