0
1
1075839935
1089432784
1093126048
1096024075
1098137724
1098907648
1102118750
1103233027
1103354105
1104674816
1105481735
1106094343
1106771968
1108158439
1108606976
1109917697
1247084783
1313
1438646511
15
1542783455
1556547334
1556548233
1589838303
1768751583
178913759
1841926314
204932031
2079654127
2154496239
2180186591
2180187071
2277088634
2349532934
2349533533
2506162415
257
25952735
2730100486
2730100785
2863333615
2884436447
3047161856
3053453312
3058696192
3161570048
3184264966
3184265565
3201093120
3205930904
3225419776
3232959504
3235905533
3238002684
3238002686
3243146486
3245925728
3246391297
3246719128
3246922036
3252111609
3252158464
3253611914
3253643144
3253731329
3254441318
3254534074
3256877056
3257925632
3258974208
326566127
326567386
326567686
3421307359
3632136431
3703899071
3758162399
3814261215
3937075439
3937076998
3937077897
4202300890
4202301190
496717012
648020207
990052352
990060544
