0
1
1040027120
1048576000
1048576032
1070510799
1077904022
1078325430
1082654720
1100409651
1100409652
1103806586
1103806587
1103953859
1103953860
1104030908
1104030910
1104454106
1125515743
1313
1431635718
1431636317
15
1703346655
1768948191
1789526495
1810694623
1841926314
1968505311
2277088634
2283799726
2283800326
2419261919
256
257
2664235487
2681799135
2760245727
2843214303
2853241311
3022193119
3205930904
3214155432
3214155456
3231359276
3240821215
3250508866
3250508867
3250651615
3250821881
3250821885
3250910672
344064479
3569484255
3579183583
3613262303
3715434246
3715434545
3779199455
3937075679
3971219935
4237230559
479
496717012
536872110
536872410
