0
1
1017000576
1020723439
1067172416
1070596575
1075209828
1075221880
1075316486
1076625647
1076625887
1079482527
1079898408
1080452708
1080471572
1082009844
1082067512
1082067516
1082067518
1082067520
1082130430
1082571285
1083221432
1083640378
1084102399
1084289766
1084441780
1084679394
1084948719
1085108560
1085658764
1085929635
1086174356
1087031476
1087095874
1087635575
1087635935
1087792742
1087842794
1087966032
1088421888
1088640798
1090302416
1090453502
1090487583
1090519038
1090521137
1090610130
1090968878
1091140364
1091518126
1091866698
1092162150
1092344992
1094699641
1094713343
1095294406
1095537374
1096142280
1096603890
1096622801
1096658320
1096924661
1097867460
1098576960
1099929171
1100286189
1100374611
1100487714
1100976831
1101026360
1101102577
1101315582
1101344969
1101384089
1101805378
1102050311
1102115230
1102229209
1102238383
1102577664
1102874113
1103011774
1103075999
1103203532
1103618986
1104072958
1104994631
1105815055
1106247679
1106266030
1106285429
1106286805
1106290147
1106347819
1106993638
1108082688
1108344832
1109393408
1110441984
1111228416
1111490560
111476975
1115684863
1116078080
1116799455
1116864512
1122500608
113115375
1134821855
1153958367
1235353839
1336213743
1336213983
136642799
1428357239
14352863
1440481759
145293551
1460928631
1460928751
1464076038
1554842079
1599078879
1655439839
1675233030
1686372591
1694631686
1699021279
1727070687
1729561774
175505647
175505887
1762918639
1762918879
1780287238
1784807543
1784807663
1787494639
178913759
1789526495
1802305775
1870463455
1891762415
1891762655
1919680751
1919680991
1928200431
1928200671
1946747119
1951596783
1951597023
1968505311
2013331695
2014502296
2056913375
2105410015
2139554271
2142765295
2147418591
219415007
2275475695
2275475935
2277088634
2292711663
2292711903
2305163503
2305163743
2326462943
233636319
233637638
2382692831
2414936543
2480537839
2505441759
2507014623
2547777655
256
257
2591949039
2593849823
2599682527
2613248239
2649096431
2649096671
267387359
2681995503
2684355039
2684420575
2687631839
2705653999
273219584
274399471
274399711
2769354991
278003951
278004191
2840658159
2840658399
28418
2863202543
2883518703
2888106463
28967151
28967391
2897937582
2906522079
2914583007
3013607903
3014000879
3014001119
3045064704
3047948527
3066298607
3083927671
3171156447
3171469312
3186688239
3193766127
3197899264
3205930904
3213359216
3215320496
3220592552
3223575814
3223781855
3227890124
3227989954
3228255444
3229682065
3229716064
3230384826
3232987752
3234789938
3235742450
3235984524
3237528732
3237964940
3238035448
3238050921
3238480130
3238927840
3239006701
3239957979
3240072485
3240412233
3240445141
3240500408
3240548980
3240795850
3241776513
3242470536
3243516838
3245358247
3245634392
3245762150
3245780883
3245968350
3247872620
3248403539
3248631309
3248728734
3248903692
3249560247
3249995200
3250939724
3251272417
3251326249
3251453007
3251480856
3251862437
3252106561
3252838466
3253534959
3253731328
3254779903
3254779904
3254977991
3255059783
3255089084
3256418783
3256877056
3257925632
3258449920
3261071360
3262119936
3262644223
3262906367
3263168511
3263692800
3265396736
3265658880
3268804608
3283878367
3309699551
3315531776
3409052127
341967087
3456827631
3478782191
3484811743
350421231
3527737583
357892575
3579183583
3590652383
3610706399
362022662
3623880454
3689152751
3689152991
3737552174
3747807471
3747807711
375652591
3761373663
3766944223
376897775
376898015
3777560815
3784966623
3815768543
3827630559
3844604143
3846570463
3852402688
3905421791
4001300719
4016570847
4045930735
4045930975
4092068079
4092068319
4116054495
4120903919
4140040431
4167239430
4229628143
4258857439
4284743799
4284743919
443875807
448595718
486146167
486146287
496717012
536805855
536871391
546505183
558235887
566101766
580190327
593889030
682361311
682362750
690421999
690422239
70713583
733151471
733151711
804258271
807076079
807076319
860881135
860881375
869401055
8847599
893518303
917373407
923271168
927727616
936509679
936509919
963445215
990060544
