0
1
1000
1010434527
1023384064
1023398784
1024
1024328159
1028981095
1031798784
1032189888
1042392768
1042393408
1048576000
1048576032
1049495422
1049495901
1050210944
1052842544
1063343692
1068433647
1070006751
1071317351
1072037888
1072038367
1073676767
1073743742
1073745420
1074530174
1074531852
1075052903
1075839935
1079391766
1082130432
1082130440
1082134624
1082491337
1082606517
1082606519
1082654720
1082868268
1082868270
1082868272
1084031215
1084227584
1084716296
1085538543
1085538783
1087240609
1087240610
1087240702
1088421887
1090696939
1090757082
1090757083
1091240415
1094849796
1094897834
1095902806
1098997904
1099110334
1099170271
1099389229
1100672387
1101405425
1101949842
1102112959
1102112960
1102112962
1102906734
1103398308
1103398309
1103398324
1103725500
1103725502
1104014973
1104406299
1105721915
1105721917
1105787428
1105787429
1106556901
1106556903
1106556905
1106837743
1106837983
1107308454
1107308575
1107616278
1107864574
1108607875
1108641109
1109870685
1109870686
1110096508
1110756388
1110772246
1111029974
1111048113
1111048114
1111469958
1111597526
1111646796
1111770778
1111942014
1112575148
1112727527
1112867324
1112926465
1113010924
1113045432
1113141997
1113275293
1113326047
1113420252
1113744747
1113989330
1114636647
1114767719
1114918252
1114976038
1115516372
1115671297
1116145414
1116145534
1116408012
1116932304
1116932745
1116940826
1117340554
1117727242
1118156118
1118233578
1118243004
1118243019
1118265067
1118267373
1118272876
1118282747
1118354501
1118360058
1118647953
1119025394
1119149738
1119201138
1119202435
1119208759
1119368885
1119441466
1119496326
1119988684
1119996071
1120002100
1120060512
1120121374
1120136232
1120152880
1120230434
1120282340
1120303015
1120484674
1120709531
1120906593
1120906673
1120909997
1120946733
1121325883
1121418175
1121441812
1121580900
1121631114
1121705241
1121739254
1121756641
1121764262
1121781965
1121907402
1122224993
1122263225
1122395178
1122482668
1122530647
1122530743
1122544184
1122561204
1122580425
1122593459
1122782332
1122837846
1122913958
1123040180
1123312125
1123340234
1123409956
1123462919
1123730746
1123828284
1123914007
1123964024
1123992220
1124124785
1124130046
1124184117
1124271010
1124271012
1124319933
1124368849
1124400973
1124446050
1124446102
1124514632
1124574296
1124670521
1124705657
1124711585
1124713580
1124728714
1124733144
1124733173
1124738652
1124770844
1124771469
1124802183
1124843689
1124868560
1124893803
1124970554
1124975619
1124984608
1125019470
1125089459
1125122982
1125179863
1125271495
1125512500
1125547366
1125549166
1125595127
1125597686
1125646602
1125758183
1125876845
1125891532
1125934840
1125999056
1126010899
1126010929
1126049816
1126158760
1126167387
1126191528
1126342216
1126403361
1126442081
1126451714
1126650038
1126872884
1126930656
1127169288
1127327574
1127436518
1127445145
1127469286
1127519136
1127619972
1127678431
1127681120
1127927798
1128203178
1128985862
1128990198
1129045500
1129245216
1129579438
1130263624
1130323262
1135152367
1142161887
1149356979
1149414663
1149475568
1149648017
1149801864
1149825509
1149839886
1149840187
1149842126
1149842427
1149847998
1149848001
1149851382
1149852299
1149856808
1149857342
1149871475
1149891298
1149901521
1149971610
1150027699
1150054178
1150055292
1150058419
1150092149
1150119041
1150120283
1150126546
1150140817
1150167882
1150178992
1150181167
1150181591
1150193058
1150212398
1150213110
1150226724
1150253368
1150257232
1150258593
1150259204
1150259456
1150262871
1150269578
1150272766
1150274927
1150280716
1150298977
1150302705
1150310252
1150312163
1150316310
1150325064
1150325904
1150325905
1150326131
1150326650
1150328963
1150329957
1150335188
1150342688
1150348964
1150349079
1150349381
1150349871
1150353346
1150378525
1150393386
1150395061
1150432163
1150458032
1150473859
1150474907
1150474908
1150475966
1150493927
1150494793
1150501583
1150505694
1150510568
1150525104
1150531170
1150558599
1150559601
1150562710
1150567523
1150568270
1150587500
1150606596
1150613304
1150658075
1150669661
1150687038
1150691124
1150692024
1150700732
1150704695
1150739472
1150762835
1150855363
1150860818
1150902892
1150944511
1150974400
1150990691
1150998487
1151005784
1151013343
1151017217
1151019650
1151044133
1151051075
1151055491
1151063468
1151089273
1151123683
1151124373
1151141715
1151143143
1151144655
1151182768
1151235253
1151296822
1151370167
1151371616
1151407286
1151488690
1151488991
1151489105
1151490931
1151491232
1151496803
1151496806
1151497397
1151501104
1151522747
1151562934
1151571126
1151615534
1151625651
1151676504
1151689763
1151702983
1151704097
1151707224
1151714373
1151737014
1151740954
1151750975
1151759541
1151789622
1151807933
1151808756
1151816688
1151827797
1151829971
1151842749
1151861914
1151862262
1151871834
1151882422
1151894366
1151917558
1151929521
1151947782
1151951510
1151960967
1151964216
1151973868
1151975455
1151997769
1151997884
1151998187
1152
1152002152
1152021900
1152027330
1152028678
1152033569
1152042191
1152043866
1152082807
1152106837
1152159373
1152255257
1152275605
1152357525
1152398485
1152447123
1152447424
1152449363
1152449664
1152455237
1152455240
1152459538
1152634937
1152661416
1152662530
1152665657
1152699387
1152748056
1152758934
1152775121
1152786230
1152788404
1152820347
1152857238
1152887955
1152906214
1152909944
1152919400
1152932301
1152933889
1152956201
1152956317
1152956619
1152960584
1152985764
1153000624
1153002299
1153065270
1153117806
1169031647
1176371559
117902260
1180007
1204552159
1205141504
1209992366
1209992966
1219559903
1224016351
1241186543
1241186783
1242563039
1244071686
1247084783
1252655583
1276576463
1278149087
1290076399
1290076639
1292570124
1293287783
1306657247
131006943
1310458215
1310720
1313
1324286431
133890527
1344930990
1345454559
1361904095
1365574111
1371997958
1387069799
1391198687
1408
1410
1415187081
1416298975
1428161231
1431634399
1431635718
1431701254
1431701374
1432422749
1438646511
1443299687
1443430639
1443430879
1445331183
1445331423
1454047711
1457127663
1464140255
1467025278
1474824062
1474824841
1479344607
1485635943
1489371495
1491535022
1498612071
15
1533215079
1541603807
1542783455
1548878063
1556547334
1556548233
1564148071
1565065695
1576927591
1584988639
1588527583
1589838303
1590428127
1600323823
1600324063
1605304559
1607991775
1610547439
1610547679
1610613215
1610614654
1610616332
1611333632
1611401086
1611402764
1611923815
1614545375
1620902127
1621688679
1636041183
1641808351
1643053415
1645478787
1651507559
1651704167
1653016326
1664
1664549343
1674
1677787495
1686438367
1689387487
1696989663
1707803103
1713242471
1719927143
1731635570
1741423071
1756692959
1756693439
1768751583
1769406943
1771374941
1779433951
1780942598
178913519
178913759
1789526495
1801322735
1801322975
1813447375
1822490624
1823605215
1830158695
1836646879
1841926314
1847329127
1849232009
1859518703
1861157343
1867710823
1872036319
1889272707
1898775007
189989343
190054639
190054879
190055359
1904148959
1905
1923940711
192610543
192610783
19268063
1928528231
193921503
1948385759
1950287742
1954284239
1958412767
1958715584
1962214574
1962215174
1963196775
1965032143
1968505311
1969553767
1979580895
1980170599
1990066415
1990066655
1993998815
20
2000
2013921759
2014502296
2016215519
2022506855
2026242407
2035482983
204407023
204669407
204932031
2070085991
2071069151
2078474719
2079654127
2085748975
2087846367
2101018983
2113798503
2121859551
2125398495
2145255783
2147418591
2147419910
2147549663
2147550622
2147551102
2147552180
2148270080
2151481823
2154496239
2156331487
2158625127
2162426335
2167079391
2176909791
2179989863
2180186591
2180187071
2196963807
2202862527
2208039391
2214723943
2223374695
2233008367
2233008607
2233926111
2256863591
2259878247
2267021791
2269642752
2277088634
2280653279
2293432320
2293432919
2293629407
2293629887
2294285007
2326462943
232915423
2340291039
2349532934
2349533533
2351956447
2359427072
2359820767
2368995807
2378301919
2379525915
238030348
2380464607
239
2396455151
2405499119
2426077663
2426209155
2430599647
2439381471
2465464679
2480275935
2480341471
2481324511
2491220687
2493318918
249364959
2495349215
2495742431
2500
2500133103
2500592095
2505441759
2505443198
2505444276
2506162415
2516517343
2518548959
2520449503
2528838111
2530935263
2531786991
2531787231
253493248
2539520479
2540372447
2542142638
25428207
2553086431
2559443423
256
2565080958
2565082036
2568028399
2568028639
257
2583822575
2588082655
25952735
2624782815
2626421215
263324127
2641692422
2641692721
2646083454
2672885999
2672886239
2675639770
2677605550
2677606150
2682716160
2682716639
2683306343
2684355039
2684420575
2684421534
2684422014
2684423092
2693202399
2695627471
2699297247
2701918687
2705457631
2718433759
2730100486
2730100785
2733834719
2739733439
2744910303
2750415327
2751267295
2760245607
2766012655
2782724575
2796749159
2806513664
282263791
282264031
2826896079
2830303232
2830303831
2831155919
2833449439
2835546351
2835546591
28418
2850619871
2851668447
2854945127
2861171167
2861171647
2863333615
2863333855
2864906479
2864906719
2865168384
2869297511
2877161951
2884436447
2888827359
2897478111
2917335519
2942370031
2945188319
2946041606
2948792799
2949120359
2962948575
296617134
2994536687
3000
3016884463
3016884703
3018195423
3024552415
3031630063
3037004015
3041591775
3042312671
3043885295
3043885535
3045064704
3047161856
3053453312
3055419871
3058696192
3061841920
3067806175
3070230528
3070689639
3077243359
3079013550
3082158319
3089957343
3091071215
3096314335
3099656671
3101884895
3112763871
3120693487
3124953567
312869343
3129344479
3129345198
3140093702
31414
3149939461
316015071
3161570048
3163488735
3171342336
3171457280
3171573504
3184264966
3184265565
3199796998
3199797118
3201093120
3204914912
3205930904
3212259520
3212259552
3212259616
3214148063
3216704248
3219587072
3219587551
3220177255
3221225472
3221225951
3221291487
3221293405
3224371192
3224371200
3228565500
3229679647
3229820288
3232367071
3232498383
3232549280
3235498359
3235786578
3235840280
3237998475
3237998481
3238002687
3238002688
3238035447
3238035448
3238035449
3238789599
3239243892
3242110813
3242110814
3242110816
3242938323
3242938331
3244246598
3245483278
3245544260
3245955448
3246064335
3246670748
3246719455
3247216912
3249354331
3254894467
3257419958
3257574878
326566127
326567386
326567686
3269001695
3275227615
3302883567
3307667695
3325297119
3342730414
3342731014
3345744111
3345809887
3352100864
3363766991
3372810719
3387490783
3388735727
3388735967
3391816039
3398042079
3398042559
3400204527
3400204767
3402039296
3406168423
3408855519
341377024
341508455
3421307359
3425698271
3429268937
3448963551
3454206431
3456108294
3462398071
347013599
3482059231
3485663711
3485991271
3495690719
3502376710
3506438503
351208622
3524723167
3531407599
3545301471
3561423327
3565355487
3568500975
357893894
357894014
357894493
3579183343
3579183583
35848671
3604677087
3610378719
3619029231
3632136431
3633185247
3638755807
3650814431
3663593951
3681289990
368968159
3692429791
3698655471
3698655711
3703899071
3707699679
371589359
371589599
3718775023
3718775263
3730374895
3730375135
3734765927
3737552174
3737911655
3746627823
3746628063
3750494208
3751018975
3751019694
3752919279
3752919519
3754426847
3757048167
3758096384
3758096863
3758163118
3758163418
3758882816
3759472640
3769237983
3782935247
3783590367
3794010591
3801219431
3805872607
3812098527
3814261215
3818324447
382534111
3825598943
3834184159
3838247391
384106975
3844538607
384828111
3857449439
3860268926
3860594927
3860595167
3888971776
3892052447
3895241729
3897952006
3910732425
392102367
3935764959
3937075439
3937075679
3937076998
3937077897
3948151263
3948216559
3948216799
3948217279
3962568943
3962569183
3962831327
3980591463
398196975
398197215
3992979206
3999268983
4021486047
4032561631
4043309415
4054779054
4061528303
4071031263
4074176991
4082172383
40829287
4099670375
4100719071
4116054255
4116054495
41222623
4127130079
4142268895
4150264287
4159244937
4187685343
4200464863
4200793262
4200794461
4202300890
4202301190
4215408390
4231791071
4233298399
426181087
4267245807
4267246047
4271636839
4274782567
4275634535
4277797343
427885023
4281089606
4284350703
4287365120
4289134831
4289135071
4291297759
43057511
43494
4456927
457246470
458948847
458949087
460325103
460325343
473563615
474810717
475136479
477364703
479
487457247
492110183
492373466
496717012
497025503
509083887
509084127
511574495
517472615
517669823
51773919
519702398
520
521074999
526188783
533135839
534446439
535166976
535167455
536805855
537659262
537660340
538050919
550568175
550568415
55116255
554369503
562299119
566428127
577700199
578093535
579340038
590807519
591987167
59459
59639558
600703455
604832223
612565471
616366559
61732
620298719
625215238
629604831
632160735
63832543
648020207
654773172
656149129
667419103
668270592
670302687
67961311
682688991
695206367
705692127
713621743
713621983
715784671
720896
733282783
736952799
741278175
755699212
75694559
758253318
774901260
775946599
788350
789428
790364160
808060078
823656927
83427807
878247936
878315390
878316169
88344326
883884511
888079534
894763247
894763487
895420286
897581056
914358272
915865959
919405023
919601152
920256751
921699023
922746880
923271168
924844032
926941184
933232640
935854080
948765151
964755935
9654
987694974
987695753
990052352
990056448
990058496
990060544
990109696
997589231
997589471
