0
1
1000
1012007391
1023384064
1023398784
1024
1031798784
1032189888
104006111
1045954799
1045955039
1048576000
1048576032
1050210944
1050411367
1051263455
1052842544
1053491559
1054343527
1063343692
1066004320
1066074112
1066599598
1067843823
1067844063
1070006751
107153757
1073615995
1073676527
1073676767
1073742303
1074462720
1074530174
1074531252
1074790098
1074921831
1075052544
1075577071
1076717586
1079270248
1080689119
1082130432
1082130440
1082134624
1082606517
1082606519
1082654720
1082868268
1082868270
1082868272
1083937624
1084227584
1085014255
1085014495
1088421887
1090757082
1090757083
1091877712
1091877716
1091877718
1093055799
1093055802
1093055834
1096399834
1097265009
1098377452
1099273686
1099273687
1099273710
1099694559
1100182334
1102258603
1102282653
1102785203
1104377870
1104490371
1104769195
1106052264
1106785472
1107313040
1107394555
1107394556
11076063
1107791461
1108037237
1108037245
1108200819
1108345591
1108541254
1109199068
1109199069
1109231822
1109231823
1109590495
1109616556
1109616557
1109998438
1109998559
1110306218
1110554423
1111331031
1112560668
1112560669
1112786448
1113446329
1113462194
1113462195
1113719948
1113738058
1114159885
1114287501
1114336738
1114460738
1114571111
1114631946
1115012975
1115265104
1115417470
1115557276
1115616370
1115692874
1115710127
1115758411
1115825029
1115897506
1116059776
1116182078
1116183072
1116646478
1116675414
1116739171
1116799335
1116945452
1117019114
1117022948
1117124338
1117752869
1118277136
1118285654
1118408236
1118473333
1118870849
1119072136
1119400035
1119500898
1119578386
1119587884
1119587906
1119609926
1119612295
1119617721
1119699322
1119899064
1119943690
1119958440
1119992799
1120177210
1120370209
1120494549
1120545947
1120547367
1120553592
1120577936
1120631790
1120701530
1120713816
11207375
1120786398
1120841092
1121094696
1121257013
1121333496
1121340939
1121347058
1121405418
1121466334
1121481062
1121497792
1121575374
1121627152
1121647956
1121829482
1122251532
1122251612
1122254780
1122485442
1122538774
1122670782
1122719335
1122733611
1122763467
1122777521
1122786637
1122797196
1122925655
1122929754
1122975930
1123050000
1123084076
1123101385
1123109033
1123126838
1123151750
1123252296
1123608103
1123719772
1123740078
1123782134
1123827573
1123875544
1123888954
1123925323
1123938352
1124100310
1124107685
1124128038
1124145737
1124148978
1124166139
1124189950
1124229204
1124365227
1124379294
1124386589
1124391640
1124414143
1124507490
1124513261
1124574517
1124615742
1124623349
1124666182
1124691201
1124705300
1124797215
1124802427
1124811923
1124813772
1124815324
1124856494
1124943408
1124992357
1125041273
1125073426
1125099375
1125117509
1125118507
1125187097
1125225774
1125246707
1125342986
1125378032
1125384050
1125385994
1125401135
1125405566
1125405596
1125411109
1125443858
1125474649
1125500689
1125515743
1125516155
1125526462
1125566225
1125642950
1125657020
1125691866
1125747013
1125792055
1125852244
1125943909
1126184966
1126219822
1126221577
1126267531
1126270086
1126319002
1126319639
1126396176
1126418186
1126549262
1126563937
1126607303
1126683285
1126683315
1126720978
1126722233
1126818693
1126831174
1126839801
1126863942
1127014625
1127075775
1127106088
1127322442
1127545258
1127603115
1127841665
1127925506
1127949188
1127949189
1127999956
1128108901
1128117528
1128141668
1128292354
1128353501
1128392222
1128401838
1128600165
1128858079
1129658256
1129662660
1129717896
1129917677
1130935982
1130995622
1133381382
1135152367
1137574367
1149436383
1152
1157169631
1162086150
1184891119
1191644084
1207632351
1219822047
1219822527
1252655343
1252655583
1263731167
1263796463
1263796703
1263797183
1266352367
1266352607
1278411231
1278673855
1284178399
1306657247
130809856
1311772172
1313
1323106783
1327235072
1337065951
1356005615
1356005855
1370358958
1377108207
1386611167
1389756895
1400307951
1400309210
1400309510
1408
1410
1415118848
1415250279
1420755423
142475983
1424950446
1431635718
1431635838
1431636317
1442709983
1445331183
1445331423
1456275935
1457127903
1457848799
1458569935
1471938799
1471939039
15
1501626847
1516373166
1516374365
1530988294
1532756207
1532756447
1534066927
1534067167
1547305439
1548878303
1551106527
1554317791
1561199071
1565852007
1567752671
1567754589
1577977606
1582825711
1582825951
1588134367
1591214439
1591411647
1593444222
1606877663
1608188263
1608908800
1608909279
1610547679
1610613215
1611401086
1611402164
1611792743
1612513519
1612710847
1617560031
1621885167
1624309999
1624310239
1628111327
1629880799
1651442023
1653081862
1660027359
166199775
1664
1664549343
1664614879
1665728991
1665926079
1674
1674445279
167444719
167444959
1686307295
1694040543
1698957062
1703346655
170525031
1705902559
1721762031
1728514996
1729890953
1731635570
1741423071
1741619679
1742012416
17498591
1756430815
176816607
176817087
1768948191
1779433951
1783955695
1787363567
1787363807
178913519
178913759
178915078
178915977
1789526255
1789526495
1807024607
180748288
1810694623
1815019999
1829441036
1831995142
1841926314
1848643084
184877415
1849688423
1864105984
1881801902
1905
1930232287
1951989760
1952057214
1952057993
1957626335
1958715584
1961821358
1963196655
1968505071
1968505311
1969162110
1974141407
1975517423
1989607783
1993146847
1995440847
20
2000
200016351
2014502296
2022506975
2038497759
204407263
2061436798
2061437577
2068316639
2079654367
2084176351
2093418246
2093419145
2098069983
2102722919
2102986202
2114848518
2121990623
2123237246
2123237725
2125005279
2126709215
2143748575
2145059175
2145779712
2145780191
2147418591
2147551102
2147552780
2148337534
2148339212
2148860263
2149647295
2153119983
2157838575
2159345903
2159346143
2165047775
2180645103
2180645343
2182415235
2188444007
2188640615
2189952774
2189952894
2190740105
2201485791
2242839007
2250178919
2277088634
2278359519
2278948864
2283799726
2283800326
2293367263
2304902618
2305688031
2314993903
2314994143
2316370399
2317879046
2320892143
2326462943
232915423
234817286
2350383823
2363883759
2363883999
2366377484
2367095143
2379525915
2380464607
2384265575
2397
2398093791
241107063
2418738350
2419261919
2435711455
2445805318
2460877159
2467168735
24773327
2487681503
2488994441
2490106335
2494759151
2496528863
2501968591
2505441759
2505443078
2505508614
2505508734
2506230109
2511077855
2512453871
2517107047
2517237999
2517238239
2519138543
2519138783
2530935263
2540832638
2548631422
2548632201
2553151967
2559443303
256
2563178855
257
2572419431
2607022439
260768223
2608267503
2608267743
2615411167
2616590575
2616590815
2622685423
2630354694
2630355593
2637955431
2643329503
264372703
264765799
2649031135
2650734951
2657681647
2658795999
2658927071
2662334943
2663645663
2664235487
2674131183
2674131423
2681799135
2684354799
2684355039
2684420575
2684422014
2684423692
2685140992
2685208446
2685210124
2685731175
2688418271
2689990895
2691367151
2694709487
2695496039
2709848543
2716860775
2717057503
2717057983
2717843935
2717846452
2719286147
2725314919
2725511527
2726823686
2738356703
274399711
2749301215
2751594855
2752905695
2760245727
2770797023
2784231903
2787049831
2793734503
2810380767
281085702
2815230431
2841773530
28418
2842558943
2843214303
2844393951
2845182301
285147495
2853241311
2854749958
2863333855
2875130095
2875130335
2886403846
2886404445
2887254735
2888827359
2896297984
2897412575
2903966055
2906720605
2921136487
2923039369
2933326063
2934964703
2939094790
2941518183
2963080067
2972582367
2997748071
3000
3001876959
3002335591
3002663151
3002663391
3022193119
3024095102
302580191
3028091599
3032220127
3037004135
3038839503
3042312671
3043033327
3043361127
3045064704
3047161856
3053388255
3053453312
3053977959
3058696192
3061841920
3070230528
3090022879
3096314215
3100049767
310116591
3109290343
31414
3143893351
3149939461
3152282079
3153461487
3159556335
3161570048
3161653727
3171342336
3171457280
3171573504
3174826343
3180200415
3185902047
3187605863
3195666911
3199205855
3201093120
3204914912
3205930904
3216704248
3218343792
3218343808
3218343824
3219063143
3221225951
3221291487
3221292446
3221292806
3221292926
3221294004
3222011904
3223094420
3223094548
3225289183
3228238063
3228327285
3228565500
3229679647
3229820288
3230073311
3231443964
3231566224
3232366951
3232388592
3234378152
3235498359
3235840280
3236168159
3236562550
3237998475
3237998481
3238002687
3238002688
3238035447
3238035448
3238035449
324010463
3240821215
3241557540
3249629082
3250651615
3253731687
3253928415
3253928895
3254679980
3254884911
3267036934
3267037233
3281781215
3288465767
3296382702
3296498069
3296619881
3296843860
3296997706
3296997707
3297021352
3297035728
3297036029
3297037969
3297038270
3297043842
3297043845
3297047225
3297047226
3297048143
3297052650
3297053185
3297067319
3297087141
3297087142
3297097365
3297116519
3297167453
3297223543
3297250022
3297251136
3297254263
3297287993
3297314884
3297316123
3297322388
3297336659
3297363724
3297374834
3297377009
3297377435
3297388904
3297408241
3297408950
3297422565
3297449212
3297453076
3297454437
3297455049
3297455299
3297458714
3297458715
3297465421
3297468607
3297470770
3297476560
3297494818
3297498548
3297506097
3297508004
3297512157
3297520905
3297521746
3297521747
3297521974
3297522493
3297524806
3297525800
3297531030
3297538530
3297544806
3297544921
3297545223
3297545715
3297549188
3297574367
3297589229
3297590903
3297622217
3297634978
3297645386
3297653876
3297656973
3297669706
3297670754
3297670755
3297671814
3297689490
3297689775
3297690640
3297697428
3297701539
3297706412
3297720953
3297727016
3297754444
3297758555
3297763372
3297764117
3297783346
3297784410
3297820735
3297824959
3297842337
3297882884
3297886972
3297896579
3297900543
3297923432
3297943211
3297958679
3297980313
3298092731
3298098741
3298114589
3298121854
3298122680
3298124878
3298129675
3298140358
3298142881
3298168249
3298170244
3298186538
3298194335
3298195686
3298201631
3298209191
3298213064
3298215496
3298239977
3298246920
3298251336
3298259315
3298265199
3298285119
3298317331
3298319530
3298320222
3298337559
3298338988
3298431101
3298492669
3298504828
3298566013
3298567462
3298603132
3298684538
3298684839
3298684951
3298686779
3298687080
3298692652
3298692656
3298693246
3298696952
3298717818
3298717819
3298718596
3298758779
3298766974
3298824316
3298837466
3298845713
3298872352
3298885609
3298898831
3298899945
3298903072
3298903487
3298910219
3298932861
3298936803
3298955390
3298985469
3299005467
3299012534
3299023643
3299025820
3299057760
3299058109
3299067679
3299078267
3299109486
3299113403
3299125369
3299143626
3299147355
3299156815
3299160065
3299169714
3299171300
3299193616
3299193730
3299194033
3299197997
3299217749
3299223177
3299238040
3299239713
3299266306
3299266686
3299278654
3299302685
3299355222
3299405916
3299451101
3299455099
3299512411
3299545181
3299627100
3299642971
3299643272
3299645211
3299645512
3299651084
3299651088
3299655384
3299735323
3299769813
3299774558
3299779932
3299809553
3299818410
3299830786
3299854589
3299857265
3299858379
3299861506
3299861605
3299889244
3299895235
3299900393
3299943901
3299950159
3299962214
3299963036
3299970968
3299982075
3299984253
3299997029
3300016193
3300035788
3300069468
3300077113
3300083803
3300102060
3300105789
3300115248
3300128147
3300129734
3300152048
3300152163
3300152467
3300156431
3300181609
3300182958
3300187850
3300196472
3300198145
3300241502
3300261119
3300313656
3300323420
3306750191
3306750431
3307667935
3330605415
3333620071
3340763615
3343384576
3354395103
3367174144
3367174743
3368026831
3381264863
338952671
3400204527
3400204767
3414032863
3419275503
3419275743
3421307359
3423274758
3423275357
3425698031
3429268937
3433168896
344064479
3452043743
3454206431
3466527199
3470196975
3475965702
3479240943
3499819487
3499950979
3539206503
3539534063
3539534303
3555066335
3564962511
3569091039
3569484255
3572892846
3572893446
357433823
357892335
357892575
3579183583
3579185022
3579186100
3579904239
3590259167
3592290783
3600744687
3600744927
3605528815
3605529055
3613262303
3613393375
3614114271
3615884462
3624600031
3626893791
3633185247
3638822782
3638823860
3641770223
3641770463
3657564399
3661824479
3698524639
3712614879
3715434246
3715434545
3716352349
3719825278
3721135878
3721136477
3723429038
3737552174
3746627823
3746628063
3747479791
3756457984
3756458463
3757048167
3758096863
3758162399
3758163358
3758163838
3758164916
3766944223
3769369295
3773039071
3775660511
3779199455
3783590127
3792175583
3799384543
3803907846
3803908145
3818652127
3826123231
383385839
3833987431
3839754479
3870490983
3880255488
3895241729
3900637903
3904045056
3904045655
3904897743
3909288175
3909288415
3924361695
3925410271
3928686951
3934978527
3934979007
3937075439
3937075679
3938648303
3938648543
3938910208
3943039335
3950903775
3956146415
3956146655
3958178271
3970433503
3971219935
397738223
397803759
3991077343
4016111855
4018930143
4022534623
4022927719
4036690399
406651119
4068278511
4090626287
4090626527
4091937247
4092002783
4092854511
4097114591
410845423
4115595743
4116054495
4117627119
4117627359
411894239
4129161695
4144431463
4150985183
415236575
4152755374
4155900143
4163764703
4169007343
4170056159
417464799
4175626719
4186505695
4194435311
4198695391
4213835526
4237230559
4240769983
4242014687
4258006790
4258007389
4260299950
4273538822
4273538942
4281089606
4286252506
4287889887
4288218286
4288218886
4293328896
4293329375
4293919079
429523423
43494
442302943
444138970
444139270
444924383
444925102
459998982
47710687
477364463
477364703
479
482608063
486408671
491258335
496717012
49676527
497484015
497484255
509083887
509084127
513540455
516620647
520
521074999
525336815
525337055
529203200
529727967
531562735
531628271
531628511
533135839
535757159
536805376
536871391
536872110
536872410
537591808
538181632
53936607
543817967
543818207
547946975
548143583
56099295
561644239
562299359
562823647
572719583
574620127
579928423
584581599
586547439
590807519
592970207
59459
61732
619776049
623247599
638977918
639303919
639304159
658310318
658310918
661324015
661389791
667680768
667681007
667681247
670761439
689441417
6947055
6947295
71238111
715784431
715784671
715785990
715786889
726860255
726925551
726925791
726926271
741540319
741802943
759300455
764543455
771688198
777977975
800195039
811270623
81592559
822018407
833488046
840303071
849740255
852885983
860881375
863437039
863438298
863438598
86376687
878379367
879428063
894763247
894763487
897581056
905839071
905969664
914358272
918552576
919601152
920977887
922746880
923271168
924844032
926941184
933232640
935854080
937953929
9654
966394335
979173855
981009882
981010182
990052352
990056448
990058496
990060544
990109696
994117382
