0
1
1000
1008009695
1023398784
1024
1028129247
1031798784
1032189888
1039008942
1048576000
1048576032
1050345831
1052842544
1053491559
1053557215
1066074112
1066598879
1070006751
1071055327
1072628071
1073615995
1073676288
1073676767
1074462720
1074790098
1075052544
1076717586
1081016799
1081528266
1082130438
1082130440
1082134624
1082181555
1082515096
1082606517
1082606519
1082654720
1084227584
1084817887
1085430567
1090757082
1090757083
1092092143
1098515151
1098868639
1098868641
1098907647
1100891258
1100917895
1109590495
1111491039
1116799335
11207375
1121452511
112329063
1133904351
1135152367
1141178847
1142161887
1149567455
1149764063
1152
1153827295
1156646961
1160118511
1173029343
1184891119
1204551680
1204551919
1204552159
1207632351
1213531910
122093568
1232536031
1242563039
1251344863
1252655583
1259995615
1263731167
1263796463
1263796703
1263797183
1278411231
1295188447
1296368095
1296368335
1306657247
1308559110
131006943
1313
1314848887
1337065951
1348141535
1358889319
1365574111
1370358958
1386611167
1389756895
1391198687
1397752287
1408
1410
1411514847
1412694495
1414465286
1415250279
142475983
1431175647
1431634159
1431634399
1431634639
1438
1438974431
1442709983
1446642143
1457848799
145883136
145883735
146735823
14877151
149029343
15
1503265247
1509818607
1516044767
1530988294
1547370975
1548878303
158335455
1587282279
1590362471
1591214439
1593377247
159973855
1602945024
1606877663
1610547679
1610613215
1611333632
1611401086
1611402164
1611792743
1611923456
1612710847
1615069663
1617559791
1617560031
1630142943
1639973343
1646461407
1651442023
1653670247
1660289263
166199775
1664
1664549343
1665728991
1674
1674445279
167444959
1686307295
1694040543
1698825390
1698957062
170525031
1728514996
1731635570
1744503263
17498591
176816607
176817087
1783955695
178913519
178913759
178915078
178915977
1789526495
1796866287
1800602079
1800667375
1800667615
1800668095
180748288
1815282143
1821049311
1833239247
1834615143
1841926314
1848643084
184877415
1864105984
1873936863
1892420233
1905
1907229870
1918
1923482079
1926627807
19268063
192741855
1951989760
1952121191
1957626335
1958715584
1958805983
1961821358
1962214574
1962215174
1968505311
1975517423
1979580895
1990066415
1990066655
1993146847
1994719711
1995440847
20
2000
200081887
2002584031
2010973958
2012152047
2013921759
2014502296
2022506975
2036793823
2038497759
2067859206
2079654367
2084176351
2085423453
2085749215
2091188703
2093418246
2093419145
2098069983
2102722919
2104623583
2104625501
2104755974
2104756273
2107638239
2122187231
2123237725
2126709215
2128085351
2143748575
2145059175
2145779712
2145780191
2147418591
2147549663
2148337534
2148338612
2148729191
2158821855
2165047775
2168586719
2177106399
2187788767
2187789007
2188378471
2190740105
2201485791
2202665439
2211381727
221382406
221382526
2223243743
2227044831
2230976991
2235893510
2242839007
2265451444
2266826502
2277088634
2278097375
2278359519
2278948864
2290745583
2293367263
2305688031
2316370399
2319647199
2319647439
2326462703
2326462943
232915423
2333802975
2345402727
2359820767
2360607199
2366377484
2379525915
2380464607
2385579532
2401042432
2418738350
2434335199
2445805318
2488272646
2488926208
2488994441
2493907183
2493907423
2493907663
2494562783
2498757806
2500
2505441759
2506231308
2512781791
2530083295
2532377295
2536636895
254674694
256
257
2575434207
257949935
2598374025
2605253087
260768223
261621510
2616590575
2621112799
2626617823
2635006431
2639659367
264372703
264700263
2648637919
2661941727
2675639770
2677605550
2677606150
2680685023
2681995623
2682716160
2682716639
2684355039
2684420575
2684422014
2684423692
2685208446
2685210124
2685731175
2686255343
2691367151
2691367391
2694709487
2695692527
2701591007
2701918687
2717057503
2717057983
2719286147
2724004319
2725314919
2725511527
2726823686
2738356703
274465247
2779709919
278528479
2787049831
2815230431
2815819776
2830238175
2834694623
28418
2853241311
2854749958
286261607
2863333855
2886403846
2886404445
2887254735
2903248396
2903966055
291832287
2921136487
2934964703
2955609262
2966227293
2966227593
2972582367
2996
2997748071
3000
3006530015
3025865353
3028484575
3033399775
3038839503
3042312671
3042771183
3043033327
3045064704
3047161856
3053453312
3053977959
3058696192
3061841920
3064725983
3074818527
3084781318
3090022879
3091071215
3096314215
3099656671
3100049767
310116591
3102213294
3109290343
3129344479
3129345198
31414
3143893351
3149939461
3152282079
3159556335
3161570048
3171573248
3174826343
3180790239
3181445599
318243055
318243295
3187605863
3188655878
3194552559
3195666911
3198812639
3199205855
3201093120
3204914912
3205930904
3216704248
3221225951
3221291487
3221292206
3221292506
3221292926
3221294604
3222011904
3222079358
3222081036
3222602087
3224371192
3224371200
3225289183
3228565500
3229679647
3229820288
3231580399
3232366951
3235498359
3235840280
3237998475
3237998481
3238002687
3238002688
3238035447
3238035448
3238035449
3238035460
3253731687
3254714847
3254717364
3256157059
3262185831
3262382439
3263694598
3266971398
3266971697
326829830
3280538013
3280567832
3281455368
3281735744
3281815736
3281815737
3281859081
3281889654
3281905532
3281933354
3281964998
3281977068
3281981382
3282007825
3282016807
3282035855
3282114996
3282151898
3282158056
3282263199
3282371390
3282412912
3282524224
3282563439
3282595148
3282639273
3282655713
3282661767
3282667999
3282694175
3282694190
3282733755
3282795928
3282817859
3282876336
3282900794
3282952854
3283063890
3283109707
3283120397
3283120977
3283189904
3283207334
3283214362
3283232321
3283313904
3283346811
3283377449
3283420659
3283476586
3283510143
3283518914
3283564756
3283579617
3283607579
3283634615
3283657607
3283664100
3283812758
3283832721
3283921225
3283928682
3283967942
3283971809
3284045222
3284109317
3284118342
3284121340
3284160672
3284185795
3284240203
3284242109
3284254959
3284286045
3284291343
3284320179
3284411982
3284453768
3284527837
3284787297
3284791493
3284791494
3284795729
3284807187
3284867573
3284871034
3284898197
3284914640
3284992277
3284997634
3284997635
3285004135
3285011011
3285016539
3285033954
3285122872
3285126257
3285142239
3285142700
3285161955
3285164943
3285176608
3285217718
3285241862
3285373240
3285454653
3285638192
3285656354
3285663190
3285694794
3285710644
3285825381
3285923200
3285943202
3286010744
3286064178
3286079473
3286106098
3286172127
3286187782
3286201866
3286325203
3286355776
3286385987
3286431120
3286443190
3286447504
3286501977
3286503433
3286550443
3286565549
3286581118
3286669908
3286729321
3286763763
3286789458
3286817893
3286838402
3286854627
3286885812
3286945238
3286956262
3286970461
3287007077
3287046397
3287050593
3287050594
3287054829
3287068394
3287096161
3287113824
3287122905
3287122926
3287126673
3287130134
3287157295
3287160297
3287160312
3287173738
3287180832
3287248952
3287251377
3287252744
3287260086
3287275639
3287303778
3287327136
3287342458
3287366916
3287385357
3287386593
3287401800
3287412541
3287421055
3287424041
3287432888
3287458716
3287460940
3287464430
3287500962
3287530012
3287563168
3287571502
3287575829
3287656026
3287663899
3287673456
3287680484
3287723590
3287736923
3287780026
3287812933
3287915454
3287942707
3287953892
3287969744
3288002403
3288022411
3288037189
3288064001
3288073701
3288100737
3288200330
3288202302
3288351505
3288353347
3288360842
3288368214
3288386133
3288417451
3288421303
3288422840
3288441115
3288452020
3288465767
3288520330
3288521284
3288527708
3288543252
3288548434
3288627113
3288631672
3288683801
3288691447
3288705767
3288718921
3288724031
3288739624
3288753553
3288753914
3288765498
3288769337
3288778697
3288781949
3288803822
3288823426
3288823427
3288830914
3288844798
3288846598
3288853630
3288921194
3288936137
3288949556
3288961665
3288971348
3288990014
3289026076
3289028933
3289043547
3289298421
3292706328
3292821694
3292943509
3293196224
3293196225
3293288406
3293356340
3293466009
3293559583
3293594010
3293598509
3293618235
3293632730
3293632765
3293641064
3293642554
3293643610
3293660781
3293672141
3293672742
3293676622
3293677223
3293679775
3293688368
3293688375
3293696969
3293735321
3293760323
3293775952
3293818584
3293972738
3294025754
3294047767
3294100725
3294102957
3294109209
3294118263
3294176668
3294201918
3294224157
3294232934
3294241203
3294242504
3294242516
3294274005
3294321608
3294328135
3294350355
3294354703
3294388592
3294418588
329449531
3294506833
3294509555
3294537900
3294545658
3294553802
3294590322
3294597778
3294616693
3294630147
3294642496
3294645670
3294652282
3294669988
3294673696
3294690296
3294690528
3294691134
3294699063
3294704959
3294725786
3294726761
3294735821
3294749421
3294763155
3294779141
3294782492
3294793724
3294829447
3294836609
3294852618
3294876009
3294876010
3294908434
3295013506
3295026394
3295132657
3295197127
3295317056
3295337862
3295346048
3295346935
3295362365
3295424316
3295435861
3295445556
3295454629
3295501390
3295530075
3295530085
3295555229
3295591241
3295605656
3295655176
3295716149
3295727085
3295733082
3295733095
3295739303
3295740934
3295820941
3295848045
3295912254
3295915777
3295969896
3296007809
3296036224
3296045896
3296057482
3296069064
3296075197
3296085115
3296085464
3296092230
3296108113
3296118490
3296236973
3296285692
3296286263
3296294408
3296308065
3296317125
3296391277
3296431344
3296590401
3296640231
3296677212
3296713961
3296750687
3296752084
3296757880
3296776702
3296783668
3296797898
3296810652
3296821055
3296825591
3296852006
3296864282
3296866437
3296870055
3296873856
3296874902
3296879438
3296884680
3296886618
3296897027
3296908611
3296917162
3296917167
3296939030
3296941128
3296948826
3296970907
3296979713
3297005183
3297007086
3297010198
3297015666
3297018665
3297021776
3297022590
3297036048
3297072376
3297093975
3297108251
3297110013
3297120912
3297156029
3297164640
3297170236
3297175072
3297189722
3297194850
3297194856
3297198240
3297206180
3297211369
3297231952
3297267754
3297272587
3297285298
3297294970
3297299328
3297331473
3297342981
3297347763
3297366228
3297373494
3297374320
3297394521
3297403887
3297419889
3297432847
3297458910
3297472239
3297568969
3297576336
3297711374
3297729682
3297761560
3297768204
3297768505
3297770444
3297770745
3297776317
3297776320
3297780618
3297850637
3297875164
3297875394
3297875589
3297956018
3297982497
3297983611
3297986738
3298020467
3298051686
3298069135
3298096200
3298107310
3298109485
3298141427
3298195077
3298209035
3298227295
3298231024
3298240481
3298253382
3298254969
3298277282
3298277396
3298277699
3298281664
3298306843
3298321703
3298323379
3298386351
3298438887
3300065759
3307667935
3318481375
3321102815
3323920743
3330605415
333775327
3342730414
3342731014
3345744111
3345809887
334692591
3347251679
3352101343
3354395103
3361604063
3391620870
339739103
339739583
3400204527
3400204767
3415212511
3421307359
3424125647
3429268937
3433168896
3440836967
3443591517
3447325151
3448963551
3454206431
3458007399
346357999
346358479
3470196975
3471835615
3499950979
3509453279
3514827231
3519548340
3524723167
3534618983
3539206503
3540910559
3564962511
3569091039
357171679
3575710415
357892575
3579183343
3579183583
3579183823
3584819679
3590259167
3590848871
3626893791
3633185127
3633185247
3636920679
3638298494
3646161255
365232607
3672115849
3680764263
3681747423
3689152991
3694529161
3696427247
3698524639
370999775
3711697255
3717661151
3718316511
3721135878
3721136477
3724476775
3732537823
3732668895
3736076767
3737552174
3751019694
3758096863
3758162399
3758163358
3758163838
3758164916
3758882816
3762094559
3763732719
3766944223
3769237863
3773039071
3777495279
3790602599
3809935839
3818258791
3818652127
3818979807
3818980047
3825336679
3833987431
3844538847
3851159302
3867476327
3870490983
3877440436
3880255488
3891593695
3895241729
3901358319
3901358559
3904045056
3904045655
3904897743
391053791
391054271
3915515354
392823263
3937075679
394593454
3947561439
3950903775
3958178271
3970039808
397738223
3978560207
3991077343
4003398111
4007067887
4016111855
4034922246
4036690399
4036821891
4041212383
405537247
4061528303
4076077415
4090888671
4090954207
4091937247
4101833423
4103931654
4104519919
4104520159
4105961951
4111204831
4115792351
4115792831
4116054495
4116055814
4116056413
411894239
4120707551
4120708031
4127130079
4129161695
4139450847
4150985183
4152755374
4157538543
4157538783
4157539023
4158523142
4159570279
4163699167
4169007343
4170056159
4171761414
417464799
418578791
4194435311
4198695391
4200793262
4200794461
4213835526
4235395551
4237033951
4240769983
4249420255
4253157725
4253942239
4259643871
4264101758
4281089606
4293328896
4293329375
4293919079
43450727
43494
436273391
440533471
444138970
444139270
479
483852767
486408671
491323871
492373466
496717012
509018591
520
521074999
529727967
535166976
535167455
535757159
536805376
536805855
53936607
544145647
544145887
547946975
548078287
554369503
556204271
56099295
561644239
562823647
568066527
584581599
590807519
59459
60490207
608109023
61732
618463471
623247599
629868294
637993019
644024669
65995231
667680768
66847199
673121454
673122054
679346895
688390623
699336574
699337353
703070687
707395943
713621983
713622463
715784671
715851526
717619200
721748327
723124703
724435423
734855407
734855647
741802943
75825511
771688198
777977975
797639135
798294495
801243615
801571175
808583647
811270623
81592559
822018407
839451103
846987503
860881375
863437039
863438298
863438598
8782303
894763487
905969664
914358272
916455424
917504000
918552576
919601152
923271168
923795456
924844032
925892608
926941184
92733919
930856960
931659776
932708352
933232640
934609135
935329792
935854080
954335711
9654
966394335
979173855
98304479
990040064
990052352
990056448
990060544
990109696
990249439
997589231
997589471
