0
1
1000
1004732895
1012007151
1014104543
1014303069
1015358464
1018101999
1018102239
1023384064
1023398784
1024
102629735
1027211623
10289391
1031014150
1031014449
1031798784
1032189888
1032585695
1032652550
1040056679
1040253167
1044907782
1048117727
1048576000
1048576032
1050210944
1051656671
1052842544
1063343692
1064849424
1067198464
1067753735
1071253254
1071513959
1072037888
1072038367
1072628071
1073615995
1073676767
1073742303
1073743262
1073743742
1073744820
1073745420
1074462720
1074530174
1074531852
1074790098
1075052903
1075455430
1076717586
1077674463
1081016559
1081016799
1082130432
1082130440
1082134624
1082524127
1082606517
1082606519
1082654720
1082868268
1082868270
1082868272
1082974120
1083451420
1084031215
1084817767
1084949199
1086211416
1088421887
1088618975
1090714496
1090757082
1090757083
1091011839
1091154556
1091240415
1092070524
1092811884
1093075183
109314407
1093581412
1093581414
1093581416
1094408921
1094408929
1094779359
1095280669
1095717179
1096891247
1096953867
1097014852
1097426040
1098420800
1098590374
1099210378
1099694559
1100308532
1101347801
1102100556
1103627658
1103735001
1103778876
1103878313
1106182503
1106684311
1106751414
1106751433
1106819210
1107002490
1107324297
11075943
1107632488
1107660179
1107877449
1108008995
1108544564
1108607875
1108630130
1108689521
1108824222
1109038350
1109052586
1109363293
110952687
110952927
1109559596
1109641676
1109674854
1109701949
1109829786
1109833495
1109910682
1109918014
1109987560
1110011424
1110626784
1112222316
1113313348
1113756977
1113926466
1113928791
1113942739
1113977136
1114100251
1114250230
1114377050
1114636647
1114676908
1114767719
1115247217
1115961176
1116145414
1117343537
1117446392
1118071000
1118202104
1118455723
1118641084
1118868004
1119346199
1119606880
1119731620
1119825648
1119969330
1120070222
1120178932
1120461936
1120494728
1120573008
1120643664
1121184185
1121236185
1121734742
1122023236
1122046092
1123089827
1134232031
1135152367
1140916583
1143996895
1147557732
1147673098
1147794911
1148139808
1148447500
1148494790
1148523544
1148524145
1148528024
1148528625
1148539770
1148539777
1148546536
1148548371
1148557388
1148558455
1148586725
1148626367
1148626368
1148646815
1148786993
1148899171
1148952129
1148954359
1148960611
1149028070
1149081854
1149084334
1149096863
1149125407
1149179536
1149201757
1149206106
1149206954
1149206955
1149239645
1149253932
1149254643
1149268257
1149268258
1149294903
1149298766
1149300128
1149300990
1149304405
1149311112
1149314298
1149314299
1149316462
1149322251
1149340511
1149344239
1149351787
1149353696
1149366598
1149367437
1149367438
1149367666
1149368184
1149370497
1149371491
1149376722
1149384222
1149390498
1149390612
1149390915
1149394880
1149397830
1149408730
1149413260
1149420059
1149434919
1149436595
1149499566
1149529583
1149552102
1149558547
1149567335
1149570132
1149598221
1149599095
1149611677
1149613694
1149643912
1149649742
1149686610
1149687602
1149703877
1149705437
1149706896
1149714280
1149718816
1149727438
1149757506
1149759400
1149763280
1149767079
1149768127
1149772663
1149810387
1149810392
1149825633
1149834001
1149841456
1149872937
1149885655
1149895561
1149903424
1149908891
1149911890
1149915000
1149915815
1149969820
1149986137
1150001476
1150003237
1150016163
1150049253
1150062502
1150063461
1150063767
1150067026
1150080260
1150082947
1150087335
1150088081
1150091465
1150099405
1150104594
1150115395
1150123711
1150125983
1150129913
1150133434
1150135555
1150142667
1150152675
1150155186
1150164268
1150167399
1150171912
1150188195
1150190747
1150192553
1150193764
1150194843
1150201526
1150201527
1150208460
1150210189
1150220577
1150224697
1150228247
1150233227
1150238275
1150240987
1150260803
1150262851
1150265297
1150265666
1150283444
1150285674
1150291503
1150305794
1150308055
1150322964
1150344566
1150345614
1150345615
1150346675
1150364636
1150365464
1150365500
1150372290
1150373041
1150373045
1150375305
1150376401
1150395811
1150401877
1150418581
1150424696
1150426691
1150429306
1150433417
1150434884
1150438230
1150438977
1150453725
1150458207
1150465469
1150475068
1150476925
1150477962
1150478343
1150494511
1150496972
1150500419
1150501330
1150503087
1150508712
1150510108
1150514904
1150517524
1150527974
1150533187
1150536201
1150561831
1150562866
1150565956
1150568644
1150569569
1150571439
1150573263
1150575404
1150578266
1150580917
1150590530
1150590532
1150601393
1150608152
1150622907
1150623299
1150623300
1150626201
1150627650
1150630855
1150630856
1150631825
1150633542
1150650429
1150654784
1150679805
1150692451
1150710804
1150747082
1150759549
1150760026
1150762563
1150763238
1150771009
1150773601
1150800840
1150812940
1150815219
1150845086
1150845106
1150861399
1150869196
1150884052
1150890357
1150901294
1150914840
1150921782
1150926198
1150959980
1150980216
1150985057
1150994390
1151012421
1151013850
1151024708
1151090244
1152
1155334383
1159201007
1159201247
1160118751
1176371559
117902260
11796719
11796959
1180007
1183056231
1186070887
1193214431
1195835392
1204552159
1206845919
1216217807
1219624960
1219625559
1220477647
1239941599
1244071686
1244266855
1250558431
1250558911
1252655583
1254490112
1258619239
1259995615
1266483679
1271726319
1271726559
1271794013
1276576463
1278673855
1285619712
1286799839
1293287783
1301414367
1306657247
130810335
1310458215
1311079
131269087
1313
131399680
1322647791
1324286431
1331691759
1334510047
1338114527
1338507623
1352270303
1352401795
1361904095
1383858415
1387069799
1391657319
1400307951
1400309210
1400309510
1407517151
1408
1410
1413874143
1417413327
1420951791
1421541855
1428161231
1431634399
1431635838
1431636916
143196399
143196639
1442709983
1443299687
1444741599
1457127903
1457979631
1457979871
145818079
146080223
146080703
1466565087
1468335278
1471480047
1479279071
1479344607
1485635943
1485636063
1489371495
1491206623
1491273598
1491274676
1494221039
1494221279
1498612071
15
1510015215
1514275295
1533215079
1541603807
1548878063
1550975455
1552810463
1564148071
1572276094
157353434
1575879854
1576927591
1584988639
158794207
1588527583
1597505775
1599078639
1599078879
1603469791
1608908800
1608909279
1609498983
1610547200
1610547679
1610613215
1610614174
1610614654
1610615732
1611333632
1614545375
1617887711
1619395039
1621688679
1621688799
1621820111
1625489887
1628111327
1628963055
1635386063
1636041183
1643053415
1658323423
1664
1671102943
1674
167444719
167444959
1677787495
1686438247
1687685169
168821215
1692205295
1696989423
1696989663
170329862
1713439199
1719927143
1721565423
1721565663
1721762031
1722941799
1731635570
1732706304
1741422592
17498591
1753088719
1756495872
1756496471
1757348559
1761738991
1761739231
1776812511
1781137767
1787363807
1787364287
178913759
1789526495
1791099119
1791099359
1791361024
1795490151
1796866527
1803354591
1815019999
1822490624
1841926314
1843528159
1845430022
1851719799
1859518703
1868562671
1871380959
1874985439
1875312999
1885012447
1889141215
1889272707
1895760231
1905
1918
1920729327
1928528231
19333359
1934623199
1943077103
1943077343
1944388063
1949565407
1954284239
1954677215
1958412767
1958715584
1968046559
1968505311
1970077935
1970078175
1975845343
1979580895
1981612511
1996882279
20
2000
200016351
2003435999
2005206190
2008350959
2014502296
2016149983
2022506975
2028077535
202834639
2040136159
2044723439
2046689519
2046886127
2051146207
2052915679
2066286342
2087846367
211877888
2124153191
2125989638
2125989758
2127233383
2139815936
2140340703
2143748575
2146369895
2147418112
2147418591
2147549423
2147549663
2147550382
2147550622
2147550682
2147551102
2147551281
2147552180
2148270080
2148859904
2149647295
2154496239
2154496479
2156331487
2158625247
2158756559
2162426335
216334575
216334815
2165047775
2172322511
2183397855
218828300
2190606695
2195259871
219545959
2196242911
2197225711
2201485791
2208039391
2223374695
2229141743
2233925871
2259878247
2269642752
2277088634
2278359040
2281439711
2290025167
2293432320
2293432919
2294285007
2313748959
2314993903
2314994143
2318074215
2320892143
2324365791
2324366271
2326462703
2326462943
2328297472
232915423
2332426599
2333802735
2337538527
2337603823
2337604063
2337604543
2340291039
2351956207
2352218591
236716391
2379525915
238030348
2380464607
2382366470
2388656247
2405499119
2408317407
2410873311
2411921887
2412249447
2421948895
2426077663
2428634886
2432696679
2444166318
2457665775
2460418527
2463564255
2471559647
2481324511
2489057639
248905967
2505441519
2505441759
250544607
2512453871
2512781551
2516517343
2518548959
2531656159
253493248
2539651551
2540372447
2542142638
2545287407
2553086431
2559443423
256
2565013983
257
2577072607
257885958
2583822575
2588082655
2589852127
2604795654
2607548166
2616590815
2622685663
262471919
2624913647
2624913887
2624981341
2628780271
2628780511
2630354694
2630355593
2633957855
2642804975
2643330822
2644443615
2645033199
2645033439
2656633071
2656633311
2661024103
2663645663
2664169831
2665021799
2672885999
2672886239
2673737967
2676031967
2676752384
2677277151
2679177455
2679177695
2680685023
2681931526
2682716160
2682716639
2683306343
2684355039
2684420575
2685140992
2685208446
2685209524
2685600103
2685730816
2695496159
2695627471
2695692767
2701918687
2709193423
2709848303
271189166
2720268767
2725249383
2725642719
2727477607
2728460767
2732130783
2736194015
2738356703
2739536351
2748252639
2752381407
2760114655
2766012655
2767847903
2770796783
2770798342
2772764422
2786527102
278659971
2786853103
2786853343
2802322356
2815229952
2818310623
2826896079
2827616495
2836990601
28418
2842558943
2850619871
2854945127
2861171167
2861171647
2863333855
2865168384
2869297511
2870673887
2874409439
2874474735
2874474975
2874475455
288162271
2889089503
2906849639
2912092639
2919237382
2922450444
2925527159
2937913344
2945188319
2947744223
2948792799
2949185895
2952528111
2958819807
2959606239
2969567591
2981037230
298256134
2994536687
2997289439
3000
3000435167
3008430559
3025797120
3025928551
3031433695
3035628718
3042312431
3042312671
3042313990
3042314589
3045064704
3047161856
3049652703
3053388255
3053453312
3058696192
3066954207
3068527071
3069248207
3069968623
3069968863
3070230528
3082158319
3085503113
3101884895
3112305119
3113943519
3126723039
313327975
31414
3141666566
3149939461
3153461487
3157983711
3159556575
3161570048
3171016960
3171017984
3171018496
3171342336
3171457280
3171573504
3171877343
3176530279
317915495
3185444614
3185508831
3185903366
3193503983
3193504223
3197960551
3198812639
3201040743
3201093120
3201630447
3201892711
3204914912
3205077408
3205930904
3209146368
3213623296
3214138528
3214138616
3214148063
3215393007
3215393247
3216704248
3217555935
3218866535
3219587072
3219587551
3220177255
3221225472
3221225711
3221225951
3222011904
3222079358
3222080436
3222471015
3222601728
3223191791
3223495384
3227284200
3227715334
3228238063
3228238303
3228565500
3229679647
3229820288
3230336234
3231447384
3232066492
3232257383
3232367071
3232563439
3233735274
3234291448
3234976216
3235498359
3235840280
3236137522
3236815783
3236815785
3236815874
3237998475
3237998481
3238002687
3238002688
3238035447
3238035448
3238035449
3238461919
3238789599
3239226402
3241898722
3241899363
3243379192
3243427240
32440679
3244432238
3245994442
3246064335
3247004441
3247116889
3247395766
3248148216
3248162566
3248678904
3249411981
3249956378
3249956380
3250018040
3250099325
3250119476
3250119478
3250119480
3250449296
3250641208
3250840317
3250892450
3250913271
3251404826
3251404841
3251732018
3251732020
3252021506
3252036900
3252364688
3252412832
3252681274
3253728452
3253728454
3253793964
3253793965
3253928415
3253928895
3254563437
3254563439
3255053546
3255053666
3255361360
3255577312
3255633706
3256386191
3256627763
3257106214
3257139679
3257211551
3257560857
3257615774
3257615775
3257615776
3257673319
3257841590
3258184414
3258348668
3258456935
3258501470
3258517326
3258517328
3258711063
3258775063
3258793196
3258877083
3259215040
3259342616
3259391877
3259515861
3259687092
3260083047
3260320231
3260472610
3260612412
3260685380
3260685381
3260756010
3260790517
3260870844
3260887082
3261242792
3261489828
3261552333
3261691789
3261734415
3262120295
3262721114
3263088654
3263205102
3264103092
3264348519
3264818717
3264818718
3265196735
3266862262
3267616460
3267735734
3267843233
3267843234
3268629664
3269001695
3269315818
3269329375
3269825856
3269932160
3269936975
3269940388
3269968006
3269972821
3270061974
3270062027
3270130779
3270595753
3271386181
3271424136
3271731794
3271896883
3271912020
3272051307
3272247148
3272458982
3272467902
3272492913
3272500810
3272762751
3272768375
3273044513
3273044515
3273152088
3273368610
3273370189
3273457489
3273474892
3273622437
3273697872
3273730426
3273828950
3273867961
3273916526
3273953763
3273953765
3274271285
3274417363
3274447187
3274520751
3274522855
3274590822
3274626058
3274638752
3274817262
3274818188
3274820607
3274852321
3275053756
3275172645
3275186040
3275264887
3275452424
3275456325
3275467348
3275689818
3275820400
3275837924
3276110106
3276122713
3276384853
3276407263
3276778069
3277236821
3280930566
3285123551
3292922335
3296985567
3304718815
3307667695
33095919
33096159
3309635334
3314024927
3316580831
3339193268
3352100864
3352690688
3355181535
3367109087
3375431919
337773023
3379626463
3390112223
3400204767
3411280351
3411345647
3411345887
3411346367
341377024
3413901551
3413901791
341445257
3421372895
3423274758
3423275357
3425698271
3425960415
3429268937
343671503
3440119308
3443327455
3445948895
3454206431
3456108294
3459321356
3462398071
347013599
3470459359
3474784256
347800031
3484615135
34866051
3492480174
3495690719
3503554799
3503555039
3506438503
351208622
3517908142
3534160351
3537306079
3543400927
354419407
3545301471
3562668032
3562736265
3562799463
3568304607
3572499630
357892575
3579183583
3579185022
357959430
357959550
3579642095
3579904239
358680925
3590259167
3592880367
3592880607
3596
3603825119
3604676847
3605397983
3606119119
3619487983
3619488223
3649176031
3650814431
3663593951
3678537478
3680239855
3680240095
3681616111
3681616351
368968159
3694854623
369557863
3696427487
369688815
369689055
3698655711
3708748255
3713401191
371589359
371589599
3717661151
3718316511
3725526790
3730374895
3730375135
3734831463
3735683551
3737552174
3737911655
3738763623
3738960831
3740993406
3750494208
3752853743
3754426847
3755737447
3756457984
3756458463
3758096863
3758162159
3758162399
3758163838
3758164017
3758165516
3758882816
3758950270
3758951348
3758951948
3759341927
3759472640
3759472999
3768451311
3771859183
3771859423
3775660511
3783590367
3793027971
3794010591
3798991207
3799056743
3799253351
3800565510
3800631046
3801219431
3803842310
3803842609
3812098527
3813278175
3821994463
382534111
3828416991
3833856479
383386079
3841589727
3846506246
384828111
3853451743
385548527
385548767
3860791655
3876064180
3877440137
3888972255
3889561600
3892052447
3894412462
3894413062
3895241729
3903979999
3911319791
3926983135
3928491782
393283454
3934912751
3934912991
3937075439
3937075679
3944415471
3948151263
3948216559
3948216799
3948217279
3956214109
3958178271
3960996559
3962831327
3976990220
3977707879
3979544326
3994878311
3996192268
3997237607
3998175
4008706527
401082238
401083017
4011655168
4021486047
4029351086
4029874655
4034725638
4046324191
4054779054
405602783
4071031263
4071489895
4074176991
4077781471
40829287
40894823
4099538944
4099606398
4099607177
4099670375
4104126943
4105175519
410845423
41091431
4109370542
4112581327
4116054495
4116711294
411894119
4121690591
4127130079
4127719783
4137156967
4140696031
4142268895
4142990031
415629671
4163764703
4170056039
4170056159
4173791591
4183032167
4186046943
4208985982
4208986761
4215408390
4217635175
4226023903
4231725535
4233298159
4233298399
42403590
42403710
4245619167
4248568167
424870247
4250272103
4254532063
4255187423
4257219039
4258006790
4258007389
4259250415
4259250655
4261347687
4269408735
4269539807
4270786430
4270786909
4272947679
4274520543
4274848223
4275634535
427885023
4281089606
4291297759
4292411871
4292608359
43190921
43494
459473255
467861983
473563615
475136239
477233631
479
482608063
487457247
490406247
492110183
495780319
496717012
501024518
501088495
501481951
501483270
503185767
511246815
514785759
520
521074999
526581999
526582239
533135839
534446439
535166976
535167455
536805615
536805855
536871391
536872350
536872830
536873908
536874508
537591808
537659262
537660940
538181991
53936607
540803551
545653215
547160303
547946855
55116255
551748063
554369503
556401119
5570799
566231519
569311591
571736963
577765735
577962343
579274502
585564639
586285535
590807519
592184255
592970207
59459
597361119
604045671
612696423
61732
623247839
632160735
63832543
639500647
646185319
649199975
658964480
667681247
668270592
67174759
682688991
682754048
682754647
683606735
696844767
697633117
705692127
707200774
715784431
715784671
715785990
715786889
720896
727580911
727581151
729612767
739705551
741278175
748748800
755699212
756416871
75694559
75825631
77072433
771424735
773587303
775490185
781582815
785776879
786039263
787415519
788350
789428
790028
791545606
793968999
794820847
805766918
808060078
815399391
815530883
825033183
83427807
850198887
854786407
855113967
855114207
86376927
870646239
876545918
878316169
880542415
88344326
884670943
885064159
889454831
889454951
891290319
894763487
895811943
897581056
902103519
905839071
905969664
906428775
907870687
914358272
919601152
922746880
923271168
924844032
926941184
928842207
929694175
931464366
933232640
935854080
942473695
948765031
952500583
95289823
961741159
9654
973144303
977404383
981009882
981010182
990052352
990056448
990058496
990060544
990109696
996344167
