0
1
1010434527
1012007391
1015744262
1023398784
1023409152
1023409664
1024
1024328159
1028981095
1031798784
1032189888
1032585695
104006111
1040253167
1041106694
1044907782
1048576000
1051263455
1052842544
1054343527
1070006751
1071317351
1072037888
1072038367
1073615995
1073676767
1073742303
1074530174
1074531252
1074790098
1074921831
1076717586
1082130432
1082130440
1082131336
1082134624
1082606517
1082606519
1085931759
1087373312
1088815583
1090518155
1090518159
1090519492
1090757082
1090757083
1090899678
1091240415
1093140480
1094321174
1094712960
1094713129
1094713226
1094713324
1094713343
1094975496
1096547910
1098319394
1098383360
1098907645
1098907647
1098907648
1099169792
1099825149
1100152828
1100480507
1100612631
11076063
1114571111
1116931546
11272671
1127678431
1128595695
1128858079
1135152367
1137574367
1144619809
1144936179
1144957981
1144967041
1145183727
1145183728
1145245953
1145363875
1145428344
1145448413
1145485687
1145492207
1145548275
1145560249
1145569082
1145571486
1145578155
1145583091
1145593311
1145640844
1145642801
1145644061
1145655533
1145667079
1145671072
1145674244
1145676775
1145678568
1145685848
1145700063
1145710891
1145737922
1145761294
1145761304
1145768206
1145771911
1145771912
1145776093
1145776588
1145777082
1145778071
1145803115
1145811151
1145811434
1145820451
1145832682
1145843524
1145848230
1145873583
1145874357
1145884085
1145886392
1145892588
1145936724
1145936935
1145947365
1145958302
1145958401
1145958402
1145964299
1145970521
1145972152
1145979559
1145984047
1146021962
1146031759
1146086335
1146086582
1146089478
1146092375
1146143472
1146143686
1146146995
1146147695
1146154239
1146154760
1146239027
1146267444
1146283177
1146306417
1146316682
1146323449
1146339333
1146349708
1146361349
1146401073
1146402019
1146406856
1146497570
1146506927
1146508191
1146516911
1146525627
1146525864
1146531432
1146531668
1146531767
1146537199
1146570551
1146612936
1146613894
1146622497
1146734748
1146790850
1146871451
11469039
1146989273
1147079644
1147202264
1147267801
1147386335
1147431640
1147450089
1147463380
1147463981
1147467862
1147468463
1147479609
1147479615
1147488209
1147648086
1147726554
1147796550
1147814261
1147839011
1147886621
1147891969
1147894198
1147900450
1147900650
1147955930
1147967909
1147978226
1147987948
1148065244
1148077760
1148119373
1148141593
1148145944
1148209826
1148249018
1148274731
1148316377
1148331668
1148345045
1148381561
1148389020
1148407934
1148414434
1148433734
1148436909
1148481535
1148481769
1148482374
1148490302
1148529801
1148540661
1148570384
1148573731
1148651614
1148660443
1148699677
1148804749
1148824281
1148996510
1149184667
1149277517
1149293901
1149309770
1149310071
1149312012
1149312313
1149317885
1149317889
1149322186
1149384012
1149402124
1149436383
1149441359
1149485211
1149497586
1149524065
1149525179
1149528306
1149562036
1149567195
1149610703
1149616168
1149616960
1149637767
1149648877
1149651052
1149667994
1149681156
1149682993
1149702591
1149726192
1149733205
1149736269
1149743915
1149750603
1149760845
1149768862
1149772590
1149782048
1149794947
1149796535
1149818848
1149818965
1149819266
1149823231
1149826179
1149837080
1149841610
1149848411
1149863272
1149864946
1149908302
1149927920
1149928970
1149980455
1149990221
1150040025
1150054260
1150072260
1150108540
1150120125
1150132226
1150142630
1150147166
1150162549
1150172260
1150178394
1150185855
1150191628
1150196478
1150201014
1150238737
1150238742
1150261605
1150276528
1150295697
1150301285
1150314858
1150314931
1150331771
1150337240
1150340238
1150343348
1150344163
1150429825
1150431587
1150477603
1150479904
1150491811
1150511297
1150516431
1150519814
1150527756
1150532944
1150616546
1150620902
1150628606
1150650687
1150669338
1150670425
1150716766
1150793814
1150832618
1151051258
1151083134
1152
1157169631
1162086150
1169031647
1189021446
1191644084
1205141504
1219559903
122685190
1242563039
1252655343
1252655583
1259995615
1261502943
1278149087
1292570124
130809856
1310720
1311772172
131269087
1312817511
1313
1323106783
1327235072
133890527
1344930990
1365574111
1393295839
1408
1410
1415118848
1415187081
1420755423
1422721503
1424950446
1431634399
1437270495
1439892415
1446708159
1456275935
1457127663
1458569935
1467416935
1474103046
1485636063
1486554047
15
1501626847
1547305439
1561199071
1565065695
1565852007
1583874287
1585119711
1586366214
1597505775
1605304559
1606877663
1608188263
1608908800
1608909279
1610547679
1610614654
1610616332
1611401086
1611402764
1611923815
1616183535
1620902127
1628111327
1636041183
1640760794
1640761094
1641808351
1644036575
1644039092
1645478787
1651507559
1651704167
1653016326
1653803657
1664
1664549343
1671890694
1674
1675493855
1691681007
1705902559
1710424543
1713242471
1713439199
1731635570
1736573407
1741423071
1742012416
1751843175
1756430815
1767966170
1779433951
1780942598
178913759
1789526495
1797784031
1807024607
1813447375
1823474143
1829441036
1830158695
1832913245
1841926314
1843528159
1847329127
1852573446
1861157343
1872036319
1881801902
1896874223
1898775007
189989343
190054639
190054879
190055359
1905
1908868870
1923940711
193069295
193069535
193921503
1952057993
1958715584
1965032143
1968505071
1968505311
1969292762
1969293062
1975845343
1979974111
1980170599
20
2000
2006253807
2011695753
2014502296
2016215519
2022506855
2026242407
2035482983
204407023
2044723439
204669407
2047017199
2070085991
2078474719
2085748975
2101018983
210436575
2106393055
2112094687
2113798503
2121859551
2125398495
2147418591
2147549663
2147551102
2147552780
2148270080
2148337414
2148337534
2148339212
2148860263
2151547359
2156397503
2157838575
2158625127
2159018223
2179662303
2179989863
2182415235
2188444007
2188640615
2189952774
2201485791
2214723943
2233926111
2244019974
2250178919
2254832095
2256863591
2277088634
2278359519
2286814982
2293629407
2293629887
2302215642
2302216541
2307523039
2317879046
2326462943
2333802735
234817286
2350383823
2359427072
2367095143
2368995807
2379525915
2384265575
2392785375
2396455151
2397
2398093791
2402223878
241107063
2426209155
2435711455
2438791647
2439381471
2444099823
2460877159
2465464679
2465792239
2465792479
24773327
2490106335
2491220687
2495349215
2500
2501968591
2505441759
2505443078
2512781551
2516517343
2516910559
2517107047
2520449503
2530935263
2553151967
2559443303
256
2563178855
257
2572419431
257885958
2607022439
2615411167
2622685423
262471919
2624782815
263324127
2637955431
2638807519
2642544989
2642804975
2644443615
2650734951
2658795999
2662334943
2676031967
2684354799
2684355039
2684420575
2684421534
2684422014
2684423092
2685140992
2688418271
2693202399
2695496039
2699297247
2716860775
2723610983
2728460767
2733834719
2739733439
274399711
2744910303
2751594855
2760245607
2770797023
2770798342
2793734503
2796749159
2806513664
2817524191
2827748287
2830303232
2830303831
2831155919
28418
285147495
2863333855
2877161951
2882404591
2882404831
2888827359
2896297984
2897412575
2917335519
2932277727
2933326063
2942370031
2952528111
2959606239
2962948575
2963080067
296617134
298255834
2982676230
2996633959
3000
3002335591
3002466543
3018195423
3019112687
3028091599
3032220127
3037004015
3042312671
3045064704
3053388255
3055419871
3077243359
3079013550
308871407
3090022879
3096314335
3120693487
3124953567
312869343
31414
3148474368
3148476416
3149939461
316015071
3161653727
3168272863
3171342336
3171481600
3171481856
3171573504
3185705919
3186558126
3201630447
3204914912
3205930904
3211264239
3216704248
3219587072
3219587551
3220177255
3221225831
3221225951
3221291487
3221292446
3221292806
3221292926
3221294004
3224110100
3224110104
3224371192
3224371200
3227715334
3228565500
3229679635
3229820288
3230073311
3232498383
3235498359
3235840280
3236168159
3237998475
3237998481
3238002687
3238002688
3238035447
3238035448
3238035449
3238035460
3238789599
324010463
3240165735
3248162566
3269394911
3281781215
3290862599
3290877509
3291182034
3291196944
3291425386
3291461466
3291523132
3291538421
3291576090
3291582128
3291584284
3291611521
3291621996
3291641562
3291651092
3291725194
3291744819
3291753895
3291773853
3291780898
3291842567
3291857853
3291895525
3291901560
3291903716
3291930953
3291940681
3291940688
3291941429
3291955181
3291966058
3291970524
3292031761
3292043990
3292044626
3292048908
3292056222
3292073327
3292073595
3292119716
3292125535
3292129997
3292148448
3292160640
3292160641
3292160642
3292176180
3292188545
3292195279
3292197258
3292200774
3292203160
3292203968
3292205258
3292207379
3292226727
3292235429
3292243301
3292245029
3292250545
3292258609
3292260113
3292260120
3292266831
3292267000
3292285491
3292298756
3292305652
3292317782
3292331885
3292343075
3292343951
3292345097
3292345099
3292351193
3292352808
3292363422
3292366777
3292372639
3292380861
3292390491
3292391983
3292393027
3292397385
3292407678
3292408068
3292408528
3292410903
3292422765
3292423727
3292425645
3292430442
3292444967
3292457578
3292467881
3292482925
3292507977
3292513812
3292516690
3292520206
3292521548
3292529119
3292530627
3292531773
3292535599
3292554208
3292555886
3292557937
3292569977
3292571440
3292579497
3292586433
3292592275
3292594207
3292601580
3292605035
3292616207
3292618189
3292626126
3292627522
3292637658
3292637690
3292651317
3292655792
3292656910
3292659868
3292660568
3292661346
3292662507
3292664837
3292667725
3292670170
3292670573
3292670841
3292672241
3292712254
3292713695
3292714650
3292714673
3292716818
3292721073
3292727109
3292727499
3292727959
3292730336
3292736109
3292736619
3292739268
3292740825
3292756954
3292767288
3292777009
3292778450
3292781111
3292789942
3292791000
3292791002
3292798794
3292805703
3292815392
3292815883
3292819078
3292820480
3292820921
3292822764
3292822765
3292832688
3292849347
3292855031
3292863335
3292866551
3292873640
3292875319
3292898932
3292922335
3292924468
3292928801
3292935639
3292961784
3292965697
3292979133
3292987248
3292989347
3292990006
3292991466
3292997189
3293014519
3293027388
3293029117
3293032683
3293032684
3293033128
3293034082
3293037451
3293040508
3293042696
3293050918
3293055540
3293056051
3293061229
3293089742
3293097483
3293099779
3293101871
3293138107
3293139912
3293144467
3293147145
3293155030
3293156726
3293164714
3293164948
3293165199
3293165200
3293174582
3293176072
3293197769
3293204241
3293214530
3293232848
3293236825
3293239834
3293249254
3293251986
3293252419
3293253747
3293255209
3293266671
3293282134
3293286114
3293286115
3293293164
3293294742
3293316621
3293324449
3293327150
3293327151
3293327152
3293332510
3293343708
3293357593
3293366423
3293421780
3293433988
3293440999
3293448924
3293474462
3293481032
3293484146
3293500845
3293502809
3293538870
3293541728
3293565197
3293612595
3293630045
3293630046
3293630047
3293703237
3293737995
3293753353
3293817281
3293845316
3293858365
3293928554
3293988329
3294020913
3294036506
3294044765
3294066219
3294078829
3294127795
3294141680
3294150511
3294218075
3294286897
3294322956
3294325815
3294363596
32964847
3297116519
3302883567
3328444765
3333620071
3340568026
3340569524
3343384576
3363766991
3364618479
3367174144
3367174743
3368026831
3375431919
3387490783
3391816039
3398107615
3398108095
3400204527
3400204767
3402039296
3406168423
3414032863
341508455
3429268937
3443327455
3446014431
3452043743
3454206431
3479240943
3482059231
3485663711
3486056807
3498051334
3499426271
3499819487
3523871199
3531407599
3552182751
3555066335
3560243679
3561423327
3568500975
3578724831
357892575
3579183583
35848671
3592290783
3604677087
3610378719
3614114271
3615884462
3619029231
3626893791
3633185247
3638755807
3657564399
3661824479
3676964314
3676964614
368968159
3712549343
3737552174
3751018975
3756457984
3756458463
3757048167
3758096384
3758096863
3762356463
3762553191
3765108975
3765109215
3769237983
3769369295
3775660511
3776971231
377882374
3782935247
3783590367
3792175583
379389702
3795911135
3805872607
3807838447
3812098527
3839754479
3841067057
384106975
3844538607
3888971776
3888972015
3888972255
3895241729
3900637903
3911319791
392102367
3924361695
3925410271
3928686951
3934978527
3934979007
3937075679
3938910208
3943039335
3944415471
3962569183
3965452647
3976593647
3991077343
3992979206
3999268983
4000122630
4018930143
4022534623
4022862183
4022927719
4032561631
4034725638
4043309415
4068278511
4082172383
4104126943
4116054495
4137091311
4145742063
4155900143
4155965679
4170056159
4175626719
4186505695
4187685343
4200464863
4205445599
4244570591
4257219039
4259250415
4259250655
4271702375
4274520543
4274782567
4281089606
428605799
4287365120
4287889887
4291297759
4293919079
429523423
43057511
43494
442302943
457246470
457834735
471271174
475136479
47710687
479
480575967
494010847
494012765
496717012
501088495
513540455
514392543
516620647
517472615
520
521074999
526188783
529203200
533135839
536805855
536871391
537591808
537659262
537660340
538050919
538181632
538771695
53936607
543818207
545129407
548143343
548340191
562299119
568197599
570556655
572719583
577700199
578093535
579928423
584122607
591987167
592513673
59459
596510170
600703455
604832223
612565471
61732
620298719
625215238
654773172
667681247
670302687
670761439
711918047
711918527
715784431
715784551
715784671
715785151
720896
726860255
726925551
726925791
726926271
735774470
741540319
769786335
771424735
774901260
781582815
783679727
790364160
800195039
805766918
815727551
833488046
842269151
849740255
852885983
86376687
878247936
878379367
879428063
883884511
888079534
894763487
897581056
905839071
905969664
910163968
910819328
914358272
916455424
918552576
919405023
920977887
921699023
922746880
923271168
923795456
924844032
926941184
927465472
928448991
929038336
930856960
932184064
932708352
933232640
935854080
937232134
964755935
9654
990040064
990052352
990060544
990109696
994117382
994574815
