0
1
1000
1014104543
1014303069
1015939551
1018101999
1018102239
1023398784
1023409664
1024
102629735
10289391
1031798784
1032189888
1032652550
1039008942
1044775151
1048379631
1048576000
1048576032
1052842544
1055916271
1055916511
1064849424
1067198464
1069547592
1069641380
1071253254
1072037888
1072038367
1072628071
1073615995
1073676767
1073742303
1073743262
1073743622
1073743742
1073744820
1074790098
1076717586
1081999339
1082095720
1082130428
1082130432
1082130436
1082130440
1082134624
1082134630
1082524127
1082606517
1082606519
1082654720
1082913376
108331247
108331487
1083364088
1083743679
1084197200
1084197288
1084620141
1084949199
1085743825
1088618975
1090453502
1090453503
1090453505
1090453568
1090454028
1090486223
1090519018
1090748426
1090757082
1090757083
1091011839
1091240415
1091567616
1092616192
1093009647
109314407
1094501365
1094602970
1094680522
1094680523
1094680584
1094680838
1094713342
1094713344
1097594818
1098592027
1098772382
1098872770
1098872771
1098874825
1098874872
1098874888
1098874889
1098874931
1098874933
1098874934
1098874951
1098875142
1098921426
1098976835
1099694559
1100690044
1100732476
1100988336
1100988410
1100988419
1100988426
1100988547
1101003785
1101102584
1101191186
1101819019
1102184447
1103085566
1103085594
1103085699
1103101952
1103618662
1105182720
1105182727
1105199102
1105199103
1105199104
1105216968
1105225318
1107296254
1107296256
11075943
110952687
110952927
1134232031
1135152367
1149567335
1152
1152516575
1155334383
1157759215
1157759455
1159987439
1166999791
1167000031
1170932191
1186070887
1194459375
1195835392
1216217807
1219624960
1219625559
1220477647
1223885039
1239941599
1242497263
1242497503
1244266855
1250558431
1250558911
1252655583
1254490112
1258619239
1266483679
1278673855
1286996207
1286996447
1299775967
1301414367
1303511279
1304494559
130548191
1306657247
130810335
1311079
1313
1331691759
1334510047
1338114527
1338179823
1338442087
1338507623
1352270303
1367278047
1383858415
1390346479
1400307951
1400309210
1400309510
1407582687
1408
1410
1412694495
1413874143
1417806303
1420951791
1431175647
1431634399
1444741599
1457127903
146080223
146080703
1462829535
1466565087
1468335278
1469186947
1471480047
1475150063
1479344607
1480393183
1491206623
15
1510015215
1514275295
152240427
1534198239
155385975
159973855
1603469791
1606942839
1606943199
1608908800
1608909279
1609498983
1610547200
1610547679
1610613934
1610614234
1617559791
1617560031
1621688799
1621820111
1628111327
1632567535
1634992247
1635386063
1636041183
1644626399
1658323423
1660289263
1664
1664614879
1674
1692205295
1696989423
170329862
1709113583
1709113823
1709442822
1721762031
1731635570
1741422592
1744109807
1744110047
1753088719
1776812511
1777861087
177864943
1781137767
1787429343
1787429823
178913759
1789526495
1791361024
1795490151
180814303
1808466159
1815019999
1841926314
1843528159
1845430022
1851719799
1871380959
1874985439
1875378535
1885012447
1893663199
1895760231
1905
1918
1920729327
1928528351
1934623199
1943405023
19530207
1956382470
1958715584
1963655647
1968505311
1974928259
1991901663
20
2000
200016351
2001666287
200343791
2008350959
2014502296
2022506975
2028077535
202834639
2031223023
2031223263
2038956511
2040136159
2045051779
2052915679
205783279
2059206775
2061435119
2077098223
2077098463
2077098883
2086404575
2089484767
2092302575
2094203359
2096365807
2096366047
2097807599
2107244783
2114388087
211877888
2120155855
2124153191
2127233383
2129592559
2139815936
2140340703
2143748575
2146369895
2147418112
2147418591
2147549423
2147549663
2147551281
2147551581
2148270080
2148859904
2149646455
2149647235
2149647295
2149712111
2158625247
2158821855
2159411679
2159542511
2159542751
2160787935
2172322511
2177958127
2179924447
2183397855
2184905303
21889083
2190606695
2195259871
219545959
2199323103
2203058415
2210922615
2213544415
2214396383
221446623
222495199
2227962335
2233925871
2245853663
2251555295
2254373103
225509615
22610159
2277088634
2278359040
2281439711
2296578527
2311782519
2314862831
2320892143
2326462943
232915423
2337538527
2337603823
2337604063
2337604543
2337997039
2341470687
2351956207
2352218591
2359165047
236716391
2379525915
2380464607
2382366470
2388656247
2409170694
2410873311
2421948895
2432696679
2444166318
2460418527
2463564255
2471559647
2489057639
248905967
2500
2504720863
2505441759
2505443078
2505443677
250544607
2512453871
2516517343
2528903467
2531656159
2539651551
254674694
256
25624815
257
2577072607
2584215791
2588934383
2588934623
2589852127
2604795654
2616590815
2617573615
2617573855
2622685663
2627602481
2630354694
2630355593
2631270639
2661089639
2661941727
2663645663
2664169831
2665021799
2673737967
2676752384
2680685023
2684355039
2684420575
2685140992
2685208446
2685209524
2685600103
2685730816
2686320879
2691367391
2695692527
2709848303
2720268767
2725249383
2725642719
2727477607
2733441923
2738356703
2739536351
2748252639
2752381407
2760114655
2767454567
2767847903
2772764422
2777154015
278659971
2802322356
2817851871
2818310623
2824536543
2834694623
2835939807
28418
2842558943
2842755551
2863333855
286786015
2871984607
2874409439
2874474735
2874474975
2874475455
288162271
2884501983
2889089503
2907111663
2917335519
291832287
2922450444
292620038
29360607
2937913344
2947809759
29557215
2962292975
2962293215
2981037230
2997289439
3000
3000435167
3003515119
3004891375
3025797120
3025928551
3026977247
3031433695
3035628718
3042312671
3045064704
3047161856
3050963183
3050963423
3053388255
3053453312
3058696192
3060924655
3061514359
3061514479
3066954207
3068527071
3069248207
3069968623
3069968863
3070034159
3093561583
3096314335
3112305119
313327975
3134914560
3137282048
31414
3141666566
3146776695
3149939461
3152150767
3153461487
3155558879
3157983711
3159556575
3161570048
3171363584
3171877343
3172139247
3176530279
3177971951
317915495
318243055
318243295
3185444614
3185903366
3188655878
3198812639
3201093120
3201892711
3201958007
3203465455
3204914912
3205930904
3209146368
3209363695
3212958144
3216704248
3217555935
3218866535
3219587072
3219587551
3221225711
3221225951
3221291487
3222079358
3222080436
3222471015
3224371192
3224371200
3225480576
3228238063
3228565500
3229618354
3229681550
3229682065
3229820288
3235498359
3235840280
3235935920
3237998475
3238002688
3238017912
3238035447
3238035448
3238035449
3238789599
3241163616
3241651736
3241834696
32440679
3244142528
3245357936
3247469156
3247971784
3249631288
3249913852
3249959186
3250068914
3250068918
3250128646
3250358168
3251641784
3251709853
3251925006
3252080711
3252328580
3253214627
3253279407
3253738952
3253778358
3253928415
3253928895
3254783700
3254800515
3255570143
3255756886
3256094420
3256880856
3257088682
3257667289
3257756430
3257911372
3258191579
3258435029
3258978013
3259240150
3259502294
3259764434
3260436844
3261570628
3261861616
3262120295
3262142399
3262867400
3263022336
3263216351
3263299743
3263301063
3263301484
3263363148
3263516890
3263582291
3263887242
3263956841
3264011588
3264062986
3264070612
3264218999
3264350060
3264358161
3264545820
3264611784
3264674915
3264718619
3264843590
3264846397
3264850533
3264867666
3265136503
3265144189
3265174903
3265208451
3265270402
3265346520
3265459674
3265482558
3265482862
3265494468
3265571548
3265573412
3265637320
3265650908
3265659092
3265660360
3265660791
3265670552
3265690312
3265771834
3265791854
3266053574
3266076167
3266173186
3266194035
3266213702
3266250439
3266303308
3266344196
3266442728
3266483795
3266489425
3266492966
3266549567
3266561458
3266567074
3266578283
3266601105
3266618470
3266626095
3266658189
3266672035
3266913624
3266959415
3266976371
3266976376
3266979321
3266993137
3267021412
3267047139
3267125089
3267217270
3267266127
3267291188
3267313869
3267325893
3267337255
3267343837
3267347521
3267350509
3267352170
3267362681
3267370456
3267400250
3267406015
3267420249
3267423737
3267424527
3267487846
3267492929
3267495370
3267509369
3267550585
3267551350
3267564061
3267568139
3267576964
3267581625
3267583110
3267584660
3267593561
3267599312
3267603283
3267626875
3267628563
3267644178
3267693978
3267699675
3267738916
3267774400
3267775815
3267845630
3267889020
3267900972
3267902004
3267915791
3268019299
3268030518
3268030985
3268141327
3268173984
3268202098
3268271815
3268327298
3268413293
3268515506
3268534290
3268543941
3268543942
3268591650
3268592598
3268625699
3268642674
3268660376
3268675020
3268675448
3268700222
3268720511
3268775872
3268806522
3268931687
3268944185
3268977000
3268998176
3269002256
3269048446
3269068668
3269122526
3269156583
3269173924
3269181561
3269199738
3269200583
3269213063
3269240911
3269242238
3269275125
3269330799
3269362628
3269428252
3269440227
3269513922
3269526083
3269633052
3269649130
3269680572
3269691043
3269697160
3269704222
3269724016
3269729688
3269743854
3269775006
3269797865
3269816888
3269881179
3269950409
3269961477
3269984128
3269984516
3269987844
3270013179
3270013853
3270033575
3270046078
3270047858
3270090664
3270092079
3270199664
3270248302
3270254672
3270254731
3270255132
3270302045
3270310084
3270331298
3270379374
3270418166
3270425097
3270427646
3270434392
3270457467
3270543512
3270547023
3270548706
3270573204
3270576835
3270580871
3270590998
3270592094
3270596918
3270597257
3270641465
3270707064
3270720494
3270729469
3270757582
3270772590
3270827300
3270966972
3271034736
3271146757
3271148078
3271173874
3271174756
3271196503
3271230511
3271329229
3271331356
3271348135
3271462299
3271485977
3271527947
3271576742
3271580513
3271590010
3271591850
3271593411
3271612925
3271622429
3271623398
3271634584
3271638160
3271666214
3271680930
3271742505
3271751799
3271759552
3271759553
3271767874
3271770427
3271817366
3271819343
3271820003
3271820008
3271820462
3271877467
3271885751
3271896596
3271922222
3271925417
3271929206
3271929290
3271935562
3271936808
3271937864
3271943338
3271943861
3271951287
3271981292
3272050186
3272064281
3272082152
3272082358
3272089530
3272156123
3272183637
3272183668
3272213431
3272221951
3272222567
3272250050
3272278756
3272291555
3272331510
3272340137
3272364279
3272421035
3272435105
3272445159
3272469951
3272514966
3272521734
3272540904
3272576112
3272606436
3272630330
3272666204
3272666205
3272721993
3272822786
3272850314
3272876736
3272887519
3273045616
3273048172
3273097088
3273112453
3273174273
3273262014
3273342022
3273461382
3273461411
3273499074
3273500309
3273596790
3273609252
3273617879
3273642022
3273655226
3273720766
3273792707
3273853855
3273917373
3274100529
3274113982
3274222685
3274323353
3274474378
3274619758
3274703591
3274727287
3274727288
3274778048
3274886995
3274895622
3274899695
3274919761
3274965948
3275070447
3275097018
3275097022
3275131594
3275158610
3275170320
3275170321
3275179940
3275218247
3275359163
3275378261
3275490236
3275621312
3276014520
3276211132
3276276663
3276407263
3276436352
3276495990
3276669883
3277714084
3277773723
3279160253
3281453535
3285123551
3288728031
3296152050
3296152052
3296168435
3296201204
3296266738
3296266739
3296487739
3296578035
3296603104
3296676340
3296709109
3296723931
3296756986
3296773371
3296797946
3296806137
3296822523
3296838905
3296896250
3296896380
3296929019
3296985567
3297002746
3297040525
3297042938
3297048744
3297053124
3297059765
3297074159
3297084665
3297088248
3297088549
3297090488
3297090645
3297090789
3297096361
3297096364
3297098944
3297100662
3297103130
3297103721
3297104367
3297107428
3297111765
3297112084
3297113964
3297115196
3297115969
3297116396
3297116411
3297116754
3297117065
3297118287
3297118650
3297118685
3297119112
3297119121
3297119251
3297120215
3297133278
3297133888
3297147446
3297161273
3297165976
3297167427
3297168913
3297171148
3297174777
3297182970
3297195257
3297204081
3297209159
3297214927
3297215091
3297215345
3297217535
3297217811
3297219612
3297219614
3297220215
3297222054
3297223930
3297224306
3297224811
3297225050
3297226527
3297227929
3297229481
3297230658
3297233521
3297233935
3297234015
3297234457
3297234815
3297235400
3297235465
3297235573
3297236186
3297237109
3297237637
3297239190
3297239875
3297242962
3297245434
3297245435
3297246899
3297248506
3297249972
3297250668
3297250732
3297253912
3297257776
3297264828
3297268650
3297274152
3297276061
3297289098
3297289466
3297298341
3297299998
3297302512
3297302540
3297303654
3297306781
3297312789
3297313247
3297335120
3297338047
3297339110
3297340512
3297347048
3297347866
3297348865
3297349516
3297355001
3297355002
3297356538
3297371034
3297371321
3297371387
3297375082
3297388073
3297389179
3297391608
3297412846
3297413563
3297416244
3297426493
3297426905
3297427333
3297427354
3297429529
3297436921
3297437872
3297438445
3297453305
3297461471
3297462340
3297467500
3297467716
3297469883
3297478002
3297481308
3297487765
3297489451
3297491247
3297491542
3297497851
3297500870
3297503772
3297527602
3297527736
3297529078
3297532982
3297533179
3297533288
3297534214
3297535225
3297535226
3297540184
3297541830
3297542050
3297545099
3297546597
3297547337
3297549563
3297551067
3297556853
3297560525
3297563776
3297565120
3297566328
3297567578
3297573425
3297575012
3297578852
3297582194
3297586069
3297592570
3297597326
3297597440
3297597743
3297600051
3297600463
3297601075
3297601639
3297601708
3297608954
3297621458
3297626887
3297641747
3297643423
3297666298
3297674491
3297682364
3297682682
3297706394
3297715450
3297719455
3297723642
3297748218
3297758930
3297764602
3297805562
3297821946
3297846521
3297846522
3297854813
3297879290
3297903866
3297916124
3297928442
3297953018
3297961210
3297965276
3297969401
3297977594
3297977906
3297985786
3298018553
3298043130
3298043131
3298046681
3298046982
3298047196
3298048921
3298049222
3298051322
3298054794
3298054797
3298059095
3298067706
3298088156
3298137559
3298139930
3298157818
3298170076
3298174202
3298190712
3298192604
3298210015
3298234495
3298260974
3298262088
3298265215
3298266204
3298298945
3298299649
3298305274
3298334166
3298347612
3298354426
3298374678
3298374876
3298385787
3298387962
3298406407
3298415836
3298419904
3298432220
3298437097
3298443167
3298447822
3298487512
3298505771
3298509501
3298518695
3298518958
3298522206
3298527454
3298531858
3298533446
3298555760
3298555874
3298556177
3298560142
3298579888
3298585320
3298600180
3298601856
3298611712
3298635155
3298635642
3298637020
3298640796
3298664828
3298681152
3298683342
3298717364
3298718940
3298751708
3298800860
3298813244
3298858204
3298972860
3299005113
3299005414
3299007354
3299007655
3299013227
3299013231
3299017528
3299062596
3299079354
3299131956
3299142075
3299192927
3299205988
3299219406
3299220520
3299223647
3299257379
3299306045
3299324357
3299325179
3299333110
3299344219
3299346396
3299359172
3299363337
3299376498
3299378336
3299421534
3299428548
3299445944
3299456188
3299464203
3299467931
3299477390
3299479498
3299490290
3299491876
3299514193
3299514308
3299514610
3299518575
3299521524
3299532423
3299536955
3299543754
3299545102
3299549993
3299558615
3299560289
3299623262
3299670653
3299675797
3299735369
3299767603
3299827054
3299827056
3299827569
3299837974
3299842510
3299881199
3299886971
3299891822
3299896358
3299934080
3299934085
3299996629
3300027115
3300032584
3300035581
3300038693
3300039508
3300125169
3300126931
3300151442
3300172947
3300187156
3300206642
3300211775
3300215158
3300223100
3300228288
3300244123
3300311890
3300313636
3300316247
3300364682
3300489159
3300649606
3300746602
3300778478
3301442015
3304718815
3309635334
3316580831
3320578527
3339193268
3347513523
3352690688
3357541550
3357542150
3361081094
3365011635
3367109087
3370254575
3377004663
3389325791
3390112223
3398894047
3400204527
3400204767
3409969391
3423274758
3423275357
342557151
3425698271
3429268937
3433824735
343671503
3440119308
3454075119
3454206431
3459321356
3470459359
3470655967
3474784256
347800031
348193247
34866051
3486646511
3492480174
3493003743
3505914095
3513123295
3540910559
354419407
3545825519
3556246403
3562668032
3562736265
3568304607
3572499630
357892575
357893894
3579183583
3579904239
3584819679
3596
3603825119
3604676847
3606119119
3620536799
3633185247
3649176031
3685679343
3685679583
3688628703
368968159
3694854623
3694920159
369557863
3696296295
3696296535
3708748255
3712614879
3713401191
372900319
3732668895
3737552174
3737977311
3740926431
3752853743
3754426847
3754820782
3755540959
3755737447
3756457984
3756458463
3758096863
3758163838
3758165516
3758950270
3758951948
3759472999
3762618847
3763732719
3768451311
3775660511
3783590367
3789357535
3793027971
3799056743
3799253351
3800565510
3803842310
3803842609
3828416991
383386079
3833987551
3853451743
3854239494
3860791655
3867279599
3867279839
3868722950
3875209455
3875209695
3878552451
3888972255
3889561600
3895241729
3903979999
3915515354
3916956127
391971295
3926983135
3928491782
3937075439
3937075679
3954573791
3956214109
3958178271
3960996559
396427503
396427743
396427863
3976990220
3977707879
3994878311
3998175
4008706527
4014211311
4014211551
4019585503
4029351086
4038721655
4046324191
4046913775
4046914015
4046914435
405602783
4071489895
4075946223
4080140527
40894823
4095934943
4099607177
410845423
41091431
4112581327
4116054255
4116054495
411894119
411894239
4121231599
4127719783
415629671
4163764703
4170056039
4170056159
4173791591
4183032167
4184343007
4197318895
4205838575
4217635175
4218487023
4218487263
4226023903
4232972637
4233298159
42403590
4248568167
424870247
4249550967
4253942239
4255187423
4258006790
4258007389
4259643871
4261347687
4269408735
4269736415
4272947679
4281089606
4281140998
4283367663
43494
44761327
459473255
467861983
468451807
475136239
477233631
479
482608063
490406247
494143238
494143537
496717012
503185767
511246815
514785759
515047663
515047903
520
521074999
525402591
536805855
536871391
536872350
536872830
536873908
537591808
537854851
540869087
545653215
547946855
551748063
557908447
569311591
575340783
575341023
576455135
585564639
586285535
592184255
592970207
59459
597361119
604045671
612696423
61732
623247839
630849775
630850015
646185319
649199975
650314207
658964480
67174759
67764463
67764703
682754048
682754647
683606735
687145439
715784431
715784671
715785990
715786889
720896
729612767
734855407
734855647
735773151
741278175
748748800
749863391
749928927
769786335
77072433
785776879
788350
790028
794820847
79495647
798621935
815399391
815530883
854786407
856883439
856883679
856885897
860225775
860227334
86376927
870646239
870711775
880542415
884670943
889454831
894697711
894697951
894763487
897581056
905839071
907870687
910163968
910775196
911999215
914358272
917176799
922746880
923271168
924844032
927269343
929694175
931135488
931464366
933232640
935329792
935854080
942473695
954664110
9654
968818927
973144303
977404383
981009882
981010182
990052352
990057088
990060544
990104315
998840816
