0
1
1000
1014235375
1014235615
1015939551
1020723679
1023279583
1023384064
1023398784
1024
1031798784
1032189888
1034354927
1034355167
1039008942
1045954799
1045955039
1048576000
1048576032
1050210944
1052842544
1062207727
1062207967
1063343692
1064849424
1066598879
1067198464
1068499183
1068499423
1072037888
1072038367
1072628071
1073615995
1073676288
1073676767
1073742303
1074790098
1076717586
1082130432
1082130440
1082134624
1082606517
1082606519
1082654720
1082868268
1082868270
1082868272
1084227584
1084817887
1084949199
1088421887
1090757082
1090757083
1091011839
1091240415
109314407
1098515151
1099694559
11075943
1107755487
1121452511
1122435551
112329063
1127678431
1135152367
1142227423
1144979935
1152
1155334383
1160118511
1175848830
1176174831
1176175071
1180895581
1204551680
1216217807
122093568
1226312329
1239941599
1240990175
1244266855
1250492895
1250493375
1252655583
1254490112
1258619239
1278673855
1296171367
1308559110
131006943
1313
1314848887
1334510047
1338114527
1338442087
1348141535
1358889319
1376322015
1383858415
1391198687
1397752287
1400307951
1400309210
1400309510
1408
1410
1412694495
1413874143
1417806303
1420951791
1431175647
1431634159
1431634399
1438
1457127903
145883136
145883735
146080223
146080703
146735823
1471480047
1474824841
14877151
1491206623
15
1502085599
1503265247
151126255
151126495
1516044767
1551173981
1554972911
1554973151
1565000159
1569523462
1582825711
1582825951
1587282279
1590362471
159973855
1602945024
1603469791
1604714735
1604714975
1606877663
1608189702
1609498983
1610547200
1610547439
1610547679
1610613215
1610613934
1610614234
1610615133
1611333632
1611923456
1617559791
1617560031
1621688799
1635386063
1636041183
1646461407
1648361951
1653670247
1658323423
1660289263
1664
1670252294
1674
1693517873
1696989423
1714618847
1721762031
1731635570
1741422592
1741422831
1741423071
1744503263
178913759
1789526495
1800602079
1800667375
1800667615
1800668095
1803223279
1803223519
1804534239
180486383
180486623
1815019999
1815282143
1838285279
1841926314
1843528159
1845430022
1851719799
1873936863
1874002399
1885012447
1892876527
1892876767
1895760231
1905
1907229870
1918
1923482079
1926627807
19268063
192741855
1934623199
1952121191
19530207
1958715584
1962214574
1962215174
1968505311
1968506750
1979580895
198052189
1982202095
1982202335
1990066415
1990066655
1994719711
20
2000
200016351
2008809711
2008809951
2013921759
2014502296
2040136159
2052915679
2067859206
2069627119
2069627359
2070937839
2070938079
2085749215
2087977439
211877888
2119696623
2119696863
2124153191
2127233383
2128085351
2128282559
212992479
2130315134
2139815936
2143748575
2147418591
2147549663
2148270080
2148337534
2148338612
2148729191
2148859904
2149647295
2158821855
2161246447
2161246687
2183397855
2188378471
2190018310
2190606695
2199323103
2201485791
2202665439
2211381727
2223243743
2230976991
2235893510
2265451444
2266827401
2277088634
2280980959
2281439711
2320892143
2324300015
2324300255
2326462943
232915423
2337538527
2337603823
2337604063
2337604543
2351956207
2352218591
2357985759
2359820767
2368931590
2379525915
2385579532
2386624871
2401042432
2410873311
2444166318
245236191
2460418527
2463564255
2488926208
2488993662
2489057639
248905967
2490106335
2494562783
2498757806
2505441759
2505443078
2505443677
2506098558
2512453871
2516517343
2526544231
2530083295
2531656159
2532377295
2539651551
254674694
2559443423
256
257
2575434207
257949935
2598373246
2598374025
2604795654
2616590815
2621112799
2622685663
2628125151
2630354694
2630355593
2635006431
2639659367
2641560031
2641561949
2660173694
2660174173
2661941727
2663645663
2665021799
2673737967
2675639770
2677605550
2677606150
2680685023
2681995623
2682716160
2682716639
2684355039
2684420335
2684420575
2684422193
2685208446
2685209524
2685600103
2686255343
2691367391
2695692527
2696216815
2696217055
2701918687
2709848303
2717516015
2717516255
2725249383
2725642719
2726823686
2726823806
2727611017
2738356703
2739536351
2748252639
2752381407
2760114655
2767847903
2772764422
2777154015
2779709919
278528479
278659971
2802322356
2815230431
2815819776
2830238175
28418
2842558943
2842755551
2851864815
2851865055
2853241311
2863333615
2863333855
2884501983
2900754671
2900754911
2900820207
2900820447
2903248396
2917335519
2922450444
2933785055
29360607
2937913344
2955609262
2976252383
2982676230
2996
3000
3025797120
3025865353
3031433695
3035628718
3042312671
3042379526
3042379646
3043101021
3045064704
3047161856
3053453312
3054108911
3054109151
3056009455
3056009695
3058696192
3061841920
3066954207
3069248207
3070230528
3077703550
3085502334
3085503113
3091071215
3099656671
3112305119
3129344479
3129345198
31414
3142123999
3149939461
3153461487
3157983711
3161570048
3171342336
3171457280
3171573504
3171877343
3175743967
3176530279
317915495
318243055
318243295
3188655878
3198812639
3201093120
3204914912
3205930904
3209146368
3211002095
3211002335
3216704248
3217555935
3218866535
3219587072
3219587551
3221225711
3221225951
3221291487
3221292926
3221294604
3222079358
3222081036
3222602087
3222667623
3224371192
3224371200
3228238063
3228565500
3229679647
3229820288
3231580399
3235498359
3235840280
3237998475
3237998481
3238002687
3238002688
3238035447
3238035448
3238035449
3238789599
32440679
3252486623
3253928415
3253928895
3256157059
3262185831
3262382439
3263694598
3275227615
3275293151
3292471905
3292788275
3292810076
3292819136
3292821687
3292950136
3292959820
3293117661
3293215968
3293269572
3293279254
3293280439
3293294370
3293304960
3293368583
3293378231
3293378743
3293393776
3293400200
3293400370
3293401155
3293421176
3293423580
3293429465
3293430249
3293437096
3293444277
3293474379
3293498643
3293507626
3293509813
3293519172
3293528311
3293528868
3293535351
3293537941
3293546255
3293558405
3293558965
3293560643
3293574787
3293577685
3293579250
3293584293
3293613389
3293613399
3293613805
3293649024
3293657271
3293657746
3293690696
3293692786
3293695617
3293697667
3293700005
3293700252
3293703948
3293706321
3293706782
3293707171
3293713210
3293717465
3293719634
3293720590
3293738488
3293739837
3293739838
3293762041
3293763712
3293771774
3293773985
3293779547
3293782961
3293798414
3293799460
3293810395
3293812661
3293816094
3293816394
3293818078
3293822616
3293824245
3293829247
3293834701
3293836142
3293847849
3293853550
3293853552
3293854785
3293854953
3293864302
3293872029
3293879948
3293880077
3293914073
3293917590
3293926302
3293960319
3293960320
3293965753
3293966401
3293976704
3293978927
3293989311
3293995564
3293999090
3294022082
3294023382
3294033327
3294033870
3294036901
3294041253
3294051248
3294070857
3294081037
3294081038
3294083086
3294091122
3294102396
3294119538
3294120007
3294122105
3294124223
3294125625
3294148788
3294158511
3294160145
3294160767
3294161876
3294167283
3294168777
3294174159
3294174166
3294175454
3294175538
3294175540
3294183676
3294183737
3294187301
3294187302
3294191426
3294191794
3294194201
3294200213
3294201802
3294202576
3294202577
3294213976
3294214129
3294222499
3294232096
3294233509
3294234628
3294237024
3294245738
3294263198
3294285835
3294289485
3294297707
3294307339
3294308480
3294308583
3294308745
3294308829
3294325936
3294347289
3294351937
3294351939
3294353185
3294353535
3294360954
3294369004
3294371878
3294377720
3294379190
3294383860
3294389655
3294390292
3294390329
3294402521
3294433547
3294440234
3294463281
3294463756
3294474588
3294492852
3294493594
3294493601
3294503326
3294509119
3294520079
3294528346
3294530113
3294530564
3294532720
3294538756
3294554537
3294555745
3294558975
3294573754
3294576426
3294578120
3294581681
3294591714
3294599295
3294652615
3294653380
3294669566
3294689460
3294697957
3294709089
3294723544
3294762806
3294783191
3294790092
3294802110
3294822762
3294824079
3294844717
3294849998
3294852154
3294858190
3294866520
3294875579
3294881732
3294884635
3294884637
3294895861
3294911148
3294926169
3294972816
3294976127
3294978074
3295027140
3295048962
3295061311
3295082045
3295085050
3295108325
3295108925
3295121085
3295131390
3295153671
3295154565
3295169264
3295183860
3295198976
3295202655
3295211588
3295227644
3295237338
3295238429
3295241295
3295252247
3295260552
3295272408
3295274437
3295283269
3295293584
3295299227
3295302184
3295336879
3295346667
3295350834
3295419655
3295421039
3295455715
3295456812
3295458572
3295477618
3295486691
3295525292
3295528272
3295556772
3295563915
3295564068
3295571681
3295575613
3295585313
3295591122
3295594386
3295607654
3295621414
3295669832
3295669842
3295675566
3295692470
3295720929
3295765936
3295794926
3295855900
3295861348
3295861807
3295866837
3295872834
3295879054
3295880685
3295888556
3295954094
3296022784
3296052006
3296055530
3296117934
3296135127
3296135503
3296136496
3296139306
3296139854
3296147562
3296149673
3296150274
3296154153
3296154754
3296165899
3296165905
3296174499
3296175980
3296187572
3296214953
3296225219
3296231983
3296243573
3296247870
3296258244
3296334379
3296366958
3296394184
3296403359
3296412846
3296423594
3296425449
3296434162
3296482841
3296500554
3296510037
3296525298
3296531032
3296572912
3296578256
3296580487
3296586739
3296586940
3296591133
3296642221
3296654198
3296660643
3296664519
3296670308
3296737239
3296743497
3296751465
3296755511
3296755550
3296756373
3296764304
3296775414
3296777589
3296790366
3296809531
3296829127
3296862807
3296870451
3296877138
3296882950
3296895398
3296899126
3296908584
3296911835
3296921485
3296923072
3296945385
3296945500
3296945802
3296949767
3296969518
3296974947
3296976295
3296981186
3296989807
3296991483
3297008907
3297030424
3297034838
3297040785
3297054454
3297106990
3297116758
3297202872
3297394740
3297395041
3297395255
3297396980
3297397281
3297402853
3297402856
3297407154
3297419831
3297436215
3297518134
3297538770
3297540662
3297558074
3297582554
3297609033
3297610147
3297613274
3297614262
3297647003
3297695671
3297722736
3297733845
3297736021
3297747916
3297763894
3297767963
3297785155
3297804854
3297814061
3297835571
3297853831
3297857559
3297866753
3297867015
3297875513
3297879917
3297881504
3297903818
3297903933
3297904235
3297904726
3297908200
3297933379
3297937323
3297948239
3297949914
3297959770
3297975435
3297983212
3297983700
3297985077
3298012887
3298028717
3298029765
3298029766
3298030826
3298033362
3298048787
3298049651
3298056439
3298060550
3298062327
3298065422
3298066998
3298073911
3298079964
3298086028
3298099766
3298101998
3298102876
3298113456
3298117567
3298122384
3298123128
3298142357
3298153521
3298190390
3298191382
3298209216
3298245983
3298255590
3298259275
3298259555
3298261164
3298264729
3298317690
3298329413
3298341723
3298380617
3298428066
3298450431
3298457752
3298462015
3298489916
3298499369
3298506787
3298513494
3298529256
3298545550
3298553346
3298560490
3298568203
3298574507
3298598988
3298605930
3298610347
3298627492
3298644130
3298646447
3298656453
3298658966
3298671178
3298678541
3298687929
3298696570
3298698000
3298705305
3298705306
3316580831
3323920743
332464367
332464607
333775327
3342730414
3342731014
3345744111
3345809887
3352101343
3352690688
3357541550
3357542150
3367109087
3382053213
3390112223
3391620870
3400204767
3412001007
3412001247
3417702879
3423274758
3423275357
3424125647
3425698271
3429268937
343671503
3440119308
3440836967
3448963551
3458007399
3459910281
3471835615
347800031
3478389095
348193247
3482714591
3492480174
3493003743
3509453279
3524723167
3534618983
3540910559
3560966014
3562736265
3570270687
3573875047
3575710415
357892575
3579183343
3579183583
3579904239
3580232039
3584819679
3590848871
359465199
359465439
3604676847
3606839535
3606839775
3626893791
3633185127
3636920679
3646161255
3680764263
3689152991
368968159
3696427247
370999775
3711697255
3722315526
3722774278
3724476775
3731423471
3732537823
3732668895
3736076767
3737552174
3737977311
3751019694
3752853743
3755540959
3755934055
3758096863
3758162399
3758163838
3758165516
3758882816
3758950270
3758951948
3759472999
3762160095
3763732719
3768451311
3769237863
3783590367
3790602599
3791585759
3791588276
3793027971
3799056743
3799253351
3800565510
3803842310
3803842609
3823043039
3825336679
383386079
3833987551
3843621103
3843621343
3844538847
3857973727
3860791655
386269543
3867476327
3877634527
3884122591
3888972255
3891266015
3895241729
3915515354
3916956127
391971295
3926983135
392823263
3928491782
3937075439
3937075679
394593454
3958178271
3960996559
3970039808
3977707879
3979608543
3980462429
3991077343
3994878311
3998175
4007067887
4007330271
4008706527
4036821891
4046324191
4049994207
405602783
4061528303
4071489895
4076077415
4095934943
4100719071
4101833423
4105961951
410845423
4112581327
4116054495
4116055814
4116055934
4116057012
411894239
4127130079
4127719783
4131062239
4142399727
4142399967
4163764703
4170056039
4170056159
4173791591
4175693694
4175694772
4178641135
4178641375
4183032167
4200793262
4200794461
4217635175
4226023903
4233298159
4235395551
4248568167
4253942239
4256696190
4258006790
4258007389
4259643871
4261347687
4269408735
4272947679
4281089606
4283498735
4283498975
43494
436273391
440533471
455673606
477233631
479
482608063
491258335
492373466
494143238
494143537
494995805
496717012
515376902
515377022
520
521074999
535166976
535167455
535757159
536805855
536807174
536871391
536872350
536872830
536873908
545653215
548078287
551748063
554369503
557908447
586285535
590807519
592184255
592970207
59459
597361119
60490207
612696423
613943345
61732
618463471
647823599
647823839
649199975
658964480
67174759
679346895
682754048
682754647
683606735
70255071
703070687
704315631
704315871
707395943
713687519
713687999
715784431
715784671
715785990
715786889
717619200
720896
721748327
729612767
734855407
734855647
741278175
749928927
75825511
767623647
769786335
794820847
797639135
801243615
801571175
801636711
815399391
817956614
846987503
86376927
870646239
871563503
8782303
889454831
894763247
894763487
897581056
905969664
907870687
914358272
918552576
919601152
922746880
923271168
924844032
925958623
926941184
929694175
931464366
933232640
934609135
934674671
935854080
942408159
948765151
954335711
9654
973144303
977404383
981009882
981010182
990052352
990056448
990058496
990060544
990109696
996869894
997589231
997589471
