0
1
1066599119
1079772214
1120273283
1147195159
1147438312
1149676576
1150046810
1164120155
1166417787
1181549023
1263141763
1340998411
1525876486
1608450827
1674117599
1769407482
1787364167
1789133279
1789526915
1789527154
1801716850
1812202371
1822229798
1850081759
1887438058
1934690353
1976369631
1977876959
2014502296
2058027787
2133985629
2277088634
2368471519
2370241411
237617390
2456486727
2468283087
2484929411
256
2654142943
2698904031
283050463
2902065631
2936209707
308937363
3146449375
3205930904
3214148483
3240781370
3242092087
3267822347
337380047
3379102834
3772645855
3789947719
3825861507
3922395615
3931309050
3931309110
3961913823
4046849138
4082239238
4087677946
4110484235
4133356359
4281534633
449994719
450036611
496717012
769
879231755
