0
1
10
1000
1000669363
1002747338
1015087283
1015678306
1016072062
1017513854
1024
1025
1025640318
1026163167
103090046
1032
1039401439
1049690591
1051263035
1057358303
1062076895
1062404155
107020767
1072760702
1073676767
1073676887
1073676947
1073678745
10789
1083179487
1088947974
1091305951
1109787583
1113195155
1114046943
1118437855
1120633989
1130758323
1133762557
1133828771
1133843917
1133846801
1133879428
1133925330
1133927778
1133928122
1133948339
1133959419
1134142013
1134381359
1134440572
1134615935
1134623249
1134642374
1134644865
1134648903
1134650217
1134650684
1134661255
1134765779
1134783304
1134793973
1134797659
1134799403
1134799994
1134801363
1134803694
1134805217
1134805220
1134805911
1134806237
1134809916
1134888602
1135073988
1135076265
1135076307
1135087299
1135089576
1135105818
1135214651
1135215551
1135257548
1135321344
1135388562
1135426296
1136131445
1136787935
1137455092
1137716827
1138960910
1138962564
1138974299
1138974400
1138974676
1138975326
1138977909
1138980912
1138985322
1138993618
1138995187
1138995453
1139053268
1139053322
1139055166
1139057891
1139058019
1139059543
1139062374
1139063228
1139064741
1139071283
1139074911
1139114799
1139162905
1139168876
1139209080
1139249294
1139249949
1139251794
1139253661
1139253662
1139256939
1139258274
1139280096
1139343079
1139344326
1139389222
1139398597
1139399588
1139405312
1139435303
1139456662
1139496340
1139523807
1139541719
1139614619
1139635798
1139682007
1139704361
1141513306
1150484959
1150616031
1155259577
1155308101
1155355205
1155549003
1155920770
1156009947
1156063107
1156095953
1156108858
1156108876
1156108958
1156109284
1156149790
1156246006
1156299671
1156301201
1156313330
1156317328
1156356024
1156481047
1156537123
1156605372
1156659793
1156682950
1156731051
1156733560
1156747451
1156749121
1156751766
1156752029
1156849500
1156860966
1156869501
1156896198
1156927470
1156930948
1157130826
1157134067
1157140974
1157527675
1157669532
1157670706
1157674056
1157707778
1157728093
1157747140
1157748176
1157749025
1157754339
1157782028
1157787961
1157788297
1157789044
1157794399
1157794402
1157794653
1157794926
1157798163
1157824162
1157824393
1157846149
1157856976
1157857572
1157909393
1157997473
1158001329
1158003132
1158003133
1158003546
1158004988
1158007190
1158007372
1158017684
1158021790
1158028957
1158031398
1158032703
1158037220
1158045234
1158046867
1158050377
1158060638
1158065060
1158065076
1158065110
1158085994
1158099819
1158101372
1158102212
1158103398
1158114587
1158119186
1158179646
1158247459
1158264763
1158956185
1160300655
1160571206
1161149310
1161888343
1161888583
1161890141
117440991
1176963121
1180895102
118552912
1194786995
1198
1199767731
1199771148
1203110067
1203897039
1204966474
1215497630
1216
1216787998
1218380974
1220019494
1221068550
1224540639
1237909983
12407882
1249247711
1250165215
1252655583
1252656602
1259209183
1267204575
1267663567
1269170775
1278542303
1282343511
1292435935
1294403454
1298334175
130624037
1313735615
1314455731
1318
1318387771
1321402847
1327090012
1327217007
1327891630
1333789151
1334185852
1340016030
1343049053
1349124575
1352663519
1360986591
1374194485
1382810079
1383006687
1387856351
1396310495
1424854063
1426783479
1430520287
1430652798
143130863
1431634399
1436680251
1444225491
1449263343
1449460191
1451294959
1453822626
1454309855
1455947955
1461649587
1485570527
1493434547
1493434607
1500
1500381543
1516700127
1517027807
151912927
1519404721
1521878910
1527316959
1532196550
1536
1536988442
1544814771
1546715855
1561068898
1562248546
1564706828
156967261
1576731583
1581122015
1581908447
1583549495
1584726495
1588134367
1592852959
1602816049
1609761247
1610547919
1610613215
1610613335
1621033919
1627587818
1633945589
1644429791
1654981087
1657734079
1672824922
1674379503
16777217
16777473
16777985
1679229227
1684150860
1689845939
1694107518
1703085230
1721108350
1725891039
1727857119
1732248271
1741816707
1753744319
1753745278
1764098527
1774320838
17750
1779368415
178913759
178915917
1789526495
1798701535
1799423270
1799424589
1814430175
1814626543
181600435
1825916319
1826357727
1832059119
1839466366
1842938335
1843265715
1850999743
1851001181
1855522686
1855657728
1869939167
1871905247
1873241014
1880490463
1880818143
1881276595
1896417210
1900610015
1909326003
1920598735
1920731006
1922433623
1924071963
19393
1939603635
1940586975
1941832878
19529
1953695014
1960575455
1960968551
1968505311
1969947103
1973747891
1978073567
198006736
1982248506
1983515213
1984430559
198901939
1996782475
20
2001966185
2012676395
2014220823
2014502296
2019230295
2034446035
2039264322
2060583091
2065957343
2084569267
2087368340
2095087953
2095186099
2119041923
212206047
2136148317
2137391283
2143224287
2146522186
2147418591
2147549543
2147549663
2149516163
21578
2159477695
2160263647
21615
216793567
2170749407
2172978111
2183594943
2188902939
2190082107
2194736003
2200502751
2207121767
2207121887
2207777247
2225147918
2226258099
2229536638
223568951
2236044362
2236809695
2239861461
2245001935
2246247598
2248060981
2256801532
2257256927
2257715319
2271478239
2277088634
2283995735
2289987158
2294941446
2300445151
2312438239
2313161233
2317025759
2326462943
2326484042
23267977
2327206723
2328035807
2347958751
2349793459
2353660383
2356216647
2356217186
2360490478
2368538494
23720
2372537854
2385969631
2388263031
2388263091
2392459014
2392459134
2399050240
2399078929
2401042911
2403664591
2403664771
2405171200
2405171799
2406678528
240713847
240713907
2411594926
2411790515
2412839811
2418081971
2418606259
2421359071
242842342
2431254707
2433287043
2439053791
2445935191
2447245791
2447573771
244842975
2451177951
2457687114
2463695327
2465437650
2471756735
2477130207
2485190775
2488560144
2490631462
2495284159
2500966500
250151451
2505378141
2505441639
2505441999
2509308083
2512912863
2522325886
2528444895
2531903799
2535327614
2536767325
253887183
2542207155
2545746399
2554790367
2556821983
256
2561867955
2563244511
257
2570190967
2580803193
2583733130
2584936627
2585658303
2585659322
2592963116
2597454003
26
260
2602893791
2621112499
2626815870
2627207647
2631402670
2635399647
2639425074
2639617678
264045742
2651719550
2661549950
26702
2670264499
2673031539
2681733599
2684355039
2684420575
2687188572
2687894463
2694840799
2698435255
2700542071
2700542191
271057075
2712666711
2713898347
2714043566
2716008927
2717516375
2717581491
2718433759
2734071139
2738356403
274531023
2745962021
2747401151
2756837855
2764243123
2767765335
2771388346
2776105139
2783513225
2795307487
2805633635
2806055091
2808438003
2809606121
2813198395
2815427279
2817196511
2819820169
2822185132
2823947438
2826830003
2831941991
2841511086
2845408250
2846949555
2861302239
2863333855
2863334095
2863334814
2863334874
2875113147
2875195871
2875326943
2875522776
287703219
2878342438
288000465
2884306094
288948403
2890238035
2899837407
2906719107
29098463
2916089975
2916548787
2924741567
2925855199
2928738483
2930705343
2932998743
2933326003
2943156403
2947155838
2952855671
2954494011
29549
2956395395
2956591583
296898534
2971730879
2982675031
2983657951
29857
299
2992177271
2993881567
3
30
3012362719
3021996511
3032875307
3039495162
304219430
3042312671
3046703343
3047718928
3050016114
3057320235
3058827443
3061842399
3064922291
30717
3085435059
3098149223
31
3122135219
3126919227
3129712614
3141665247
3142713823
314310835
3143631207
3147039199
3148218547
3152151726
3156017631
3162636467
3177316831
3182035423
3184070156
31916991
3194102662
3195142623
32
3205930904
3207070175
3207397735
3212266698
3218274870
3228238123
3230925279
3233153503
3236299471
3236300070
3239117159
324076838
3240951987
3240953006
3240955404
3243901827
3256134202
3260482015
3260744279
3265724535
3269984735
32704382
3271360991
3276345852
3278831915
3279964618
3280510393
3280867125
3280986213
3280986423
3280987191
3280990393
3281513907
3281929773
3282763895
3284498756
3285111896
3285727832
3285774385
3286036271
3286253179
3286586596
3286824414
3286887558
3287218923
3287310477
3287311101
3287323649
3287491237
3287506562
3287518696
3287528894
3287534081
3287576006
3287781460
3287782006
3287782195
3287793211
3287794104
3287794505
3287818193
3287838770
3287838943
3288037227
3288064453
3288065309
3288261483
3288487092
3288568396
3288572109
3288575415
3288811282
3289697959
3289776727
3294299011
3298145880
3298263404
3298477028
3298487204
3298767552
3298918330
3299140694
3299195679
3299252191
3300026924
3300052049
3300098995
3300259224
3300507196
3301114095
3301743142
3301929746
3301968639
3301972912
3301997780
3301999651
3302032536
3302039805
3302047473
3302086429
3302269612
3302278873
3302280094
3302280400
3302280525
3302307800
3302337440
3302342935
3302343941
3302348233
3302417926
3302557550
3302578462
3302674952
3302675033
3302677751
3302681335
3302682352
3302852915
3302875462
3302886633
3302891819
3302892481
3302896175
3302919083
3303039546
3303047647
3304115029
3304259763
3307167123
3308442425
3308455086
3311928195
3315666684
3326214623
3329819343
3331260715
333206602
3334472159
3342336179
3342336599
3345220063
3346596319
3348138409
3352495998
3357016243
3363045855
3367871887
3373400423
3380806591
3384279999
3385591078
3392199384
3399288702
3400204647
3400204767
3400205726
3400209413
3410887135
3413509894
3425306494
3425956814
3427926495
3430285611
3430547935
3436315583
3437036119
3442476326
3442868703
3447457722
3447653251
3452960947
3462004915
3469884987
3472032223
3473146335
3479634099
3481141427
3484362409
3486189318
3487238133
3493448240
3497067455
35017802
3503359870
3506897375
3507618751
3507619710
3512796334
3516859327
3524067807
3526557875
3528721582
3541238119
3546482558
3563979711
3570843586
3575455946
3575578923
3578201982
357892575
357893534
3579183163
3579183463
3579183583
3579184482
35810
3581491891
3586130399
3607691443
3609198771
3609919547
3610247647
3622044127
3624600091
3627812014
3630498271
3631100347
3640459443
3640983731
3640983791
3641800245
3646227151
364970163
3656559737
3664249311
3665232591
3668705759
3671656198
3671982679
3674736510
3674802046
3677552819
3678208299
369165187
3694264799
3699048927
37
3708420335
371459966
3723029679
3725461374
3726842035
3735683971
3736076467
3737256295
3739812799
3742172095
374407767
3749118671
3749905882
375063007
3752855302
3757200458
3757638591
3758096863
3758098302
3758162399
3758163838
3758172709
3764847790
3768846206
3770306767
3770387076
378405448
3785163351
3787260863
3798795438
3820901450
3841917347
3842900447
3855552012
3863086854
386991158
3872163271
3874771943
389088191
3897033183
3901077191
3905421791
3913227288
3913679027
3919512031
39247
3924885683
3935437519
3937075379
3937075679
3940519029
3942901653
3952214255
3953943350
3955032543
3956474335
3959096734
3959227566
3960341439
3962569183
3963814607
3963881342
3970633228
3983802427
398590131
3986031311
3986833208
3995664863
400
4000186547
4001107468
4008379267
4009820639
4013425119
4027646431
4028825779
4032626867
4034201350
4036821231
4040385717
4044030431
4044032049
4050059743
4054319403
4054843571
4056875187
4058185847
4058251383
4060414431
4067699237
4074224173
4090036403
40977
4102095807
4107125330
4108517855
4111139295
4115529967
4116054495
4116054975
4124378886
4125819059
4131455035
4132634683
41354055
4136763871
4140435565
4146333566
4147511535
4148101599
4149805535
4151517180
4152099775
41535
415498539
4157166859
4160773602
4165403822
4170252767
4177462207
4181995219
41878283
419364983
4198565038
42004
42075396
4208526271
4211476350
4213507366
4220256735
4227727539
4233626690
4234115461
4239858712
4243201048
4261020607
4262155338
426247103
426248062
4268098914
4275437927
4282058622
4283695583
428540383
4291781947
4293802043
4294071370
4294705211
4294706111
4294771167
4294772606
4294836283
430375871
433324931
434045887
434831839
440107855
441582047
444203487
449840063
449904819
451997005
456788497
460521986
463929523
47264
476774879
476840535
479
491847739
495227583
496717012
498969056
5
500
500630463
504170366
504234703
504236621
505289752
506877002
507052211
521996817
522
525795507
529740252
535889790
535909450
536805735
536805855
536805975
536806035
536806275
536806814
536807893
536871391
536872830
546112926
5493
55
551879974
558301363
558629583
56168
562365135
574881971
578355679
582353015
582812607
58845
595067359
595067479
598279103
600637679
60077
62638
628555955
630393931
635766654
636092895
636289503
638518207
638655521
639980618
640091550
64618975
651759116
652149215
652688835
656146911
659823640
663094446
664142543
665243854
672203711
672205449
681312735
682295775
682361071
682361311
682361431
686031027
692912607
713228767
713687519
714932703
715784671
715784971
715785151
715785510
715785630
716111931
719
726205135
734331839
74123134
742147248
753860787
761868257
769
771271731
775422131
775884300
781189299
78708915
8
800
804717023
813237722
825131876
837224198
838140383
842611697
844380222
845098615
851230697
852099791
854327535
854721171
86507999
873137027
883425759
883425999
883426059
894763487
894763607
894763727
894763847
894764926
894765405
897515999
897908975
898630111
899845787
904726398
905904307
906559847
911690047
928253102
931267159
931267399
931267519
936247775
956301911
95879527
960704211
967770291
97781510
979961845
980481486
9937475
994050527
994379646
