0
1
10
1000
1018889151
1021707199
1024
1025883643
1026490547
1028653535
1030684731
1032847419
1034879155
103612895
1037894351
1048610181
1056833715
1061880767
1064113832
1067778287
1069810623
1070794622
1072497119
1074487701
1079509171
1079771615
1081803231
1081999839
1082772235
1084278261
1084372243
1084424671
1085130797
1085759903
1085781189
1086849203
1089208499
1090322611
1092354287
1093992927
1100480991
1100677359
1101922543
1111097583
1111159597
1112777733
1112788930
1113009460
1113161547
1113180326
1113458084
1113503585
1113507926
1113508612
1113526136
1113526190
1113526202
1113527433
1113535616
1113535818
1113541508
1113541655
1113568691
1113579532
1113584264
1113596805
1113608510
1113619679
1113619684
1113630861
1113686961
1113717281
1113741098
1113744002
1113744745
1113747039
1113749285
1113780410
1113790016
1113917310
1113990755
1114030377
1114480632
1114534864
1114623674
1114762860
1114942963
1115147273
1115226591
1115371618
1115690706
1116099797
1116144133
1116150664
1116177299
1116182129
1116227540
1116255413
1116271201
1116288815
1116314846
1116337432
1116337682
1116338858
1116343632
1116350068
1116352472
1116355445
1116357176
1116358168
1116366191
1116368101
1116372044
1116380851
1116392716
1116400281
1116405634
1116411881
1116412451
1116423234
1116452692
1116453242
1116454804
1116461657
1116462491
1116485680
1116493496
1116496698
1116507676
1116521922
1116580305
1116597142
1116645021
1116688605
1116706044
1116748031
1121025464
1123156447
1131553819
1135002005
1135844010
1135996047
1136039347
1136039806
1136056700
1136137410
1136194644
1136203797
1136216022
1136250206
1136285920
1136305932
1136311832
1136369452
1136380463
1136425889
1136427877
1136428481
1136443231
1136471159
1136474003
1136476185
1136486788
1136497436
1136501298
1136547747
1136749611
1136792133
1136792413
1136998817
1137061487
1137100644
1137299009
1137697325
1137714623
1137822146
1137836091
1137837457
1137839994
1137840884
1142728259
1142728912
1142729003
1143130736
1143317307
1143482157
1143655038
1143690303
1143696899
1143768802
1143775335
1143821951
1143831186
1143838124
1143840767
1143861493
1143923241
1143923443
1143946891
1144012331
1144060309
1144063518
1144083109
1144286512
1144372962
1144417740
1144546752
1144563404
1144564362
1144609798
1144644862
1144645001
1144652255
1144656155
1144658356
1144677086
1144767614
1144804850
1144828510
1144909886
1144991309
1145124602
1145242079
1145307152
1145552033
1145761558
1146028631
1147732147
1148273680
1154751691
1154779707
1154800670
1154859650
1155120444
1155122122
1155131095
1155141177
1155160907
1155172554
1155203551
1155286214
1155302557
1155385670
1155430043
1155440653
1155454887
1155474933
1155509906
1155511193
1155521102
1155535849
1155535881
1155569363
1155580072
1155596824
1155604422
1155606444
1155607688
1155609374
1155621068
1155628021
1155757663
1155769843
1155773843
1155774414
1155785940
1155789070
1155811303
1155811939
1155860032
1155867891
1155969382
1155970573
1155970742
1157504919
1157905520
1158072282
1158073035
1158087242
1158089888
1158102046
1158102120
1158103510
1158103671
1158104318
1158106506
1158111913
1158114152
1158133141
1158133306
1158133379
1158137862
1158138423
1158153015
1158172416
1158185323
1158185398
1158205852
1158219821
1158219840
1158236790
1158238075
1158243516
1158248732
1158254263
1158305707
1158324434
1158324447
1158324538
1158331313
1158334100
1158365837
1158483417
1158567767
1158642934
1158667451
1158668223
1158685248
1158689915
1158693422
1158706041
1158706225
1158708126
1158708151
1158713111
1158734676
1158753878
1158782811
1158810017
1158812573
1158850203
1158853125
1158853924
1158857719
1158857771
1158858623
1158860791
1158866172
1158878183
1158905692
1158909352
1158909532
1158927115
1158927243
1158929083
1158929573
1158929686
1158930566
1158930972
1158937078
1158942246
1158945793
1158967634
1158968132
1158968530
1158980419
1158984356
1158991446
1159038736
1159096288
1159134813
1159136536
1159144953
1159424575
1160708575
116392895
1164902879
1165885919
1173225951
1173619167
1181090751
1184433926
1185678271
1185985139
1189282990
1189937751
1190855854
1205535199
1208353247
1214908286
1217331379
1220870443
1220870623
1242169823
1242694111
1245053167
1246823359
1247805919
1252655583
1252656063
1263337951
1272121214
1274480510
1275855327
1290398099
1296039936
1300693471
1325596851
1327217007
1338048991
1350303923
1360724567
1364475638
136972038
1380516319
1389953503
140247099
1415119327
1427964383
1428378055
1428441783
143000271
143131103
143131223
1438515679
1440547775
1455816943
1465451395
1467417055
1472594399
1489175007
15
1500
1503199711
1522532831
1528890303
1535901935
1544618163
1548812767
1566006497
157024735
1576993247
1586430431
1597114238
160235759
1607532723
1607860283
1610023391
1624407257
1628303073
1635975347
1636959167
1644954079
1644954199
1646395871
1647509683
1648296415
16536
1660348622
1660355039
1662859857
1667957215
1674772959
1675100639
1676019582
16777217
168821695
1692406462
1693581791
1696334303
16974303
1701249983
1705314054
170918847
1709253266
1709574014
1711407283
1717961183
1722155487
1729692127
1730740463
1731789279
1737688958
17419
1744503383
1748435123
17528369
1753874911
1767309791
176947379
1781647282
1785331891
1789418019
1789526075
1792725783
1807680447
1829758280
184419862
1846063020
1858995135
1866858795
1868367622
1870333342
1876296159
1881033628
1884750063
1885603710
1896204061
1898185183
190317023
1904466700
1914886747
1920926175
1922205860
192480310
1949121499
1952317679
195756511
19643
1967063279
1968505311
1982248506
1987576287
1993277919
1994256041
2000
2009400015
2014502296
2030240223
2038235315
204145119
2043019743
2064188590
2066574095
2071200223
2074290401
2075001071
2089681075
2091319775
21147
2115437023
2119106619
2130496990
2133787103
2135364818
2138702783
2140406239
2143487750
2143551967
214368555
2146762931
2147549243
2169700531
2177762239
2182742495
2185232863
2208825523
22151347
2215445379
2217017403
2220359979
2221736835
2229207519
2234122719
2249731473
2254897631
2260009439
2272526815
2275148495
2277088634
2292715020
2292777439
2293760239
2312241331
2312503775
23139
2322006195
2323644595
23265759
2327316010
2341077471
2341470447
2341929439
2344608023
2347434223
2359821247
2374304223
2376663279
2383610335
240321351
2416771551
2418540723
2422081406
2429944287
2434878676
2436432351
2446525375
2449277407
2449801395
2458126206
2465917585
2476016095
2477854497
2479948255
2485256371
2494736606
2497774527
2498582571
2505966047
2508522371
251331039
2521694687
2538846868
256
257
2572681515
2574844083
2583102938
2586087079
2612855743
2617571247
2636519645
2648637919
2652570079
2657060512
2659451359
266
2666594483
2666987999
2673017011
2678063403
2684421055
2685993439
2687981731
2688485605
2706178527
270991539
2720793055
2721448415
273089710
2758017503
2759918047
2761753654
2764308959
2770010351
2777154375
277741627
2779965345
2790916575
2793341107
2799108575
2804089311
2811560895
2812608991
28173
2851013567
2851144159
2855710613
2863333855
2869232814
2878370552
2886402527
2892039103
2896298463
2899182047
2901344435
2905539039
2915238367
2927333934
2934964703
2955215327
2957815020
2960916659
2961244639
2961965535
2981757407
2984509919
2991260127
30
300
3000
3014197427
3017540063
3017555345
3021734367
302252211
3044933691
3070231007
3079734207
308091040
3086966359
3089301983
3091202032
3098347689
3100901555
3107324143
3112895542
3113877983
3116399637
3120125199
3121014666
3121807539
3134652895
3141339810
3144128659
315293935
3158245855
3163292127
3174039731
3177580414
31787
3182363103
3182428339
3184459895
3186819551
3193897439
3196781023
3197960611
3203334623
3204382899
3205930904
3207528927
3209101491
3210346975
3212116207
3212181983
3214067892
3217424983
3218015167
3218735703
322109919
3221291967
3221292926
3223493244
3223651502
3224635597
3225015839
3225330731
3225756678
3226075375
3226421937
3226500434
3227058355
3227100740
3227566672
3227796590
3228029968
3228565983
3228597997
3229024315
3230158230
3230199109
3230343388
3230400991
3230492348
3232512715
3233301074
3234398387
3235013782
3235043499
3235114425
3235155316
3235231488
3235283622
3235535112
3235630465
3235716422
3236006988
3236169958
3236233531
3236757683
3237509419
3237750726
3237871795
3238787265
3239117519
3239965692
3240138080
3240239712
3240286050
3243090784
324404638
3247243743
3247921696
3249864883
3253993951
3257398882
3257602011
3259174891
3261596547
3261861632
3264137104
3265839710
3266024262
3266063246
3266318916
3266375931
3267101631
3267643130
3267671955
3267675933
3267721062
3267744559
3267781199
3267849678
3268139432
3268605040
3268645756
3268889550
3268937139
3269116474
3269302056
3269546050
3269640187
3270266655
3270409160
3270702602
3270932937
3271627874
3271739264
3271922934
3272042006
3272187820
3272226602
3272270119
3272845980
3273021555
3273065946
3273096105
3273201400
3273304730
3273886446
3274397232
3275103514
3275357278
3277324767
3277720746
3278950054
3280470735
3290235359
3295281331
3298231231
3298361523
3300787135
3304587743
3307995615
3307995855
3315139039
3315226946
3316843455
3325538511
3326018015
3332243935
3332571615
3336700383
3339977183
3364422531
3364880563
3371893215
3375628767
337707187
3378970803
3380675039
33809
33818374
3383624639
3385065951
3385283766
33927
3393585631
3399221487
3426812143
3427533279
34329
3441361855
3441956430
3444572459
345192749
3460432111
34615
3472490975
3478979758
3480617199
3489572863
349112190
3493724639
3493925508
3497853107
3499753951
35
3505455583
3517186347
3531673645
3560822114
356503687
3566797279
3573007724
357302511
3577480127
35783555
3593077695
359990207
3604414943
3605510199
3616276959
363201471
3641050286
3641544758
3649569247
3649638200
365101295
3654025395
3664249071
3669203449
3676570079
3686253551
3687843590
3696624095
3700406783
3702599632
373686751
3740795359
3755081907
3755868999
3758096863
3758163838
3762074326
3764125875
3775988191
3783524531
3794667330
3796107743
3797156439
3798401503
379978687
3804705268
3810984175
3821666783
3843621703
3846859266
3849388511
3854369247
3859415519
3860726239
3865117151
3881500851
389022175
3909288415
3913730064
3929145943
3931266172
393675231
3945238569
3953173954
3957785055
3959685359
395968991
3960407814
3960865247
3963683775
3969941817
3977774854
39794
3980787951
3981705695
398918591
3992520454
40
4010607071
401408239
4021551583
4023765068
4032233951
4038596693
4046523193
4048027887
4053706860
4057072814
405800350
4065526359
4068149118
4074439135
4103632476
4106289871
4111860191
4114088415
4115792351
4121625415
4131062479
4137550303
4140106027
414777403
4150591967
4151837151
4153934543
4154852287
4170318783
4193443748
419496415
4218063494
4223467999
4241490879
4242931891
4244766899
4246668163
4253942239
425460191
425461150
4264886451
4265607347
4266655983
427294899
4282818844
429458367
43385311
435880415
4457514
44672
447939039
449185662
45
452173207
459210931
459490731
47057
47802
47863
479
491040570
494338287
495452339
496717012
5
501023199
501088735
506332095
512426043
512426883
519045299
522
525467827
532218335
532678406
535363883
537265926
538445274
544473567
55
550699247
554763199
561382335
56457
572654047
59
599
604766687
607519559
607519679
609092543
615711199
617677279
620626159
639959639
641335775
644940675
645791923
660865503
665243854
675348959
677970399
681574879
68682207
690095039
69337567
696975839
703070267
703136703
705036347
705036767
705167871
708969047
709758476
719
720176602
731906527
745013727
745015166
747439039
750454534
752145954
753795251
758907359
759629574
764936251
765002207
766416185
768
769
777453747
785187295
785252831
787349983
790168031
798066677
799277535
803537135
812580923
813367475
813629859
816120287
817627615
819331791
822936031
823329007
823524284
831259103
833553522
838140383
839534226
843581190
844380222
846660543
847119175
85197279
856097247
859418189
864696894
865206331
872284399
875169542
886243807
890831327
894632415
894763067
894764206
897189638
90426622
911690047
922288607
94176191
943063939
953060757
953352371
953956968
959
972620015
974258355
979370463
981664703
984744175
985006559
