0
1
10
1003815391
1004536767
1007878323
1008533983
1009648095
1013718766
1024
1032782303
1037894111
1038784247
1040384479
1043794269
1046548997
1049953694
1054736863
1055195615
1063649759
1064894943
1069744191
1073676767
1073742003
1073742303
1077018803
1083114431
1091896195
1095565791
1103102131
1106510783
1117195938
112329183
112656863
1130758623
1131495476
1135117081
1142624053
1143473566
1143996895
1157866059
1159137629
1162346975
1170670047
1172339382
117769630
1180127
1181090271
1183509310
1192822174
1199636539
1200228701
1201078451
1205730069
1209336287
1216873347
1226637371
1226900894
1235484971
1240076028
124190779
1252655583
1266155759
1272062729
1281425467
1283981791
1285723121
130679263
1319436467
1324286431
1325596971
1327217007
1338180063
1339752507
1349648803
1356579233
1358103007
1376256059
1379774485
1382810079
1389363379
1389690939
139657695
1398604255
1404502495
1406665183
1412563903
1420558815
1421935071
1422983647
1430454751
1431633979
1432682975
1434583339
1439368127
1440678367
1442381943
1443883831
144507359
1447176180
1454834143
1463419359
1473140396
1480
1482752479
1497956531
15
1507407737
1512474304
151323103
1514668511
1521287647
1524957243
1530855903
1537802959
1538982367
1539572191
1541013683
1546383627
1550123487
1562839389
1565716924
1567883383
1573519839
1574765023
1578696883
1578697003
157941819
1602290143
1621230047
1622737375
1625424351
1640366559
1654784059
1657274847
1658651583
16777217
16777985
1682179846
1682703295
1686046110
1686498315
1699021279
171377119
1714028723
1717961183
1727015797
1741095391
1748895614
1753743839
1758396895
1762590779
1762590899
1765736927
1765999071
1766457823
1775436255
1777074355
1777074655
178913339
178913759
178913999
178914239
1793130975
1800470707
1801126367
181404127
1815738120
1825309151
1825309631
1826443034
1827216894
1833174910
1838301903
1847067343
1847199134
1849680425
1861157343
1872167031
1874723415
1875707294
1884226015
1887175615
1888891493
1893140350
1899369974
1900937455
1900937815
190317023
1908998623
1917518303
1922892735
1929314903
1932068254
193986739
1953842628
195428831
1958612747
1961351390
1966801375
1977975420
1981755366
1982071743
1982248506
198443967
1987904447
1990131771
1990131891
200
2004287967
2004288207
2004463137
2014502296
2015465378
2023647264
2023686323
2023686443
2028668285
2038301151
2040157147
2040990045
2046165471
2047214047
20578603
2061238751
207028703
2075853279
207815135
2086862967
2097348727
2101739999
2103902267
2105213407
2106131391
2110259679
211091935
2111635935
2111636175
2118058463
2120352223
2123301343
2126183876
2128283038
2145649119
2147418591
2149974495
2152858499
2157245586
2158952927
216793567
2168127847
2176385503
2177697182
2178089439
2178744799
218274472
2183266783
2192703967
2204434911
2207334557
2207842783
2209729498
2219114975
2224030655
22307
2235761119
2236612787
2236612907
2237137375
2241201087
2245591040
2245718254
2248409327
2248587022
2254897631
2258452778
2265829294
2268202398
2272659326
2277088634
22779
228458975
2285126260
2293498335
2296447455
2320106431
2321940959
2324903540
2331115999
233505247
2338914783
2341535923
2351038943
2351170015
2351301087
2352219550
235380776
235798707
235799007
2361983455
2362245839
2366506398
2366702527
2368471496
23790047
2381054431
2396652479
2398159147
2400256479
2405155616
2411283311
2414280704
2414280763
2417361855
2418606199
2422736286
2439347396
2455028504
2459500663
2467105117
2469659343
2471887807
2475044065
2483421663
2489385679
2494859184
250609963
2508016913
2514224063
2516123947
2541617211
25428447
2547581887
2548892127
2548957663
2553086911
2558853179
2563442078
2577924575
2587362718
2594833343
2595881199
2630484567
2633115311
2645951662
2647130591
2648637919
2648638159
2657419743
2659714462
2670274905
2682388959
2690360986
2693464543
2699192188
2700476895
2701590707
271057015
271188447
2714305471
2720203231
2723676879
2728788447
2730099167
2731248841
2751215389
2754059650
2759111771
2765357535
2773483759
2775385023
2782268221
2784690655
2791769023
2806907359
2808742847
2810984108
2814967987
2814968107
2819490271
2823948158
2824471007
2827551199
2828206379
2836398559
2837382079
2841837568
2841837627
2849310590
2852717503
286261967
286327263
2863399391
2866021311
2875392479
2897150431
2901737951
2906130781
2909077983
291045855
2911568831
2916221407
2925068767
292618719
2927035327
2932670943
2933130175
2934964703
2938110911
2945057247
2954117131
295633375
2959475167
2967863775
2985165279
300417503
3006530015
3015770171
3016294879
3019263462
3021407167
3024683487
3025862715
3026190395
3031433695
3031499471
3037997206
3043586091
3046179535
3046900191
3049194431
305179402
30540435
3054895583
3057713211
3062367167
306250207
3065523071
3068985823
3070493151
3071738335
30738781
3074228283
307429855
3078423007
3079537119
3081110942
3084191134
30867935
3095265759
3096379871
3099197919
3103261151
3106275807
3108896827
3112632799
3113615419
3113877983
311951479
3125805535
3131378013
313917919
3140547969
3145990623
3149660639
3151692255
3154379231
3155427507
3156542638
3158900795
316342751
316539839
316541277
3169518527
3174695631
3175416047
3176923615
3183479133
3185443295
3188882587
3192375273
3197863541
3199992287
3204055339
3205930904
3211919360
3217622910
32178355
322109919
3221225651
3221291487
3221291727
3221553631
3221815355
3223847871
3225485791
323152299
3234473325
3237544415
3239313467
3242721999
3244622303
3250651315
3256589924
3257008607
3257074143
3265594303
3268518119
3270707070
3271426107
3275
3275686367
3277527497
3281260485
3284664799
3290694591
3292856799
3300196831
3312189499
3316450239
3318743519
3319201851
3319202751
332136927
3323528127
3328639455
3330343391
3331480218
3332375007
3338928607
3344302559
3348627635
3350135623
3356100478
3357739357
3359637983
3364422111
3364749791
3365077471
3365086031
3368813023
3377203070
3383034155
338559935
339673567
3397490421
3399615902
3400204767
3401253343
3401515487
3404792287
3408265395
3411216733
341508155
3418490750
3425435648
3425435707
3435726718
3437035999
3437756895
3438215647
3439985599
3447194079
3466985651
3467509939
3472098718
3473577763
3475047359
3481665715
3494772795
3494773695
350136611
3502245638
3503741086
3507553454
3507618271
3513189311
3521577439
3523805243
3525247455
352584159
3536847027
3540322653
3543400927
3543795102
3547268031
3550412800
3550892889
3552772575
3556050334
356778043
356778463
357303231
3573744335
357892815
3588687262
3589931127
3592321872
3594602684
3595345254
3609593246
3614114271
3614965819
3614966239
3614967558
362349503
36319
3632438063
3633775551
3641544758
36504031
3654615819
3660449182
3661693887
3665494495
3671851487
3672506427
367713220
3688104415
3688562867
3689088414
3691055453
3707831193
3710075996
3715367031
3716284895
3721658847
3722315526
3724280287
3726246067
3726246187
3728540127
3731227103
3737387008
3737387067
37487071
3749052895
3754820543
3758162399
3763653885
37683
3768791737
3772121567
3773272010
3776905695
3779920351
3788571103
3794404766
3794726911
3796632031
3807250302
3811967455
3815899615
38273083
3831963706
3841065019
3841701218
3850568159
3865510787
3873963168
3879594430
388236163
388495690
3910337471
3919972222
3924623539
3924623779
3938153659
3948019891
3954181534
395904894
3960144351
3962241503
396650499
3972858335
3972858575
3972859654
39766453
3985179103
3986221001
398655967
3989307871
3991980890
3997303023
4000
4004053051
4005298655
4007657951
4008642430
4015784415
4019716215
4035381597
4037607903
4044489183
4044489902
4048486579
4048486879
4050779934
40592
4063363551
407110591
4071227871
4071621087
4084990431
4086039966
4093706959
4095673279
4095935183
4096394175
4098675156
410191262
4113090604
4114547167
4114709970
4114940383
4116251103
4118784555
41246
4128200456
4138663995
4138664895
413985692
4142153720
4144462701
4151837151
4155572703
4169531871
4171235507
4171235627
4172218427
4177658815
418251231
4196925499
4202955711
4209771455
4212785331
4216879525
4217289559
4218946974
4219741782
4222484959
4225579276
4232249823
4233812152
4234412091
4238804382
4244897971
4251583423
4259840479
426115251
4262529373
4263051743
4266852831
4271956224
4272620479
4274848942
427819487
4285071839
4286971963
4288414655
4288873407
432144863
435748923
439157695
440729659
44564959
448725951
45358
458228191
46180012
465240783
468910139
471926174
472973791
473235935
475282759
475595231
476512315
476512735
479
479593407
479817179
495976927
496717012
5
500
505994498
514654267
518556051
526189503
527664835
528875999
529924575
5308895
546860426
55
55509951
559874527
560464351
562823647
5637055
566053302
57344479
57479
57515
578289723
579797471
586809823
59
6000
60576
607125983
608371167
608436703
620451611
630327166
63330
635634143
63728
63767007
63832543
650314687
651166175
655294943
658833887
664994271
665243854
667418803
667418923
677184806
687324572
688390623
688587231
694551007
694813631
698024415
70452638
709690063
714245907
71565791
71566151
715784671
718668255
733453934
735379935
736428511
737411551
737664263
739247039
74908127
751567327
75235807
75921097
765920430
768
769
769506161
773007160
784663007
785908191
787349983
794682646
807928287
823133119
831586783
833094591
837950973
844380222
849871147
858981071
860489118
860685247
865403359
873072510
883991098
884450075
887488991
888341918
889848287
89063603
89063723
894763487
894764806
894829023
896397878
900891941
909529959
911690047
924451295
930546143
930546623
930611679
931858541
942604767
94458708
964559807
966328799
966329279
970523103
987234363
987235263
994181599
998452494
