0
1
10
1000
1018889151
1021707199
1024
1025
1026490547
1028653535
1030684731
1031537599
1032847419
1034879155
103612895
1037894351
1056833715
105906655
1061880767
1067778287
1069810623
1070794622
1075642427
1079509171
1079771615
1081999839
1084424671
1086849203
1089208499
1090322611
1093992927
1111097583
1111159597
1112777733
1112788930
1113009460
1113161547
1113180326
1113458084
1113503585
1113507926
1113508612
1113526136
1113526190
1113526202
1113527433
1113535616
1113535818
1113541508
1113541655
1113568691
1113579532
1113584264
1113596805
1113608510
1113619679
1113619684
1113630861
1113686961
1113717281
1113741098
1113744002
1113744745
1113747039
1113749285
1113780410
1113790016
1113990755
1114030377
1114480632
1114534864
1114623674
1114762860
1114942963
1115147273
1115226591
1115371618
1115690706
1116099797
1116144133
1116150664
1116177299
1116182129
1116227540
1116255413
1116271201
1116288815
1116314846
1116329016
1116337432
1116337682
1116338858
1116343632
1116350068
1116352472
1116355445
1116357176
1116358168
1116366191
1116368101
1116372044
1116380851
1116392716
1116400281
1116405634
1116411881
1116412451
1116423234
1116452692
1116453242
1116454804
1116461657
1116462491
1116485680
1116493496
1116496698
1116507676
1116521922
1116580305
1116588357
1116591374
1116597142
1116603413
1116604206
1116611662
1116614775
1116618458
1116625699
1116630667
1116633848
1116637752
1116640591
1116645021
1116683387
1116688605
1116706044
1116741620
1116748031
1116748291
1116810093
1117275778
1117290034
1117336670
1117434810
1117711121
1117825575
1117879933
1118633395
1118731567
1118732112
1118732440
1118779745
1118782701
1118804149
1118809717
1118810197
1118906431
1118976860
1119156840
1119176570
1119307255
1119416121
1121025464
1123156447
112328883
1131553819
1135844010
1135996047
1136039347
1136039806
1136056700
1136137410
1136194644
1136203797
1136216022
1136250206
1136285920
1136305932
1136311832
1136369452
1136380463
1136425889
1136427877
1136428481
1136443231
1136471159
1136474003
1136476185
1136486788
1136497436
1136501298
1136547747
1136749611
1136792133
1136792413
1136998817
1137061487
1137100644
1137299009
1137697325
1137714623
1137822146
1137836091
1137837457
1137839994
1137840884
113968063
1145242079
1147732147
1155203551
1157504919
1157905520
1158072282
1158073035
1158087242
1158089888
1158102046
1158102120
1158103510
1158103671
1158104318
1158106506
1158111913
1158114152
1158133141
1158133306
1158133379
1158137862
1158138423
1158153015
1158172416
1158185323
1158185398
1158205852
1158219821
1158219840
1158236790
1158238075
1158243516
1158248732
1158254263
1158305707
1158324434
1158324447
1158324538
1158331313
1158334100
1158365837
1158483417
1158567767
1158642934
1158667451
1158668223
1158685248
1158689915
1158693422
1158706041
1158706225
1158708126
1158708151
1158713111
1158734676
1158753878
1158782811
1158810017
1158812573
1158850203
1158853125
1158853924
1158854565
1158857719
1158857771
1158858623
1158860791
1158866172
1158871933
1158872189
1158876724
1158878183
1158897400
1158905692
1158909352
1158909532
1158927115
1158927243
1158929083
1158929573
1158929686
1158930566
1158930972
1158937078
1158942246
1158945793
1158967634
1158968132
1158968530
1158975928
1158979218
1158980419
1158984356
1158988095
1158988191
1158991446
1158994431
1159038736
1159096288
1159134813
1159136536
1159144953
1159410226
1159416047
1159417024
1159424575
1159448844
1159466786
1159470808
1159478513
1159550334
1159561778
1159570089
1159575165
1159588263
1159597012
1159648286
1159714718
1159748920
1159789822
1159804096
1159812891
1159845374
1159845581
1159855528
1159865423
1159867406
1159869276
1159870536
1159883771
1159895228
1159916194
1160708575
116392895
1173225951
1181090751
1185678271
1194852831
1205535199
1214908286
1217331379
1242169823
1242694111
1245053167
1246823359
1247215795
1247805919
1248815306
1252656063
1272121214
1274480510
1287455319
128975327
1290398099
1296039936
1300693471
1314521567
1316225083
1316945979
1320878559
1321795643
1325596851
1327217007
1342046687
1350303923
1360724567
1364475638
1369506031
136972038
1377632735
1380516319
1383530975
140247099
140771807
143000271
143131103
143131223
1435566559
143786463
1440547775
144703967
1455816943
146997727
147128799
1472594399
1475740127
1476133343
15
1500
1502369351
1528890303
1535901935
1542455775
1544618163
1557856735
1566006497
1597114238
160235759
1607532723
1607860283
1610023391
1635975347
1636959167
1644954079
1646592479
1647509683
1653080123
1654679769
1657733179
1660348622
1660355039
1662859857
166330847
1664352435
1667957215
1674772959
1675100639
1676019582
16777217
168821695
1693581791
1696334303
16974303
1701249983
170918847
1709253266
1711407283
172491711
1729692127
1730740463
1731789279
1737688958
1744503383
1748435123
17528369
1767309791
176947379
1779565023
1781647282
1785331891
1789418019
1807680447
1829758280
183960031
184419862
1858995135
1881033628
1884750063
1898185183
1898841023
1900478943
1904466700
1918
192
192480310
195756511
196
1982248506
1993277919
2
2000
2009400015
2014502296
202113503
2038235315
204145119
2042757599
2043019743
2047868987
2056036371
2064188590
2071200223
2074290401
2079523295
2089681075
2118058943
2119106619
2130496990
2133787103
2138702783
2140406239
2143487750
2143551967
2146762931
2147549243
2169700531
2177762239
2182742495
2185431545
2190345151
2208825523
22151347
2215445379
2217017403
2220359979
2221736835
2229207519
2234122719
2249731473
2254897631
2260009439
2262434271
2272526815
2275148495
2277088634
2280915423
2293760239
2312241331
2312503775
2322006195
2323644595
23265759
2327316010
2341470447
2344608023
2347434223
2359821247
2376663279
240321351
2416771551
2418540723
2422081406
2429944287
2434878676
2436432351
2446525375
2449801395
2458126206
2465917585
2485256371
2497774527
2498582571
2508522371
251331039
2521694687
256
257
2583102938
2586087079
2598240435
2612199663
2640969907
2642477235
2657060512
266
2666594483
2673017011
2684421055
2688485605
2706178527
270991539
2720793055
2721448415
273089710
2761753654
2770010351
277414367
2777154375
2779965345
2787770967
2792601179
2793341107
2794389983
28017
2804089311
2811560895
2851013567
2851144159
2862219743
2869232814
2886402527
2892039103
2897630282
2901344435
2905539039
2927333934
293601759
2955215327
2957815020
2960916659
296159102
2961965535
2981757407
2984509919
30
300
3000
3014197427
3017540063
302252211
3079734207
3089301983
3091988539
3094086111
3098347689
3100901555
3112895542
31130079
3113877983
3120125199
3121014666
3121807539
3129540787
3134652895
3141339810
314180063
3144128659
315293935
3158245855
3163292127
31659
3174039731
3177580414
3182363103
3182428339
3186819551
3197960611
3203334623
3204382899
3205930904
3209101491
3210346975
3212116207
3212181983
3217424983
3218015167
3218735703
322109919
3221291967
3221292926
3221422559
3224830011
3225756678
3227058355
3230400991
3234398387
3236757683
3237871795
3239117519
3243090784
3246981599
3247243743
3247921696
3249864883
3253993951
3257398882
3257602011
3258712543
3259433019
3259433439
3261861632
3264137104
3265839710
3266024262
3266063246
3266318916
3266375931
3267101631
3267643130
3267671955
3267675933
3267721062
3267744559
3267781199
3267849678
3268139432
3268605040
3268645756
3268870623
3268889550
3268937139
3269116474
3269302056
3269546050
3269640187
3270266655
3270409160
3270702602
3270932937
3271627874
3271739264
3271922934
3272042006
3272187820
3272195286
3272226602
3272270119
3272845980
3273021555
3273065946
3273096105
3273201400
3273304730
3273886446
3274397232
3275103514
3275357278
3275424223
3277720746
3278950054
3280470735
3289986652
3290038050
3290038344
3290051457
3290053938
3290058813
3290091555
3290118289
3290161161
3290235359
3293033997
3293061758
3293132845
3293201013
3293223025
3293308681
3293318756
3293321474
3293323964
3293347169
3293347183
3293354534
3293372168
3293411346
3293412147
3293601973
3294079586
3294111106
3294146852
3294231388
3294271955
3294354714
3294382174
3294659364
3294664954
3294669062
3294690303
3294928630
3294959189
3295281331
3298231231
3300787135
33030623
3312060286
3315226946
3316843455
3326018015
3332571615
3349610975
3356623327
3358458335
3364422531
3364880563
3369952648
3371893215
3375628767
337707187
3378970803
3380609503
33818374
3383624639
3385065951
3385283766
3399221487
3418685919
3423470047
3426812143
3427533279
3441361855
3441956430
3443917279
3444572459
345192749
3469344827
3472490975
3477930463
3480617199
3481341452
349112190
34968
3497853107
3499753951
35
3505455583
355730367
356503687
3567911391
3568698303
3572498911
3575186367
3577480127
3577675835
35783555
3580428767
3593077695
359990207
3604414943
3605510199
3611095516
363201471
3641050286
3649569247
3654025395
3663266271
3669203449
368378335
3686253551
3687843590
3696624095
3701932511
3707
3715367391
37290
3740795359
3740795839
3751805407
3755081907
3755868999
3758163838
3764125875
3773432767
3775988191
3783524531
3784966623
3796107743
3797418463
379978687
3804705268
3810984175
3814260795
3819045343
3830317535
3843621703
3852272575
3854369247
3858498015
3859415519
3865117151
3870097887
3881500851
3883401695
3894346207
3898605747
3909288415
3913730064
3922395615
3931266172
393675231
3944350175
3945238569
3952935391
3953459679
3960865247
3963683775
3981360310
3982753851
3987800123
3987800243
398918591
3999400895
4
40
4009755583
4010607071
401408239
4032233951
4053706860
4053991903
4056751128
405800350
4074439135
4084335071
4103340511
4103632476
411304415
4114088415
4115340312
4115530207
4121035231
4121625415
4131062479
414777403
4153934543
4154852287
4155758753
4170318783
4180083647
4189062079
4193443748
4193911263
419496415
4238737887
4239458783
4241490879
4242931891
4244766899
4253942239
4255252959
4264886451
4265607347
4266000863
4266655983
4282818844
4294967251
43385311
435880415
447939039
449185662
452173207
459210931
479
491040570
495452339
496717012
5
506332095
512426043
512426883
512683985
519045299
522
525467827
53040
53608927
544211423
544473567
55
554763199
561382335
59
595132895
599
604766687
606994911
607519559
607519679
609092543
617677279
620626159
645791923
660865503
665243854
675348959
677970399
681574879
688980447
690095039
703070267
703136703
705036347
705036767
705167871
719
731906527
747439039
750454534
753795251
759629574
764936251
768
769
776405471
784007647
785187295
785252831
787349983
788464095
799277535
80413631
810156511
813367475
816120287
822936031
823524284
831259103
833553522
834535903
839534226
844380222
846660543
847119175
857178020
86378366
865206331
867959263
870318559
87490739
880280031
883229631
894632415
894763067
894764206
896993150
897189638
911690047
912262079
922288607
94176191
943063939
94896607
953352371
953956968
95420895
959
972620015
974258355
97649119
977077183
979370463
981664703
984744175
