0
1
1024
1029243119
10341
1035534575
1046938079
1051525359
1090127622
110428639
1119750014
1126153699
1126632749
1126785640
1127017988
1127079980
1127087791
1127426060
1127815108
1128061415
1128079136
1128117042
1128136908
1128160401
1128203021
1128208181
1128219195
1128223187
1128246679
1128256934
1128263516
1128294133
1128294903
1128320675
1128323937
1128350969
1128357684
1128361155
1128362852
1128401094
1128480377
1128484005
1128498663
1128498948
1128532843
1128545358
112919726
1138295263
1145241959
1157630580
1157698566
1157728073
1157789941
1157864757
1157900029
1157973153
1157993458
1158035878
1158038777
1158052928
1158067664
1158091400
1158095097
1158100000
1158126669
1158129289
1158130666
1158165065
1158186903
1158225524
1158234347
1158234608
1158234685
1158241163
1158306271
1158364207
1158378613
1158381601
1160239914
1160299308
1160308683
1160368741
1160425507
1160453300
1162675974
118489147
1194854150
1194918067
1210515695
121438687
1220280799
1225392607
1236533487
1237583622
1243021551
1243415007
124649951
1247609011
1248985267
1250164975
125632751
1257373815
1259405491
1259995375
1260257519
1261437407
1263403487
1272381679
1272709359
1273364719
1303707887
131596767
1347551711
1354170847
135921723
1377763567
1381828358
1389691059
1399063007
1399259375
1443889391
15
1505100375
1537000417
1544946143
155910623
1571161862
157221043
157221343
158859623
1609762566
1610023151
1619447127
162463983
165216735
1655832815
16777217
1677854590
1687357190
1711472879
1725563359
173081055
173605583
1745944815
174916063
175571003
175571423
180355611
1824588015
1824655110
1849098479
187302367
1874985199
187629807
188547551
191562207
192545487
1927546630
1927874190
1978401007
1980367567
1986783280
1996226799
2009137391
2014502296
2070096055
2081383064
2101544830
2105934063
2109735391
2117009647
2156134639
2173764063
217514463
2183004219
2216886511
2231763183
2242119550
2247231238
2256865030
2262630879
2277088634
229048559
2300706995
2312241391
2314469615
2317418975
2324496623
2340946099
2353791455
235405551
2407305770
2412790978
2491678959
2503868895
253034615
253821047
2553931472
256
2563702843
257
2570781571
2652975272
265618367
2658533615
2696507238
2707330114
2733768943
2749563059
2786723590
2812936671
2822964159
2830762463
2841118470
2908226015
2908226435
2908226734
2935030239
2969698543
300
3024696329
3046769119
3048931387
3056108264
3115974835
3148066162
3177186239
317784303
3198300961
3200909611
3205930904
3209757151
3243245807
3272541958
3275490478
3305279646
3305314236
3305382374
3305420009
3305425616
3305451288
3305453795
3305458208
3305482878
3305492879
3305493353
3305517606
3305537897
3305538567
3305580056
3305609432
3305620501
3305635500
3305669055
3305676334
3305680558
3305686416
3305695201
3305729119
3305872551
3305992779
3306011137
3306022171
3306024298
3306218938
3306279150
3306310985
3306677478
3306687027
3306720482
3308387208
3317367263
3323068655
3323789791
3325362895
3335651567
3348301574
3348365791
3350922714
3353018847
3358327023
3364094431
3364946159
3366651054
3367960815
3372417623
3374186735
3380347359
3385459167
3390701807
3392536935
3394110159
3402170847
3402432751
3402629359
3407020271
3407085807
3410429102
3414884531
3421766111
3436314803
3481798406
3483828703
350159087
3507486959
3514630623
3514631103
3535995119
3545586841
3553886447
3554335838
3556901942
3579511023
3588751839
3592161030
3650063299
3661693167
3662086623
3668443495
3668443615
3702063343
3722117599
3749578502
3752658694
3760062523
3763539114
3767534287
3771269179
3790406111
3796500959
379781359
3800039723
3824485850
3827761631
3852009591
3874488559
3887333495
3969646831
3985336386
399723397
40108271
4012835055
4014211131
4021748910
4022600159
4031905851
4038263982
4041278458
4041998575
4052420358
4063951
4070672658
4093511550
4113090604
4153018118
4162388447
417201042
4235002095
4236509663
4241032127
4270784751
4277535199
433127903
477364703
479
496717012
5
522
52887611
54265606
55
557383919
569311831
634388959
644022511
648872175
649545776
665243854
722665711
727449839
730202351
745472059
752615663
754150678
75891167
769
788922607
839188659
839386886
842334687
844380222
854656774
861798879
864420079
898958990
906887287
907211331
907346039
911690047
918291630
93192431
981991903
