102166926152420
104002504333539
104883434597363
108068157887500
114596801651387
115609150772910
117746470749399
120670033750107
123029669757796
126349076039891
127246817960358
12823855308138
129236247026363
1306161911079
130954434781854
134912176966589
136773073346643
144528252851947
145262998225404
146543102666954
146803493288186
149382724584905
149681455106057
150820820706636
151497947122636
152196128412022
155405286394448
160746651710237
161104988949442
163038163690074
163563277481189
166516959877350
167746042312155
168061751910002
168681617193873
169787648558827
170470955057424
171744639421616
172248576027995
173391807209954
17389981584113
179821376588067
182734849544099
185932541236939
187629679098601
187895422626873
191325579001164
192388982967634
195167710831682
196547540558255
200474441362416
203769199104096
210869355021568
215070994435705
215485909713193
221555828244676
22252707297140
225172523620722
231887457377333
232351040519789
232579291307137
239063883213915
241333416939090
244671881522006
245850372075693
247021849080054
252469655697080
255152711997740
256202279489256
262205349359096
263828710797738
270334893377101
27070584752306
276467342191949
278228800335503
33949415413761
353474872493
41058513286763
43740371350869
43839266628265
45563455628067
50257310125030
51722694664823
53072019764168
56354221338137
5753316797655
5879908546632
59780383642987
60137427714601
6079278568377
61149358123333
72978486366037
73318404549398
78016776027728
86903840921412
88649176377304
95172174816899
98150316350872
98866426830209
98953920706371
