1019376065
1019431673
1028652158
1028659500
1037539276
1038218222
1044612858
1050229834
1050492312
1061311347
1079051520
1084081849
1086594313
1087857106
1103315360
1141425144
1157615551
1163496860
1169058256
1187157802
1204201923
1209519109
1228187621
1249601349
1262302315
127418493
1277193928
1281863396
128289245
1306663011
131664790
1344010324
1354520092
1357134252
1365426100
13687197
1373045191
1377581511
1378151804
139908339
1428691542
1443678253
1447541678
1462315732
1468984888
1471570248
1474229432
1482224111
1487890725
1489199883
1505026712
1514868898
1526468064
1552349435
1573160610
1588070108
1590362727
15994398
1605400139
1625735903
1635044945
1638233213
1641236908
1659762817
1661850741
1664889177
1708598602
1713041263
1729463462
1740941774
1762900339
1792242993
1800516388
1801174353
1805604734
1847222697
1848290671
1851440657
1852613283
1856298385
1863501722
1878122210
1906797659
1915500671
1934138221
1935624745
1949895585
1970707826
2003736746
2017371611
2020464489
2028896610
2037725366
2049511000
2067244130
2089193418
2128618881
2137387333
2148452003
2164752935
2207531042
2230370844
2232643925
2235414795
224766606
2257490008
2275096623
2278054255
2300676128
2307498938
2325619303
235499165
2361584453
2374991765
2377215757
2380310386
2386097397
2389330156
2393843353
2428477620
243234990
2439418237
2448794256
2462113824
2462714458
2465979221
2473557255
2482986472
2489316707
2494752622
2541449566
2560214882
2560431410
2572284690
2573577941
2581179994
2582225783
2587325731
2603996067
2617725219
2652478741
2663891882
2671458223
267171588
269726019
2707242401
2724070665
2728304779
2734053302
273869358
2742586803
2754916902
2778041300
2800460533
2847388524
2848988362
2869056576
2869312545
2870981429
2889677476
2898020275
2924210654
2932764874
2974941154
2988715093
2994608794
3008446199
3035637308
3054256997
3064109080
3080326906
3113561654
3120901124
3132478922
3142240894
3145649026
3161498855
3195606906
3209974697
322410509
322662016
3233665204
3266538480
3275784886
327924856
3295311116
3303527028
3305722692
3315170707
3326227612
3327605629
3335248462
3356724859
3358745950
3362051273
3371063881
3394120199
3396745997
3406407309
3413392792
3413439228
3428698396
343388205
3439011311
3513691297
3535795036
3564834307
3571665695
3579948395
3582361277
358260761
3582619529
3609479723
3623307594
3687916417
3711551956
3736216706
3744241807
3759476796
3771371788
3813893346
3818713985
3822028524
384298163
3869479453
3879978853
3880326795
3908888971
3908993129
3920667534
3925518863
3956209007
3956829374
3960271911
3966183449
3980771600
3990877981
3993253569
4028162271
4052503088
4061666001
4062827617
4080873635
4083998353
4089107096
4094509208
4094653965
4118458480
412144796
4136140479
4150852032
4155810784
4168280873
4174881080
4187722154
4196505021
4209133318
4212989273
4222686738
4230755958
4233154377
4235854958
4247432546
4253309445
4281992858
431659053
4549682
463189355
468024645
476139108
498735635
530875247
534084418
536694319
557326690
612980197
640970579
66797005
681277400
693325300
694873915
71221972
713305688
715524027
726244337
751347898
773986293
782742708
798241890
799486008
811167524
811741534
814826253
825847061
833819843
835242840
847323681
863021373
888373054
902409415
904626410
913258305
919637945
944002107
9541802
957954228
994602505
997620093
