1002744794
1003486845
1003704117
1004235193
1004780829
100545985
1008473121
1009114879
1009323719
1010211138
1011577639
101307757
1015530454
101748241
10183623
1018578987
1018635824
1019855877
1020156098
1020248118
102048930
1021292152
1021528694
1022098357
1023832933
1024011532
1025549770
1032345123
1032486160
1032964487
1033755347
1036260279
1037487225
1038068790
1042750772
1043664389
1044147055
104430815
1044422672
1044645768
1051081098
1052960165
1056650310
1056749029
1058685767
1063442538
1067282278
1069001643
107019860
1070740723
1070800574
1070978365
1071208646
1072009796
1073086623
1073430912
107365209
1073762593
1074675471
1076709051
1076974830
1080004620
1084408564
1085284856
1085730296
1089241084
109125960
1091426680
1092502304
1095664097
1095687343
1096747303
1096992083
1097516158
1102568179
1103521010
1104867854
1106330935
1109118065
111088578
111195843
111404457
1120894490
112215065
112339755
1125013735
1125529692
112734316
1129373669
1130111892
1130138453
1130286099
1130467343
1130568819
1139697161
114004114
1142834931
1144984396
1148364784
114903695
1149656828
1150286782
1151436548
1157579521
1159315789
1160174705
116315148
1168871798
1174165980
1174334469
1176797735
1177015111
1178166559
1178405951
1178699897
1178886936
1179425680
1179997828
1180429312
1180871087
1180876734
1184751884
1186665068
1186793523
1187490952
1187568035
1187978605
1189089504
1189682964
1192893817
1195164722
1199320043
1199750750
1200280593
1200917972
1201172430
1201569114
1201771558
1205337503
1206588887
1206735065
1207128914
1209911995
121441687
1215010333
1215787163
1216096431
121613581
1218130899
1218306021
1224211555
1227463666
1228172957
1228750485
1229521510
1230167280
1233298080
1233871302
1235559501
1236173573
123777955
1238011633
1239244157
1241713989
1242295286
1242447862
1242537306
1244719420
1246341378
1248384399
1248991200
1249378702
1249490790
1249848286
1255168798
1256033929
1257448241
1258538318
1259260076
1259581770
126035894
1262716585
1263513931
1267455977
1268537264
1269599980
1273630291
1275444790
1276024514
1276089962
1276873695
1280502588
1281930259
1282605954
128376849
1283893260
1284458858
1284721303
1284752313
1285117650
1285604867
1285960463
1286315282
1286610611
1286689293
1288061529
1288765218
1289163724
1289446677
1297639152
1297737349
1298930496
1300557524
1305931384
1306192605
1308670851
130904724
1312099363
1312124706
1313812386
1314289589
1318228710
1319079549
1322578887
132477467
1325632086
1325667897
1326950111
132874425
1329043216
1329319229
1330752634
133075328
1333539389
133372701
1335073553
1335784756
1336671431
1339741164
134193363
1342379780
1346008858
1347356215
1348900960
1349101334
1351475563
1352444500
1353258258
1353969870
1356890359
135728607
1357315024
1357762910
1359152698
1361742405
1364472365
1365031299
1366326484
136662513
1368656286
1369338350
1370237946
1370864836
137142379
1372741987
1373535265
137482366
1377406276
1378545891
1379600029
13799172
1384623196
1385742924
1386200916
138629456
1386822133
138908191
1390969385
1394119455
1397033074
1399571491
1400726091
1400754906
1403528614
1403659900
1404833039
1406649866
1410009424
1414399248
1414794147
1416404235
1416764402
1417688217
1419304238
1420160725
1420876016
1420919309
1422865968
1423579157
1425054181
1425355471
1427588142
1428067487
1428312803
1428641940
1428985498
1430633530
1435945072
1441562610
1442883543
1444857975
144524602
1446609492
1447737581
1450326516
1451031188
1452406842
1452737443
1453484667
1453814451
145578485
1459532104
1463106231
1463328514
1464692681
1466403378
1468431895
146907480
1470090711
1470830992
1476078764
1478151208
1478550368
1479487147
1480026723
148027728
1483021821
1483048901
1483487658
148410069
1484703679
1485992067
1489328580
1491280297
1494566889
1497545417
1502048914
1505648979
150576067
150971162
1509857146
1510372505
1510592583
1511301306
151162460
1512873679
1513236018
1513443412
151462576
1515363711
1516104530
1517073376
1517084484
1519662461
1520094306
1521599885
1521821431
1522162687
1522479132
1529440218
1530415158
1530489668
1534605783
1536389136
153675386
1538565770
1539547236
1542887690
1543965511
1543996614
1544229305
1545310675
154559534
1546005167
1546323865
1548589285
1548747446
1552867919
1555035024
1559694830
1559761056
1560737573
1561962956
1562601643
1565903149
1569519923
1569619914
1571685827
1572342679
1573054271
1573292663
1576087455
1576757094
1581464489
1582099253
1582196048
1587771391
1587808365
1589364281
1591400485
1592116231
1592764546
1594456691
1594896064
1596362353
1602325751
1602682127
1608231932
1609621912
1612860949
1613581342
1614098638
1614322150
1614841059
1626140332
1627013130
1629212101
1630540453
1631787026
1633654142
1633735717
1634596880
1635024006
1638700859
1644387989
1645589529
164665370
1646810404
1649951629
1654301625
1656767697
1658096481
1658459960
1659288789
1659324109
1662484229
1662606972
1662703939
1665576319
1666758619
1670289872
1670567162
1673785173
1674237418
1678529705
1682306261
1683484226
1686004591
1688961252
1695030653
1695698194
1697149373
1697787930
1699767829
1700678860
1700791754
1700972797
1701032256
1703277923
1705991222
1706975816
170820090
1709543030
1713359044
1714523118
1714642532
1718134128
1718207609
1725092031
1728021669
172831667
1729554248
1730457768
1731064625
1732303742
1732337556
1734208650
173768798
1738093551
1739085129
1740377453
1741037586
1741818452
1742171721
1742902922
1744008424
1745629949
1747835778
1748546088
1749046445
1750666024
1751297056
1751448088
1751653271
1752927948
1753875077
1753903308
1754102715
1754879230
1757059278
1757541659
1758717477
1762265697
1762409395
1767504210
1768965945
1776278442
1778348364
1779082089
177915033
1779768240
1781379726
1781650886
1785748692
1786932091
1788608297
178992297
1790621977
179076532
1791371992
179170604
1792685875
1794034386
179609410
1798172575
1799894153
1801686549
1802607296
1802971084
1803753822
180547150
1807406529
1808093466
1811879840
1817441870
1817473305
1819868635
1820701690
1822422569
1824027784
1825573999
1826118149
1826254685
1826276077
1830482981
1831734717
1832871446
1833801772
1834496231
1836413558
1836813205
1836827930
1838407609
1839027181
1841014974
1841832398
1843274255
1844733594
1844956050
1848838323
184972575
1850096078
1850920829
1852043488
1852819583
1855168653
1856176356
1859483570
1859928628
1861352428
186164596
1861905696
186204742
1862253520
1864747579
1868117105
1871422011
1874979605
1876856270
1877271003
1877330579
1877858812
1883098775
1886866109
1888451042
1889499368
189219196
1892842337
189420119
1894656136
1894769194
1898117274
1900803151
1901780941
1905732376
1909197402
1913212147
1914386988
1916973565
1921497741
1923187200
1924508499
1933277970
1934573544
1935336904
1936277378
1936996823
193704550
1938358320
1940475623
1940903309
1945280672
1946567430
194945307
1951517302
1951585381
1952008221
1953919472
1954099197
1954220716
1957257351
1959473436
1960379809
1960448690
196520855
1968174492
1970565502
197128682
1971666964
1971676401
1973903022
1979928950
1984629288
1985342257
1986941595
1987225241
1987714377
1990548668
1990586436
1991976256
1993539916
1995655978
1997172263
1997624862
2001483695
2001549179
200339044
2003530619
2005903060
2008860838
201088683
2011334900
2012753574
2014472299
2015008199
2016302145
2018790611
202191851
2022994431
2023106166
2023497715
2024845137
2025144802
2027147565
2028912120
2029212157
2029464954
2034472589
203550163
203616181
2038816126
2039380237
2039601124
2041788200
2042223659
2044747603
2047741787
2047868437
2048005096
2049874647
2050895638
2051174501
2052364098
2053413073
2056266964
2056691590
2057856357
2058061645
2058320454
2059354650
2062011609
2062803640
2063831608
206571768
2066123372
2066655987
2067260766
2077126367
2078810407
2080815052
2081527060
2082065196
2083543806
208811555
2089088170
2089175897
2089297527
2089388889
2090788134
2092526659
2093374499
2095606188
209664789
2097174989
2097180403
2097214416
2100064029
2100328377
2101102998
2101872366
2102374734
210484997
2106664392
21074355
2107630126
2108313653
2111553710
2112151366
2112370607
2115982833
2122089942
2123083975
2126808352
2127699981
2128149406
2128302556
2129844030
2131929652
2133482187
2134060511
2134124769
2134636842
2135104304
2135191210
2135440085
2137972557
2137982408
2139054053
2139432123
214102107
2142319977
2143012280
2144586425
214752868
2147813250
2148101100
2154711192
2154907148
2155008521
215534492
2159461137
215996469
2160050282
2163415186
216593027
2167129670
2170523319
2171710530
217287080
2179521050
2179678008
2181178956
2182274850
2182438791
2182790558
2187401636
2189464162
2191761116
2194083061
2194859580
2194958507
2195205684
2198917181
220036092
2200822903
2203569912
2204404755
2205041806
2205885058
2206622329
2209079454
2209128026
2209690098
2210671035
2211122798
2212597267
2213353704
2217734111
2217802625
2221221977
2221883809
2222719920
2222998559
222839802
223035877
223154093
2231620398
2232942207
2233613348
2233644879
2234242323
2237654380
2238098467
2240238359
2241850668
224562257
224614126
2247360085
2247796246
2248218499
2249861766
2250248791
2251511235
2253841565
2256307153
2258955806
2261241722
2262401557
2263413657
2264626226
226559985
2266005926
2266663973
2267468452
2267913008
2270109424
2270677400
2271439307
2271582464
2277120107
2279891552
2283683039
2284077911
2284698303
2288664633
2289172756
2289216537
2289829901
2290486848
2293107466
229316726
2295278478
2298174960
2300061796
2304422732
230448403
2308810345
2309138530
2309815619
2311941749
2314079845
2314564898
2316835553
2316876803
232059449
232146848
2323132217
2323601514
2323647603
2323984757
2325169500
2326442597
2326473374
2326707919
2327216816
232733922
2330369063
2332986090
2334204169
2336263674
2336965413
2339841176
2341248624
2341272397
2341537434
234315892
2345629440
2347156827
234795077
2348726914
23498533
2350770889
2351829100
2354398409
2355348240
2357935503
235918290
2360134655
2362600775
2363319224
2363956869
2364194197
2366539955
2369365203
2369492984
2372095344
2372293550
2372732086
2373928960
2374335739
2375251718
2377994332
2378806133
2379420075
2380462923
2381078105
2381648810
2385937236
238665476
2387617996
2391452226
239435161
239543869
2396272289
2398283141
2401688984
2401984500
2402913964
2403186422
2403846618
2405343875
2405909509
240662389
2408446801
2409999192
2410470869
2412054714
2412235403
2415437028
2415494318
2417813818
2417920833
2420830881
2421342447
2422156920
2423745252
2424680777
2425245181
242708329
2429090095
2430227596
2432913617
2434428999
2435933424
2437610267
2438777721
2441620549
2441636463
2441924548
2442929675
2443945553
2446747529
2447805265
2452193241
2453358966
245398713
2456227987
2459799591
2460508937
2460864180
246103143
2461081578
2461614793
2462404875
2464900786
2464940070
2465069196
2469217860
2472230291
2473896499
2474666289
247481247
2475318866
2476120602
2477141645
2478046946
2478074874
2479156137
2479581649
2479950831
2479998056
2483445864
2483793741
2484332035
2489165628
2493908533
2494223106
2495028774
2495117912
2495894321
249990116
2504604815
2506370337
2506563570
2507793144
2509317528
250966301
2511382976
2512886918
2514369438
2517461558
2519386708
2519716315
2520004691
2520298988
252068313
2525686307
2526113921
2526572548
2527401211
2527943338
2528620581
2528817831
2529197286
2529737531
2529856076
2531159956
253412629
2535265840
2536276063
2538417545
2539121995
2539426635
2541676033
2543382926
2543548819
2544331148
2544675173
2544965530
2547577424
2548872118
255258319
255269998
2554004203
2554200808
2555609492
2556823539
2561142488
2562083847
2562111609
25656621
2565712933
2565853747
2567555899
2567629859
2568390258
2570134632
2570195734
2570880373
2571042869
2571539332
2571683186
2572528756
2573447036
2573707087
2574299280
2575594752
2577145616
2577296666
258428396
2585681263
2586816306
2587154790
2589188643
2591290823
2591777992
259382671
2601896834
2603262145
2603449377
26037598
2604497547
2610733947
261554265
2619094174
2621242646
2621514386
2621933040
2623766762
2627636247
2628387468
2632956747
2636865543
2637217625
2637282946
2637533047
2639499999
2639643573
2644713357
2648154204
2648995314
2650670767
2655794762
2658694205
2658995358
2668412060
2671731439
2673132989
2673819473
2675159762
2675977277
2676366941
2679236043
2682530204
2685594726
2687972234
2688738887
269131834
2691711498
2691844184
2692493911
2697980906
2702765270
2704520201
2704918609
2712516277
2717322980
2719697228
2720171264
27206519
2727458899
2730603287
2733653846
2735566856
2735769269
2741662907
2741785227
2742672120
2742761224
2743384590
2744692522
2746156477
2746773571
2750128672
2750785209
2751119698
2751953254
2751967974
2752787632
275389771
2754123771
2754701674
2757275193
2761732085
2762105754
2762325357
2763194087
2763317781
2764727112
2765405951
2766575010
2768557948
2769753345
2771395437
2774494127
2777234621
2777722283
2778987064
2780120362
278291186
2784553812
2785255248
2786229600
278954445
2795217562
279555706
2798020241
279989352
2800300259
2800722949
2800755050
2806186638
2806391840
2806823899
280704718
2808298479
2808637215
2811445300
2814595668
2822764313
2825937475
282822517
2829058739
2829363857
283001680
2831484756
2832911276
2835961456
2840180085
2841937184
2842357176
2843443887
2847931343
285001074
2850906826
2851241372
2852427931
2852430323
2853192291
2854292585
2856660851
2857190685
2858741060
2862985348
2863177336
2864250559
2866884371
2868761333
2868800220
2872044713
2876224883
2876618830
2877138816
2879738422
2880274548
2880869320
2881065127
2881989436
2882317797
2885413993
2886734814
2887541821
2888412048
2888800081
2890825414
2891582439
2892133534
2893672445
2894751839
2894895413
2895227672
2896137676
2899554298
2900658221
2902490825
2904334001
2905553161
2907275912
2907661565
2910057775
2911386703
291217940
2912605678
2914133507
2916360337
291641572
2916459387
2920313640
2920776560
2920835193
2921636136
2923115174
2923621579
2927107819
2927119325
2928803159
2928860226
2931296848
2937286241
2937551192
2938073525
2939445867
2940060730
2940899248
2943623196
2944553463
2948589369
2948858947
2949549818
2954314986
2954335000
2954945474
2957935491
2960187817
2960219670
2963046952
296486701
2966428643
2969036170
2969415452
2972339032
2974432233
2975984386
2976138352
2977149136
2977862020
2980329686
2980761971
2981306937
2981509198
298508938
298669092
298774162
2988350877
2988556763
2988710491
2990700910
2991554490
2991993866
2992726022
2992931527
2994393499
2994828851
2995789036
2998894212
2999639940
2999916322
3000032304
300198390
3002184931
3003252977
3003366520
3004510792
3004514973
300504851
300636325
3007243952
3009159933
3011904533
3014164246
3014677174
3015234135
3015723396
3018450039
3021205815
3023009524
3023460213
3023613630
30242576
3026731379
3027130394
3027914259
3030350245
3030519839
3031641644
3032374296
3033894125
3034078021
3034321957
3036950149
3037576548
3038719402
3039776029
3040266737
3043218370
3043505262
3045661491
3046711597
3048552262
3050920237
3052592492
3054590691
305474517
3054766851
3054847732
3056769288
3056958106
3057866029
3062057526
3062601846
306540453
3068897748
3069950398
3070394172
3072335522
3073591724
3074059479
3074790085
3075057388
3075401672
3075847999
3076034283
3079887694
3081423023
308329564
3083488988
3084112147
3086858507
3087333040
3087850065
3089331908
3091920176
309384972
30980618
3101867661
3101882922
3102785307
3103247757
3104492236
3107877283
3107905124
3108266755
3109576169
3112149871
3114248305
3114463379
3114701858
3117966600
3118842804
3120865624
3121720605
3121937002
3124492604
3127080230
3129503869
3129554001
3129636412
313013569
3132865292
3135664540
3136770590
3139471737
3140407319
3141002370
3141207863
3142170088
3143502665
3144315436
3144631604
3147897353
3148526770
3149285264
3149536452
3150551884
3151583440
3154939135
3156176903
3157860113
3159626286
3161478180
3162591459
3164037603
3169950765
3170771864
3170901183
3171767747
3172264752
3176075393
3176969226
3178945492
3179891958
3180121027
3182729432
3183080447
3184348947
3184525903
3188740461
3190001676
3190552305
3190619233
3190928948
3191874984
3193373087
3194379566
3194610463
3194645866
319574636
3195950006
3197983008
3200911446
3201048488
3203728361
3206420368
3210487494
3216360331
3219516539
3220504017
3223676846
3226489933
3229394560
3229950156
3230234662
3232575276
3233242449
3235371755
3236871132
3237946972
3239413726
3245323060
3245652114
3247378162
3248657462
324884658
3252688932
3256368873
3256854156
3262829269
3264072394
3266400411
3266747606
3266879793
3269283916
3269447559
3273851819
327395070
3278141322
3278856114
3279402804
3279493396
3280047744
3282318888
328291009
328631040
3288914998
329195415
3293737115
3296793434
3296992773
3297227806
3299159336
3299354256
3300636889
3301183822
3301364009
3303285215
3305366531
3307500308
3308021295
3308474822
3308578590
3311693412
3312791861
3313502682
3319938984
3320534835
3324377972
3325524891
3326798615
3330494408
3333250025
3336290362
3336457774
3337212830
3337758957
3344062882
3344485859
3348120115
3349420998
3350421462
3352771479
3353832887
3356152606
3356318390
3358865497
3361098252
336198364
3362713437
3364066220
3365036399
3367215290
3371854031
3375021027
3375368530
337754884
337900236
3382535509
3382658734
3383257297
3383640422
3388322506
3388420878
3389712811
3390684012
3390904572
3393162081
3400872117
3403319589
3405077401
3405398002
3406385298
3408002961
3411865254
3412109885
3413299302
3413958777
3414635440
341566196
3416305319
3417770975
3419275694
3423275146
3425557541
3426496980
34285082
3430683574
3433497413
3436599688
3437098159
3437462778
3437989064
3439318943
3440023467
3442203767
3444638743
3445387201
3448136813
3449205273
3456847330
3459220617
3460371053
3462036527
3463454034
3465067456
3465554924
3469233382
346943249
3474739561
3475685163
3476639190
3476804002
3477105640
3477452158
3478121804
3478631653
3479863965
348253635
3483311244
3483975703
3485253330
3485267015
3487121837
3488528598
3488962057
3489201445
3490329608
3490914187
3491469993
3491857410
3493540487
3502663060
3503384824
3504526952
3507564129
3509246791
3510132747
3511501730
3512635991
3514080922
3514548172
3517054887
3518069455
3518133441
3521470587
3523877713
3524576314
3525012068
3526114855
3526176198
3526412522
3527706252
3527871206
3528565572
3530432216
353392212
3534386415
3538618963
3541776093
3542900784
3544756194
3544870741
3545612922
3545966123
3546658064
3549766350
3554868687
3555221880
3555270654
355634781
3557331918
3557706328
3557913764
3559749205
3562720473
3566546340
3569619647
3572858806
3574138592
3574201637
3576150096
3576186892
3577410002
3579167088
3579290143
3579818046
3585055975
3586631219
3588085563
3588488483
3588647788
3590945507
3592350418
3595914205
3596098303
3596498166
3597692988
3598235366
3600487479
3602410820
3605196812
3607629051
36081831
3608702153
3610595868
3612210483
3613835778
3615928888
3616933135
3617142571
361951785
3620033677
3620185627
3620424327
3621283410
3622175742
3622833994
3623195993
3625617010
3625960100
3627311190
3627531071
3632207852
3634307533
3635905679
3636571721
3636817376
3638356540
3638506042
3639468386
3639863047
364142254
3641863043
3643198511
3643287582
3644114629
3644828080
3645178253
3650394416
3652910470
3656761275
3657086030
3658058290
365970368
3660417635
3660736935
3661298566
3663381875
3663736911
3665313786
3665401349
3665641111
3666153815
3667893057
3668092592
3671525770
3672615987
3672777262
3673576164
3673732339
3674157630
3674693165
3674778350
3675001361
3676123111
3678047523
367922770
3679537460
3680660413
368382394
3684223569
3684902481
3686522097
3689667057
3690524831
3692084518
369315660
3694082417
3702220263
3702263466
3704265172
3704463689
3704947806
3710171668
3712507548
3712867587
3715077706
3716745719
3721874571
3724879511
3725091527
3726276093
3733683580
3733684336
3733696974
3734168777
3736216724
3736508447
3738894640
3740205686
3741366009
3741495886
3741838940
3743491210
3744371667
3746922870
3746999137
3747610910
374957842
3753741754
3754924705
3755309977
3756326846
3759513277
3759905659
3761286971
3761793747
3762060915
3762544086
3766787679
3767576395
3772808080
3776444220
3776649641
3776806920
3778628269
3779404344
3779550204
3779833635
3781926290
3783770438
3787629240
3788427717
3790712885
3791016678
37912523
3791507247
379991848
3801077469
3803855854
3804691260
3806274311
3806535619
3806615494
3807881818
3808432121
3808455817
380934699
3813276489
3814494184
3814946983
38154717
3818476477
3819879861
3821367264
3822585677
3822717783
3823172401
382342260
3825665982
3826205545
3827976405
3829390561
383066961
3831504190
3834743280
3837111075
3837336675
3838196863
3838198210
3840633174
3841343712
3841406229
3843666874
384492888
3845119485
3846722669
3847540657
3847901354
38484720
3851855204
3853519808
3854402982
3854802003
3855221862
3856371878
3859125214
3860448913
3860772823
3861024729
3862782829
3863991791
3868427525
3870543446
387159105
3874359764
3877079372
3877760972
3879042390
3879100598
387995632
3883180945
3883489151
3883651953
3885279367
3886753329
38873230
3893330727
3896305195
389880477
3900544002
3901418576
3902787068
3904021524
3904743033
3905730062
3906067380
3908242979
3909043776
3909784178
3910279409
3912429556
3912916157
3916208314
3916558884
3920272396
3924408211
3925656481
3926676403
39268557
3930297326
3931028978
3931944888
3933541774
3933805391
3934922254
3934961394
3935164639
3935896995
3937277757
3940170720
3940814268
3943169987
3944198872
3946043899
3947651832
3948062799
394834752
3948420568
3952850215
3956700133
396008403
3963297576
3968540960
3969479700
3970276505
3971334491
3973689385
3977503987
3979691894
3979825049
3981268665
3983389152
3983695929
3984100013
3987117492
3988228121
3988610277
3990248793
3994591748
3998425402
3999173745
4002111754
4002535089
4002576912
4003443185
4004276179
4005947609
4007119593
4008140461
4010080344
4015976192
4019980584
4022804691
4023693897
4026728796
4026818407
4028356746
4030448409
403195601
4032037016
4034106600
4035204540
4035531419
4038603932
404187455
4041986792
4043868545
4044538205
404477251
4045077080
4046052738
4047157000
404935537
4049811927
4051457948
4051643954
405231305
4053618878
4054709773
4054796067
4058195185
4060971764
4063244967
4064910447
4066476800
4071310413
4077546203
4078973818
4080417462
4081192154
4082541121
4086045615
4087973166
4089727551
4090659443
4094638216
4095254477
4097455111
4097749877
4100560187
4100592740
4101289561
4101407585
4102092323
4104722469
4106127939
4106324836
4108950100
4109249020
4110370274
4111943091
4117867050
4119059621
4120416964
4122124416
4124465618
4126834473
4126907158
4127816509
4128741520
4129947271
4130497329
4131039039
4131584798
4131938456
4132125230
4132464049
4135632546
413590020
4136426373
4137064176
4138271146
4139878520
414052605
414527157
4146952715
4149182003
41493355
415002503
4150703510
4151194014
4151549031
4151997883
4153368486
4153965513
4157415110
4157766331
4160545912
4162074495
4163102336
4165031632
416618047
4167227278
4169217129
4170469064
4172142715
4173944350
4176370639
4178446361
4178974784
4181863073
4185391582
4186010461
4186190922
4186437033
4188302711
4189614940
4189643219
4190032827
4190724609
4191528853
4192598863
4192802975
4192825009
4197523107
4199428252
4201181907
4205851016
4206411502
4208162633
4208219047
421334340
4213990311
421460756
4214682893
4215735389
4216876116
4217394058
4223024692
4227274279
4228278936
4230502059
4231914946
4233942515
4234271311
4234843084
4235679293
4236559970
4237310364
423789881
4238863419
4240124802
4240170355
424184486
4242442262
4244961747
4248649006
4249629186
4249797193
4250026420
4252194136
4252359122
4253280737
4254409159
4255421645
4256509909
4258172746
4258450170
425922993
4259957126
4260649731
4261802080
4262101823
4268413646
4270454902
4270629583
4270964123
4273439300
4274422560
427457945
4278977634
4279632872
4280519398
4282686720
4283115841
4284205890
4287749454
4290224410
429060713
429085070
42916021
4292437354
4292645787
4292663026
4294112337
430671348
43368026
435768467
438167216
439577455
440715403
441624916
441799992
44204733
443152790
445164016
447969615
448127281
449291481
45301948
457322602
459200150
461459878
461988492
462703248
466566465
468387680
469106109
469373513
472738070
476192367
479879600
481120971
481932055
486666442
489035706
489455341
490111996
491149214
491728068
496956880
500263709
503963623
504131598
504593850
507214331
508097814
508686155
512346852
517062775
517406811
518267282
518402999
518509730
519678050
520738350
524488112
526000802
52679693
527963678
528640672
528783432
53035277
530426893
533594933
534298883
534772605
535647825
535729268
536489452
536708127
53754783
541368030
542956877
54438171
545338466
546342527
546681943
547686753
548028782
548055323
549081668
549103915
549127948
551992952
552586212
553267432
554293826
555722718
556111503
556385665
560118898
560235612
560663944
563970147
566221339
566467891
566528491
567575850
569635960
570757486
57422344
575422256
575555887
576032606
576053498
576174727
576309572
576675478
58018185
583567777
584046180
584205172
585692768
58655621
586707489
587722402
592448508
592600807
594629340
59533781
600180780
600423067
600831
60172019
602394378
603064101
603974388
607419898
609612471
610938890
612572493
61378026
620248774
622739544
624126526
624825550
625468987
625508509
629388791
629871830
631271955
634757071
635351313
63570059
636331688
63713359
638986943
63904020
641857786
643375824
644275879
645042920
648368683
650401876
65109870
651531904
651724302
65288028
655290525
655754889
656950180
65790901
660716635
661240421
661432514
663431672
663966429
665762940
666739427
666760554
667657437
669276761
669710233
670608392
671390458
673006762
673069093
674284938
675131078
67648780
68120092
683097750
685306359
686777743
687084340
688648923
688767662
68903495
690949492
691085280
691613411
693214526
693734338
699787052
700406505
707657851
709020537
709295712
710110184
711493277
712212857
713482579
715135421
7158447
716430632
719445665
719733606
723691836
727810450
729007986
73034629
731456737
732492527
736559462
738881927
740595763
741357824
741800201
742653637
743040811
743857037
744168307
748278271
749778356
752095936
752526583
75435651
755167025
755453341
758823253
759741624
75975371
759769772
761937631
765103467
766115713
766144527
769618039
774668932
775081268
775924310
776383933
776440152
78024236
781809027
782460084
782874453
784451496
787394176
788863553
789845933
790520238
790675547
790760931
791503552
793656238
795576032
796949182
797235406
797849347
797883921
797887676
801203335
80181242
802790336
802868706
803505800
804379908
80479650
805729471
806756735
806979044
811453221
812924806
814938689
817056881
818086901
818473148
822663989
823225799
823584507
827611720
829584336
829807771
829808092
830186564
830339722
831146712
831450574
831505543
831633614
832595538
834931915
837483699
837872294
83889646
839369636
839832481
840092090
843092877
843377159
84429936
844446299
844595615
844778488
847966132
848585110
8497586
853091993
85330161
853724093
855303795
856765234
858441530
859625601
860085524
862014218
862095143
863795202
866963525
868213685
869286687
869883402
870765718
871733619
872428328
87273116
873455415
876940033
87986389
881175782
882522027
88333899
884825469
88536989
886814178
887010601
889329040
88967522
890237478
891004613
892137485
89659249
896725987
896938440
901732105
906016985
908235231
91119110
911440218
912030292
913801419
915203443
915266044
915547465
916172030
921120795
921796290
92281258
92287522
923267850
92436033
924848367
925900240
927455452
927654599
927939502
929059968
930807746
93114672
931681639
933987530
934884004
936672684
936863673
937560487
938788114
938854901
940470088
940882608
943222271
943503972
943703553
946770503
948735737
952606070
953037633
954486461
954922132
95532173
958065104
958251987
95882536
959118195
961293293
962032437
963258760
964580094
964965165
96716154
968186765
968740893
970912703
971948935
973145175
973575598
975624557
977241217
978118048
979443147
979929175
979956910
980239927
981395449
982303540
986091402
986869532
991959485
99373747
99438726
994870285
995033815
995502069
996013173
996536009
999687856
999999962
