105121779234164
109287451395680
115231201648554
119622984809835
125996026115980
126821304205240
133659659702574
137478209137738
147270663619296
149580407458058
151398103684408
155442221896353
156150805310751
157145244283313
169886520520199
194719092407240
196907708356325
20598744086660
208612490554544
224691022910923
228626073818589
232945424004605
247346859826106
251966059569080
258033712057511
258989362099326
264177882013818
265651311803649
266224346181907
268238217705682
274882342126394
275154792891941
275928044758562
28616200563387
30102330766777
38752843202275
39081516165307
47888976791558
50781934601487
53531625918379
54985793927795
58979628620394
59336363793920
59773761935992
63739785707228
80602360639966
98086359774288
