100120953642704
10623425232793
128471992028419
13303707412173
138394278927925
14649098069549
148125959666347
149975541166021
150649145611231
154981103565263
157627028483839
158973311657878
168384850860279
183347114104925
183610214986265
190279401825858
191858487004529
196800087258727
198596369626403
200445156873752
202736699966154
203790802535643
206061069244482
2219046424502
237869663162716
242718343933792
249833333538158
279953386924895
29374300196415
44112542726889
54493854727797
56019370014636
80129237804672
91191212138353
