1112607971
1116815090
123653761
1613747550
1649714618
1666112578
1681222333
1684401140
1723996355
1777324805
1809820489
1951161738
2056485365
2126128607
2250907101
227002421
264290893
2646958026
2664393793
2681642029
2842538039
2931824993
2980120457
3012423039
3029214875
3062151444
3127449020
3219380258
3229483603
3428815257
3532274188
3686094548
3703544663
3949344638
4100736523
4101994660
412506687
4147494639
4224754290
426099726
651730636
712487413
753677742
795912676
870841358
878441106
879914805
