1026114520
1068830737
1158808333
123451541
1254990347
1283487275
1404274653
14043222
1462373450
1474809312
147697434
1477467715
1486596618
150554
1526892536
1535008572
1612146638
1631357991
1677082196
1691176169
1723506516
1798049507
1847666358
1848389615
1885381503
1891766079
1922463948
1928651411
2001623514
2050226279
212690751
2139365894
2141527871
2165059685
219517044
2199359815
2232261565
2286263909
2295322193
2323982905
2347148246
2384545248
2421015412
2461949787
2517533607
2554444200
273935352
280976434
2856417394
2900953067
2912681837
2947154812
2966001665
2987672150
3014640118
3019678910
31068623
3141017483
314863635
3160761429
3172731590
3185900923
3313032120
3320219961
3337259056
3361073089
3361903196
3405107884
3420451991
3437273283
3472226811
3476955086
3486817896
3573551050
366248933
3817496934
3840159546
3998095790
4011355193
4031226962
4085398659
4145531239
4147130670
4239856836
4273692860
433716445
516625033
570865579
645917112
698497549
829095315
882521560
959325312
998744003
