1027610833
1097078559
1110945895
1223333255
1227021838
1332821352
1345065939
1375778008
2064451949
2118238312
2189276640
2245705190
2306415009
2334908777
2437196302
2527212004
2629081295
275292088
2859239555
2986383366
3267610710
3450854957
345946458
3467705931
3472431742
3510671587
3525444526
3671106682
3716056116
3778325119
3956056295
4025590381
4089209189
4128909544
4152174406
4222491683
42360016
4238934446
4265968689
4282652380
445008091
447413810
497299926
51053753
53631510
588353984
708282289
722993969
762501698
763182030
764993596
880637718
889821451
