104013863700143
106794032468704
107194310176486
112803365197359
11616251895334
121658378546894
128960236955560
135258578283572
139083383585931
152316119438610
158202009485137
161619002071681
170964128534314
177241264565687
181881306310808
182214076581860
18251658063392
206488324623465
211762341048997
218452778678544
234325390855458
234726662266969
241828519306198
250009472208380
259835964061114
259998743430193
263354971607912
263652283832541
266241938500449
26680553130339
272420171246065
272778724983145
279954695971399
39162882984294
46601302113218
56455578190800
60580524956681
64970424587901
70045814066982
82941426455416
87736299634616
