1000729529
1132614586
11903642
1235469051
1251852752
1281300571
1293178841
1320386367
1340407310
1340934865
1387541307
1389421232
1437908556
149814771
1503465383
1573966675
168545899
168978999
1743268756
1795201098
1796984236
180162440
1803058272
1848360295
1979362256
2071283971
2112488250
2217950046
2228119482
2289225736
2289433400
2409226429
2434146289
2488429143
2518076381
2525016759
255805973
2600707146
2620861559
2668374138
267774658
2818727836
2838823202
2909736462
2943298362
3039208714
3103530446
3177048545
3237617397
3313419900
3322874040
3331044071
3406041682
3419043000
3422176534
3450449767
3453692597
3508039402
3531670260
3642467071
367306608
3690494964
3801264961
3971703181
3972078791
3986913537
401376503
4024153845
4034827345
4061965715
4253879506
4260238729
451863806
457419096
464029898
573361950
597167440
605500027
61463350
64299871
678301737
6797588
69292332
760843780
770901645
781167907
789083849
809241837
823714501
824639460
843549926
878100724
921134026
948603887
974966991
994294065
