100586006886745
108416886217509
12224895668959
122711649680610
12633356714796
141823083396444
147111627589635
158904067847008
16846380764002
168992652097891
176773394912871
180206066904549
185899560692364
188076518209921
19130168667842
194861482003569
200078220452600
201110351242294
218488885593169
22897948728348
229756449172897
231162550955012
233470868496656
237997694426699
245260224586465
25366356753550
258805613619516
269880552155509
33963865118962
36877350261247
41788018328266
47871172425771
49013869642483
5837743664443
60177055309216
60300183316421
62279784159789
72242809795698
77293365062373
