1006662241
1064929431
1073645827
1077798078
1165931609
1188847694
1193438570
1234354934
1262689238
1279651135
1317745916
1333960122
1346855163
1384133454
1393865942
1429603975
1448592061
1527308401
1591784470
1626058505
1660090782
1707992097
175921562
1809535707
1813340706
181423162
1917973505
1953439799
2029670769
2041993966
2083077139
2086403648
2164838182
218130385
2210187869
2219921041
2238557882
2247611213
2253310883
2278586090
2280640049
2320093287
2426865022
2453190815
2459249570
2465965434
2477935253
2536567385
2552211727
2561736915
2629648177
2667892115
274801265
2752329004
2756390694
2762390955
27843496
2799739774
2900504969
2906966359
2975273754
3055716792
3132246678
3136423472
3155643478
3158970513
3175596601
31980212
3269905672
3283285148
3286648330
332399414
3326412876
3327586551
3333454285
3349903268
3407171323
3415052905
3556281194
3586200289
3588147041
3675269595
3678599308
3714834207
3716805755
3723853336
3763677132
3771032559
3829649189
3837984997
3907733822
3908637971
3951102455
3991414224
4007726405
4059711179
4114090359
4143751186
4155463814
4172031379
4203632500
4226468058
4243821631
4294015883
4294109899
564008245
60103321
603896307
632086258
675898047
739746950
748888408
763241057
76450750
798734031
837274155
837949321
850236552
913256695
915040090
938842922
955373516
966135606
