1050468416
1144953513
1315094819
1330085345
1365097771
1368529823
1405711288
1418573304
1428563256
1493400254
1531897124
1540098697
1579558521
1640504042
1703846317
176126912
1910646800
1926128485
2128560846
2171927181
2216627650
2358647029
2361673573
2382809558
2509429852
2663397394
2732638955
2749305404
277195787
2823423030
288001410
2885865375
293606810
2990199515
2998121482
3013348876
3045702699
3099440490
3148600939
3162628363
3319307412
3364236248
3415487701
3511195259
3549643283
3625083682
3704136533
3738542698
3760608989
3912091443
3941347708
4012691952
4043709541
4049977835
4134000432
4200105490
4221627011
4258438960
479505984
69687786
818958483
848153875
880670657
933766983
