101783137114707
104321664443263
108528538111533
109260633686588
114318014887805
116676237681570
117807598465398
118835507298414
123458060952009
125304553735783
12635363329511
129528508431303
133304489112224
133619918089544
13601451416815
140553040852286
141887220326676
169258152022258
171277420694679
175080053985720
181975655761964
187331147269275
189427287443271
190903632837809
19337750746642
207629794588825
208015025481540
209239707699882
215998611973572
240773304496340
242563805656703
24295698092483
258548378645213
266872647263818
267168517975153
267431450975924
26909397183811
273280814150871
275086605723004
27862856812006
278989603631426
279144760916257
3456547053935
41338753653780
41551258583606
43625657024654
44734325587752
44960227893380
44977848556318
53601476283466
71935787127500
72488032826630
78034550226021
85177112834667
88247420819448
97528821911698
99247825139481
