100777367
1068601125
1245047319
1248609765
1317533097
1318242912
1375828191
1432398056
1472482162
1491421717
1530489467
1536918290
1667677949
184143856
1875147223
190940128
1947843660
195789850
1974185602
2012903396
2023851326
2217734534
2319021156
2343446301
2358641809
2412316710
2440322811
2445979707
2450663153
2481191805
2497847321
2617377844
2657224742
2674482002
2684635073
277053221
2795470991
2801188700
2829631605
2948815531
2951130021
2973097149
2999967408
3005212041
3100429757
3156094081
3157073279
3193136896
3297759236
3369952648
3396619717
3443665058
3487140098
3589755714
3610395780
3696614179
370178288
3711909737
3740905017
3777183860
3798234166
3962304554
3969758229
4019510599
4057988174
4103551892
41204288
4125130163
4250768714
4257632892
4258228081
4287486012
489012528
500855846
518500859
590535157
631765835
728879063
857869852
866353107
895026164
895529986
911835617
983125838
