1142548585
1170206060
1286165659
130387673
1393014896
1495138496
1544686014
1544931597
1618245645
1704479428
1795040219
1809622085
1812994929
1826044058
1914264799
1929904234
2071384620
2135026222
2314338952
2340305060
2502629360
2530750529
2553635535
2705578200
2761645253
2767041456
3087663098
3340206671
3351378511
3357287990
3434065815
3468827542
3492749430
349887485
3541287608
371754705
3722556564
3792099864
3822877637
3829024253
3944185367
406206680
4134860343
450989096
465594267
594687062
613060938
761786569
776907600
788667939
913862794
974430705
975122890
976387653
