103551587650793
11631170896485
122333231343779
127341711994644
144559547121879
146160743732919
154299509886511
155782540301843
156400053158730
158340825805072
163849676938563
176130546090116
178844416063350
181093935437781
190147973113488
20425406444656
21149796206887
214670829761004
221964042579429
227053010293340
232648203770625
253292722957535
255623755687094
257146463243264
267876607136220
269187673658880
27514089406836
33072510198769
47067644429708
53966188718953
60333532655038
70285016366011
70865683236912
72314938049127
79318314386873
90587365530107
93095800734229
99003897689285
99399435595222
