100551930956783
101509740217362
11631170896485
127341711994644
144559547121879
146160743732919
149580407458058
15530616978217
156400053158730
158340825805072
162953495742406
163849676938563
176130546090116
178844416063350
190580238574848
195452946369115
20425406444656
204275907525833
21149796206887
221964042579429
232351040519789
240292930501306
244125203137235
251232673763929
255623755687094
256770766061903
257146463243264
263683729128528
270297660989991
33072510198769
47888976791558
53966188718953
60333532655038
70285016366011
70865683236912
