102980705489780
11484082732642
116967254640338
120853505746138
124989970397281
140954584607949
142328310684444
149463034143830
158695145906443
16876041495621
171599449385609
178120567544094
180688088835385
181338342802194
182669706012944
187885319772175
189254718075330
203795881834429
208163961941019
213631751845218
225402121227898
230974171234576
232841869729781
233842705570301
234051999353567
236796682069598
240504809027897
24142918049556
248676323253817
251129383692206
253636205088177
260610944512619
263553482485845
275306519209962
277023184951479
278651809363438
27951261050343
279721255987712
28148514452179
28863869156011
30951561839599
42556149280998
45706210034336
54365330153648
6284919522236
63643778693782
65548500361617
88307163316243
97482870812297
