10126340133071
101581365695574
101695205791792
103626366337070
108121794120566
108885030955886
110970911896736
117509324764689
121068324566952
127043522556354
131180660662903
134519455476741
134912283879714
13690400422429
139508754715350
144072027831792
164118909812992
16669092683324
173219012091966
179954939629148
188537016624786
189595130126850
194132628752847
195100813206321
197022870005656
199951181486146
200141945078206
20258704317459
204699797896279
216652453789919
220074300786940
221081201184605
224934073565979
230949223331401
235314077315099
235677470610511
237382385807373
237589819883823
267513761691946
27693041005904
42760852867329
43900014374382
4816067183329
496988384935
6222986134342
80526239124500
84862284173734
99846723943045
