10126340133071
101581365695574
103626366337070
105031566904414
105850849143580
106994708560821
108121794120566
108885030955886
110970911896736
111797377878914
112527970552102
115934837386105
117194956189659
117509324764689
122975488220437
127043522556354
128837382303892
131180660662903
131431624496745
13174757455917
134781915363454
134912283879714
147234638910599
154538742359762
158331285662733
159796475156362
160833731983318
164118909812992
165121221926469
165685523495385
170685469600941
180211623147505
183051593721440
186765759828655
188537016624786
189587941989542
194681871024154
197022870005656
199951181486146
200141945078206
200165268070277
20258704317459
202745432499761
206978040428257
216652453789919
218304411686094
220074300786940
221081201184605
223196334822566
224257379891827
224934073565979
22866246925169
230949223331401
235314077315099
237382385807373
237589819883823
244549240990964
245207673966310
251211463586867
253179521980613
270709414934982
276412441027041
27693041005904
28657630105561
32398495469206
38175169528928
40493381606170
42334997273137
43900014374382
45361774027031
4816067183329
51512227786877
60114546971323
60922889791174
65995123556251
77070913408074
78277707917980
78635500656003
78659568184108
79226023122106
8044213911087
83435343859588
84862284173734
85795991339651
