118448043554635
133557489561028
13384660631621
145605265269200
14945595999206
152868950939066
154078829760751
161272105419143
164826608387967
172957225422598
173208713881783
17616237897808
181000854983085
183252845506684
200474441362416
219278645256855
224778718647006
229098338911520
23688936518623
241103903812255
255416622540622
265562275810018
269548358742799
31288370074640
39798743929760
40805176364302
46715432399941
48452878449889
51748444186209
53327579224729
77681103249074
8669947118673
91487385803769
95273452437952
