103551587650793
112066097260576
112162038807587
112848314584853
117419591939296
122711649680610
123047155174856
125443817978110
131808053713140
134621430349167
139250940799108
139483821891677
140867354158508
155030481284515
158904067847008
176773394912871
177640696608066
188076518209921
190397217432925
194861482003569
200078220452600
201110351242294
206183411407845
231004782024152
231162550955012
231513230740569
232010955848668
232378528016260
240645903761534
244694744981011
276944374439089
279500651922418
33963865118962
45821791333722
53322272662509
56067862766814
58579798488645
59498923261690
70949235999851
75102131018596
83112840556345
84924244602691
91546960498449
92151089873935
94587682762452
96626024465566
96814329168237
