103355924
1040031985
1073852960
1118306579
1155752986
1255244017
1295804334
1332983295
1428819290
1530324422
1556192117
1650783823
1657716320
1658847318
1697326197
1722568787
1739642948
1743337964
1927625845
1982680280
2019778438
207320263
2238920574
2247963843
2254822798
2291931129
2385770087
2405222166
2452271933
2479662977
2574954230
2685794248
2699068118
2744329295
2754977581
2770399687
2826516481
2927464979
2998254993
3004268672
3008874646
3019538934
3092624983
3158731444
3262738930
3389362732
3407519797
3454279539
3482486898
3487746013
3561647662
3569240561
3607679739
3614328849
362204540
3640133793
3679152282
3689630483
3838269462
3885955052
3907610834
4049331400
4091720580
4109042909
4220059354
423598025
424781261
471165788
514307065
551776612
570287491
578847372
583658460
661745669
764479817
768564955
793237768
840888884
871118601
952921462
