123257808568434
126404074538290
127959221687843
130392953828866
137519075444391
140194682370782
146730432687038
147184200187182
150493109781907
153722175765049
158904067847008
166690642551436
168992652097891
174711988189171
178084675299334
188076518209921
188442986308616
190702189104030
194861482003569
19667905923578
217000837358281
222372399350941
225794684601592
229810461950100
233949115684514
237031994538508
239250375760744
242714146835376
245260224586465
258788335887154
26449555628586
265769006424535
279465162615775
28314476722085
33963865118962
57237081783485
60177055309216
65316233407843
92378435877116
