1007931150
1012123460
1023540675
1097752989
1126735551
1193578135
1206081819
122008623
1220317344
1343578311
1365437705
1437557152
149805758
1506956013
1565795518
1589618407
1657462330
1659406222
1701435872
1710883693
178192752
1816417984
1821745849
182273820
1841627872
1864218490
1924273573
1989205414
1996558092
2000850636
2025967014
2028268764
2081721585
2089387850
2142256666
2153778730
2169484544
2222729109
2242402675
2261572347
2310429948
2403561770
2420224609
2543342631
2573255536
2578971818
2582195069
2588476462
2694794222
2722035131
2737816797
2764838172
2862306347
2876560663
2886762869
2908930909
2942934187
313931384
3176077802
3295356059
3307790416
3322182694
3338071690
3365365169
3624017371
362530267
3642769128
3645452198
3649916117
3752947644
3783720221
378858882
3833392298
3929562010
3938205287
4049906247
408063941
408782780
4114855797
477439939
517101422
523958009
568009445
570522803
575330472
601827039
673519125
777219389
790843858
793675437
808399640
829745806
896851235
94445439
