1007608504
1009320490
1048038271
1053434262
1054342447
1064084209
1076820409
1077654155
1085934296
1090345563
110421425
1161438667
1168575676
1174347953
1174627947
1178990898
1179065840
1185618104
1188086848
1204882695
1206078736
1211906845
1222138269
1223861855
1235216905
1262417026
127080385
1271735175
1273378311
1277053514
1287641011
1288960981
129075347
1304413699
1307474819
1316151842
1320430949
1330347115
1333944247
1339913771
1349575176
1361492399
1367158909
137347628
137748883
1380435947
139229755
1392738236
1397774793
1402850274
1406071483
1409269947
1428806965
1438929153
1449410207
1455310951
1468363750
1476058858
1504431448
1507299655
1515883747
1518346324
1537132953
1559818676
1564533821
1566299827
1572585988
1594898692
1597527741
1609103216
161561290
1623738989
162930610
1629662117
1656237476
165866335
1668094867
1670441885
1678515546
1696123637
1706507908
1724338169
1731150704
1737693826
1741358138
1743733260
1759326396
1765002123
1781594697
1792785788
1804941913
1810854622
1817701993
1818761994
183023545
1834173368
1846240649
1848482399
1853009765
185377526
1854214643
1855543236
1860443800
1906628239
192471292
1929377382
1939903499
1950093992
1956983856
1961803310
1988990938
1991477777
1992123678
1999263177
1999959513
200858332
2008802374
2019965411
2031032715
2033223849
204629786
2059875116
2062217370
2062364023
2064119126
2071235835
2071724345
2073714428
2074148189
207633541
2076382691
2115874791
2118237487
2118553761
2119441371
213008613
2151299204
2154108863
2162678893
2166367148
2168292581
2180401935
2194091512
2195919794
2219232538
2244646259
2259153480
2266467531
226744909
2281018348
2296006908
2329725377
2340259742
2356223579
2371248227
2374588926
2391139704
2392536358
2392579646
2393019646
2394298736
2395339691
239853937
2414239151
2420584960
2432739411
2433299171
2438516241
2445064464
2476093110
2491319100
2501636020
2502416726
2504813470
2506781452
2507273970
2509391991
2518757986
2531830518
2540953882
2554142645
2559314896
2574584217
2587628748
2593676984
2598756258
2601247760
2607534766
26133072
2630073972
2631574570
2638115006
2655518026
2659251454
266411394
2665605725
2687669359
2692647945
2703901599
2708883705
2718057197
2743382174
2743597189
2748197708
2770929486
2782655856
2792979757
2793527211
280673573
2809081174
2816683303
2840545145
2844124454
2853614523
2855897069
2881356968
2887608734
2902312331
2908039811
2914445312
2915297022
2923844016
2937930899
2939181527
2953606895
2955936560
2958431893
2959467632
2963727309
296988097
297325253
2983148551
2983719143
3008416028
3012149441
3018567529
3040298266
3043787368
3060973654
306367306
3072714217
3081216843
3113225272
3117702260
3128177137
3133711423
3134705251
3159656058
316144997
3170348830
3172605638
3185216493
3185827882
3204950731
3208268877
3213685804
3221571865
3228696179
3238386896
3238520737
3250447137
3259205550
3265402204
3271135644
3271937267
327946007
3286844415
3288206359
3289673534
3292698129
330257573
3310252069
3326794588
3330208460
3330507736
3330696678
335735695
3369293162
3384082530
3385837570
3436491483
3442213631
3445054305
3450317063
3452918643
3463053765
3467471245
3469065470
3484605503
3488967285
3493766050
3507680883
3512779146
3518434350
353442240
3539815259
3542983078
3553575027
3558512495
3573988133
3576191920
3581618336
3582769736
3607834594
3610623162
3621031057
3622001596
3624716385
3658882373
3660813296
3674482550
3683204856
369163316
3697703076
3699256583
3702450258
3706931802
3729527585
3738193044
3756240529
3770196312
3771306105
3774387104
3789681332
3810746723
38131358
3827280040
3830036098
3841391512
3850095425
3859595840
3863235823
3868777861
388060820
3882898745
3889064250
3891917551
3909583174
392810744
3940500039
394255384
3942709678
3943826513
3953327089
3955467304
3957662860
3958309627
3971612283
3975442909
398271845
3982764081
3984635979
3992506622
4002958692
4019669876
4027265390
4028523224
4030418006
4037597538
4054184625
406904282
407825751
4079048290
4080871970
4082260270
4102406419
4118438889
412529776
413002225
4133795112
4141118441
4155257301
4160529865
416250182
4167633982
418069087
4222261512
4247593691
4271479198
4272793177
4292941475
4293849751
434557804
435280836
447743509
448585363
458553371
463398342
472170285
481183241
489197496
489468056
491867525
511940389
512187416
553667109
564370101
593739831
59959752
606242651
610642749
613174998
614709891
622810239
635511685
636105509
640501071
640581222
641707646
654193119
670469322
670546579
696337449
699741824
700504263
705632346
707470178
730186548
753447644
757012833
777610044
781555121
787882866
800732374
8008133
809372903
831532966
85406148
880906719
8969441
899420795
900923285
907234943
919797646
920449377
932703003
932953638
933570534
93362031
943669287
944005319
952410731
953874835
959214619
959240591
964590640
973674494
993159806
