102282676
1150118975
1166364047
1183924905
1211040042
12234617
1298678999
131261581
1375866359
1383538785
1386524744
1399842254
1435024317
1443428917
1459917760
1508034610
1589803606
1612577658
1700412124
1768833043
1780151745
1801362016
1927282395
1934539791
2044926520
2136500443
214406897
2203720780
2249854235
2251729578
2258475626
2294037215
2307057462
2316021212
2421896997
254166926
2561713044
2684682715
2701616327
2722075147
2784062267
2807980366
2820758429
2832626321
2877873161
2928783916
2943363928
296831295
3038599895
3197610204
3224453166
3226114135
3441512968
3485866472
3603180204
36623811
3708221108
3718611464
3740094856
3779002998
3865400161
3955723838
3960109436
4166916227
4210401245
4235992175
479816565
500088802
52558015
545252331
551868328
585717418
663205030
694114965
77676885
825015379
829466384
838962923
858996127
881741318
957434260
982539291
