124982515809705
128452468495240
140839331369102
146369808559810
146915215408153
151209266863757
153837886887590
160773256362030
168386587758044
177657403236139
179066235954789
181975655761964
196345173115515
199913106430616
206906357954874
209228566613181
216035114027607
233651040300107
247307343226476
250611581102525
251109157850429
251113043152028
273280814150871
278235724623874
279144760916257
28383818015449
34628819142504
39395449269067
4218444846857
44977848556318
60222487073497
68702347804784
79071340171939
82550326408501
97528821911698
99247825139481
