1000713647
1027802270
1035853110
1053469517
1053765663
1056632552
1075730297
1146090674
1161732006
1174298607
1184638501
12082972
1215701244
1220569405
1221892462
1240587955
1246390505
1252566841
1259518355
1281070604
1284677733
1292626876
1295797208
1308665701
1310207307
1313644203
1355064733
1384152217
1388568752
1412799127
1417492416
1458421705
1468491527
1472751933
1493102976
1505668493
1513974284
1518721395
1530779357
1531940635
1532989090
1564303316
1575952232
157643190
1579710285
1581082387
1600792131
1602379396
1605565862
1643510599
1659111312
1672391955
1673234611
1689262519
1707221844
1710087748
1714021421
1719259042
1731987835
1752212389
1795414463
1798514959
1807686772
1826999998
1843322209
1844768061
1855603649
1866968877
1875113549
1896480974
1905033476
1920918281
1944475119
1946897221
1951724700
1952245558
1963617095
1968021961
1973074905
1976830511
1986434537
1989773361
1998462994
2018964765
2027928614
203595741
2047176625
2052731010
208682513
2116894083
2135299028
2144867216
2151737687
2164715421
216695987
217600464
2181751906
2185317927
2198911139
2209858223
2215156166
2238459473
2241360925
2265920225
2269583471
2293724733
2310705211
2390124523
2397910464
2400020637
2417730883
2427039974
2443022964
244569097
2478535006
2478648763
248235029
249181995
2497779382
2533277301
2550503289
2551394673
2559744224
257042670
2580961009
2590305429
2598676220
2605352302
2630713768
2633061995
2635227533
268530979
2706190936
2708862809
2716059296
2721296690
2731550795
2733996244
2738336700
2766049983
2771224104
2789200166
2794401520
2816563031
2823989356
2845456028
2853996093
2866035143
2868904871
2881718675
2905352867
2918014753
2918411768
2933216224
2941028975
2944309740
2972473381
2974118922
2974390981
2980507101
301682935
3020166941
3022390567
3025128834
3084293404
3093680494
3096416511
3107521254
3118653089
3125024131
3132018847
3136043520
3143925605
3159047894
3200255188
3207544193
3223812533
3254774158
3272759316
328064701
3293250628
3315650401
3327692422
3335807187
3337232770
3356462420
3368863666
3378127950
3380600952
3397423415
3398221218
3398398986
3406130371
3421008222
3426082377
3434810540
3445981025
3470575815
3475390242
3493870720
3514398281
3522799348
3541559117
3557932472
3565754613
3588775472
3610554956
3634976239
3635577350
3636447304
365282548
3686893397
3711565623
3725170913
3749787093
3782329881
3801916671
3809649419
3828682445
3835734537
3842415108
3873793170
3878784073
3893149291
3895914553
3897559651
3898423037
3906375351
3912958270
3930482325
3933737236
3944450620
3976019805
3985265818
3994065726
4023708562
4034254164
4038486366
403949238
4085857773
4097167920
4114378755
4114876534
4118805858
4122649229
4125361862
4154222723
4180922147
4184810242
4187455603
4192736982
4198000502
419810306
4203101217
4204448662
4205791434
4230058903
4234755961
4247970815
4267262396
4274475790
4289913520
433049790
457539312
468444772
473407411
478199738
488413472
49911717
506513797
519656388
531047989
539576886
55112376
582296695
611942966
641622022
656192115
657277188
678578298
688597598
689914997
693742549
694107670
703803878
717972397
725582229
736885658
746569461
754311047
758533040
7631668
766510900
768565997
810050264
810455154
813473020
836461374
871827301
875084677
875677353
879480469
880678003
903476883
934422299
943422020
961089920
965671302
97053337
971862825
975993725
993531655
