103551587650793
103584874257341
107422465113051
116467650135736
117379296914210
117820553591418
146304379048763
147421615893177
168992652097891
17383409829056
175264531048347
179928466825010
194861482003569
196839933464477
226570988280757
234582992814718
239751107236706
241897596364674
245260224586465
251805392673246
252595469804590
262473592662809
278325025559377
278400747129920
28482246785385
33963865118962
39696646349931
39727017996403
40583038145316
40977532264902
48778235713933
60177055309216
8517415849024
94587682762452
9627924971137
9894872285916
