1077205477
1114131599
1329143285
1443362350
1513075238
1573984171
162604893
1638488969
1659391732
1681734560
1806206526
1818515644
1824725210
1875727862
1882007978
1971407620
2029202931
2037632393
2062145166
2086034320
208634101
2093048622
2132160508
2156982549
2345046716
2419159930
2488349250
2554592795
2577374688
2615475482
2641644843
2670967560
2675216051
2709120280
2784033747
2797565474
2816550598
282204600
2846953703
2926472905
2949754308
2969457090
2979856224
30043078
3010331052
3076071002
3076695910
3102951879
3153291660
3179611720
3481337634
3538503464
379101900
3837627727
3854559311
3896696553
3985854775
3988473073
4046829560
4087497763
4120662660
4148212200
4166603185
4170919035
4257206581
653248385
710533896
771334755
772324155
901901175
969797390
97820581
99393872
