72475356961633
224588224076512
17924703695118
156608164092037
222895439906815
136053984206967
254077487230734
221970782493094
72475356961633
224588224076512
17924703695118
156608164092037
222895439906815
136053984206967
254077487230734
221970782493094
72475356961633
224588224076512
17924703695118
195715097308245
84758088382774
222895439906815
72475356961633
224588224076512
17924703695118
195715097308245
84758088382774
222895439906815
72475356961633
224588224076512
17924703695118
222895439906815
72475356961633
224588224076512
17924703695118
222895439906815
72475356961633
224588224076512
17924703695118
222895439906815
72475356961633
275563712886726
69104805139584
194419157287275
