72475356961633
224588224076512
17924703695118
222895439906815
72475356961633
224588224076512
17924703695118
222895439906815
257234997616808
172449319075538
72475356961633
224588224076512
17924703695118
222895439906815
72475356961633
224588224076512
17924703695118
222895439906815
72475356961633
224588224076512
17924703695118
156608164092037
222895439906815
136053984206967
254077487230734
221970782493094
72475356961633
224588224076512
17924703695118
222895439906815
72475356961633
224588224076512
17924703695118
222895439906815
72475356961633
224588224076512
17924703695118
222895439906815
72475356961633
224588224076512
17924703695118
222895439906815
72475356961633
224588224076512
17924703695118
222895439906815
94153760399555
273812437811880
280124160775300
13892135139628
191913854025123
18183962819372
27344712484711
124923198198751
173745587708109
231917347860127
86837090784708
279885065630374
17338029052372
250663796998455
11769690914572
5350695222968
260846952550454
72475356961633
224588224076512
17924703695118
222895439906815
72475356961633
224588224076512
17924703695118
222895439906815
72475356961633
224588224076512
17924703695118
222895439906815
72475356961633
224588224076512
17924703695118
222895439906815
