72475356961633
224588224076512
17924703695118
222895439906815
72475356961633
224588224076512
17924703695118
222895439906815
257234997616808
172449319075538
72475356961633
224588224076512
17924703695118
222895439906815
257234997616808
172449319075538
72475356961633
224588224076512
17924703695118
222895439906815
257234997616808
172449319075538
72475356961633
224588224076512
17924703695118
222895439906815
72475356961633
224588224076512
17924703695118
222895439906815
257234997616808
172449319075538
72475356961633
224588224076512
17924703695118
222895439906815
72475356961633
224588224076512
17924703695118
222895439906815
72475356961633
224588224076512
17924703695118
222895439906815
72475356961633
224588224076512
17924703695118
222895439906815
72475356961633
224588224076512
17924703695118
222895439906815
