72475356961633
224588224076512
17924703695118
76262800543470
276452417657830
235050559507314
105099926681291
222895439906815
156914211556396
227963197332978
252084484874537
254846082389938
152182297080558
72475356961633
224588224076512
17924703695118
76262800543470
276452417657830
235050559507314
105099926681291
222895439906815
156914211556396
227963197332978
252084484874537
254846082389938
152182297080558
72475356961633
224588224076512
17924703695118
105099926681291
222895439906815
72475356961633
224588224076512
17924703695118
222895439906815
72475356961633
224588224076512
17924703695118
76262800543470
221539812525443
105099926681291
222895439906815
252084484874537
254846082389938
152182297080558
72475356961633
224588224076512
17924703695118
105099926681291
222895439906815
72475356961633
224588224076512
17924703695118
179881237608202
222895439906815
156914211556396
227963197332978
72475356961633
224588224076512
17924703695118
179881237608202
204102776608642
249384536728693
21754573223559
222895439906815
194419157287275
72475356961633
224588224076512
17924703695118
222895439906815
69104805139584
72475356961633
224588224076512
17924703695118
179881237608202
105099926681291
222895439906815
156914211556396
227963197332978
72475356961633
17924703695118
179881237608202
51470349012698
222895439906815
170537584159636
63751258523754
156914211556396
227963197332978
33731776147429
252084484874537
254846082389938
