72475356961633
224588224076512
17924703695118
105099926681291
222895439906815
156914211556396
227963197332978
72475356961633
224588224076512
17924703695118
156608164092037
105099926681291
222895439906815
136053984206967
254077487230734
221970782493094
72475356961633
224588224076512
17924703695118
179881237608202
105099926681291
222895439906815
156914211556396
227963197332978
113911987152095
224588224076512
222895439906815
43547241148072
13082948773917
225945849775769
69104805139584
72475356961633
224588224076512
17924703695118
179881237608202
222895439906815
156914211556396
227963197332978
72475356961633
224588224076512
17924703695118
179881237608202
204102776608642
249384536728693
21754573223559
222895439906815
194419157287275
