72475356961633
224588224076512
17924703695118
179881237608202
222895439906815
156914211556396
227963197332978
72475356961633
224588224076512
17924703695118
179881237608202
222895439906815
156914211556396
227963197332978
113911987152095
224588224076512
14746426607000
76262800543470
221539812525443
215035772789646
222895439906815
63566602125155
25812710321133
156914211556396
152182297080558
252084484874537
254846082389938
135838508652267
62511473639566
113911987152095
224588224076512
14746426607000
76262800543470
221539812525443
215035772789646
222895439906815
63566602125155
25812710321133
156914211556396
152182297080558
252084484874537
254846082389938
135838508652267
62511473639566
113911987152095
224588224076512
14746426607000
76262800543470
221539812525443
215035772789646
222895439906815
63566602125155
25812710321133
156914211556396
152182297080558
252084484874537
254846082389938
135838508652267
62511473639566
72475356961633
224588224076512
17924703695118
222895439906815
