72475356961633
224588224076512
17924703695118
276452417657830
235050559507314
105099926681291
222895439906815
252084484874537
254846082389938
135838508652267
62511473639566
72475356961633
224588224076512
17924703695118
105099926681291
222895439906815
72475356961633
224588224076512
17924703695118
105099926681291
195715097308245
84758088382774
222895439906815
72475356961633
93989221193502
257437619579273
43935066526100
25132202420616
127958680705279
72475356961633
93989221193502
250732576315599
72475356961633
93989221193502
250732576315599
72475356961633
93989221193502
257437619579273
43935066526100
25132202420616
127958680705279
72475356961633
224588224076512
17924703695118
105099926681291
222895439906815
72475356961633
224588224076512
17924703695118
105099926681291
222895439906815
72475356961633
224588224076512
17924703695118
105099926681291
222895439906815
