72475356961633
224588224076512
17924703695118
179881237608202
17372885060911
105099926681291
222895439906815
156914211556396
227963197332978
181257063129983
31797646431249
260590826654917
72475356961633
224588224076512
17924703695118
179881237608202
17372885060911
105099926681291
222895439906815
156914211556396
227963197332978
181257063129983
31797646431249
260590826654917
72475356961633
224588224076512
17924703695118
156608164092037
105099926681291
222895439906815
136053984206967
254077487230734
221970782493094
72475356961633
224588224076512
17924703695118
156608164092037
276452417657830
17372885060911
105099926681291
222895439906815
136053984206967
254077487230734
221970782493094
156914211556396
227963197332978
181257063129983
31797646431249
260590826654917
72475356961633
224588224076512
17924703695118
222895439906815
156914211556396
227963197332978
113911987152095
224588224076512
202432746809269
222895439906815
43547241148072
13082948773917
225945849775769
72475356961633
224588224076512
17924703695118
222895439906815
72475356961633
224588224076512
17924703695118
156608164092037
276452417657830
17372885060911
105099926681291
222895439906815
136053984206967
254077487230734
221970782493094
156914211556396
227963197332978
181257063129983
31797646431249
260590826654917
72475356961633
224588224076512
17924703695118
156608164092037
276452417657830
17372885060911
105099926681291
222895439906815
136053984206967
254077487230734
221970782493094
156914211556396
227963197332978
181257063129983
31797646431249
260590826654917
72475356961633
224588224076512
17924703695118
156608164092037
276452417657830
17372885060911
105099926681291
222895439906815
136053984206967
254077487230734
221970782493094
156914211556396
227963197332978
181257063129983
31797646431249
260590826654917
72475356961633
224588224076512
17924703695118
179881237608202
17372885060911
105099926681291
222895439906815
156914211556396
227963197332978
181257063129983
31797646431249
260590826654917
72475356961633
224588224076512
17924703695118
179881237608202
17372885060911
105099926681291
222895439906815
156914211556396
227963197332978
181257063129983
31797646431249
260590826654917
72475356961633
224588224076512
17924703695118
179881237608202
17372885060911
105099926681291
222895439906815
156914211556396
227963197332978
181257063129983
31797646431249
260590826654917
72475356961633
224588224076512
17924703695118
179881237608202
17372885060911
105099926681291
222895439906815
156914211556396
227963197332978
181257063129983
31797646431249
260590826654917
72475356961633
224588224076512
17924703695118
179881237608202
17372885060911
105099926681291
222895439906815
156914211556396
227963197332978
181257063129983
31797646431249
260590826654917
72475356961633
224588224076512
17924703695118
179881237608202
17372885060911
105099926681291
222895439906815
156914211556396
227963197332978
181257063129983
31797646431249
260590826654917
72475356961633
224588224076512
17924703695118
156608164092037
105099926681291
222895439906815
136053984206967
254077487230734
221970782493094
72475356961633
224588224076512
17924703695118
179881237608202
105099926681291
222895439906815
156914211556396
227963197332978
72475356961633
224588224076512
17924703695118
156608164092037
276452417657830
17372885060911
105099926681291
222895439906815
136053984206967
254077487230734
221970782493094
156914211556396
227963197332978
181257063129983
31797646431249
260590826654917
72475356961633
224588224076512
17924703695118
156608164092037
276452417657830
17372885060911
105099926681291
222895439906815
136053984206967
254077487230734
221970782493094
156914211556396
227963197332978
181257063129983
31797646431249
260590826654917
72475356961633
224588224076512
17924703695118
156608164092037
276452417657830
17372885060911
105099926681291
222895439906815
136053984206967
254077487230734
221970782493094
156914211556396
227963197332978
181257063129983
31797646431249
260590826654917
