72475356961633
224588224076512
17924703695118
276452417657830
235050559507314
76262800543470
225926486147192
105099926681291
222895439906815
252084484874537
254846082389938
263999751006732
271071975934724
245228501879543
120437213067972
204269173985624
263475005420705
61283525542306
199300774781395
87331563936803
39785799853926
251439297291296
113686626549311
51957812087122
7637723907678
255869162855533
253749333268381
72475356961633
224588224076512
17924703695118
276452417657830
235050559507314
76262800543470
225926486147192
105099926681291
222895439906815
252084484874537
254846082389938
263999751006732
271071975934724
245228501879543
120437213067972
204269173985624
263475005420705
61283525542306
199300774781395
87331563936803
39785799853926
251439297291296
113686626549311
51957812087122
7637723907678
255869162855533
253749333268381
72475356961633
224588224076512
17924703695118
235050559507314
76262800543470
225926486147192
105099926681291
222895439906815
263999751006732
271071975934724
245228501879543
120437213067972
204269173985624
263475005420705
61283525542306
199300774781395
87331563936803
39785799853926
251439297291296
113686626549311
51957812087122
7637723907678
255869162855533
253749333268381
69104805139584
93989221193502
257437619579273
43935066526100
25132202420616
127958680705279
113911987152095
224588224076512
225926486147192
171989690102685
222895439906815
43547241148072
13082948773917
225945849775769
245228501879543
120437213067972
204269173985624
263475005420705
61283525542306
199300774781395
87331563936803
39785799853926
251439297291296
113686626549311
51957812087122
7637723907678
255869162855533
253749333268381
72475356961633
224588224076512
17924703695118
235050559507314
76262800543470
225926486147192
105099926681291
222895439906815
263999751006732
271071975934724
245228501879543
120437213067972
204269173985624
263475005420705
61283525542306
199300774781395
87331563936803
39785799853926
251439297291296
113686626549311
51957812087122
7637723907678
255869162855533
253749333268381
