72475356961633
224588224076512
17924703695118
179881237608202
225926486147192
171989690102685
17372885060911
105099926681291
222895439906815
156914211556396
227963197332978
181257063129983
31797646431249
260590826654917
61283525542306
199300774781395
87331563936803
39785799853926
251439297291296
113686626549311
51957812087122
7637723907678
255869162855533
253749333268381
72475356961633
224588224076512
17924703695118
179881237608202
225926486147192
171989690102685
17372885060911
105099926681291
222895439906815
156914211556396
227963197332978
181257063129983
31797646431249
260590826654917
61283525542306
199300774781395
87331563936803
39785799853926
251439297291296
113686626549311
51957812087122
7637723907678
255869162855533
253749333268381
72475356961633
224588224076512
17924703695118
179881237608202
204102776608642
249384536728693
21754573223559
225926486147192
222895439906815
194419157287275
61283525542306
199300774781395
87331563936803
39785799853926
251439297291296
113686626549311
51957812087122
7637723907678
255869162855533
253749333268381
72475356961633
93989221193502
257437619579273
43935066526100
25132202420616
127958680705279
72475356961633
224588224076512
17924703695118
179881237608202
225926486147192
171989690102685
17372885060911
105099926681291
222895439906815
156914211556396
227963197332978
181257063129983
31797646431249
260590826654917
61283525542306
199300774781395
87331563936803
39785799853926
251439297291296
113686626549311
51957812087122
7637723907678
255869162855533
253749333268381
72475356961633
224588224076512
17924703695118
179881237608202
225926486147192
171989690102685
17372885060911
105099926681291
222895439906815
156914211556396
227963197332978
181257063129983
31797646431249
260590826654917
61283525542306
199300774781395
87331563936803
39785799853926
251439297291296
113686626549311
51957812087122
7637723907678
255869162855533
253749333268381
72475356961633
224588224076512
17924703695118
179881237608202
225926486147192
171989690102685
17372885060911
105099926681291
222895439906815
156914211556396
227963197332978
181257063129983
31797646431249
260590826654917
61283525542306
199300774781395
87331563936803
39785799853926
251439297291296
113686626549311
51957812087122
7637723907678
255869162855533
253749333268381
72475356961633
224588224076512
17924703695118
179881237608202
225926486147192
171989690102685
17372885060911
105099926681291
222895439906815
156914211556396
227963197332978
181257063129983
31797646431249
260590826654917
61283525542306
199300774781395
87331563936803
39785799853926
251439297291296
113686626549311
51957812087122
7637723907678
255869162855533
253749333268381
