72475356961633
224588224076512
17924703695118
156608164092037
222895439906815
136053984206967
254077487230734
221970782493094
113911987152095
224588224076512
202432746809269
222895439906815
43547241148072
13082948773917
225945849775769
72475356961633
224588224076512
17924703695118
222895439906815
72475356961633
224588224076512
17924703695118
222895439906815
72475356961633
224588224076512
17924703695118
156608164092037
276452417657830
235050559507314
105099926681291
222895439906815
136053984206967
254077487230734
221970782493094
252084484874537
254846082389938
135838508652267
62511473639566
156914211556396
227963197332978
