72475356961633
224588224076512
17924703695118
156608164092037
76262800543470
221539812525443
105099926681291
222895439906815
136053984206967
254077487230734
221970782493094
252084484874537
254846082389938
152182297080558
156914211556396
227963197332978
72475356961633
224588224076512
17924703695118
156608164092037
276452417657830
235050559507314
105099926681291
222895439906815
136053984206967
254077487230734
221970782493094
252084484874537
254846082389938
135838508652267
62511473639566
156914211556396
227963197332978
72475356961633
224588224076512
17924703695118
179881237608202
204102776608642
249384536728693
21754573223559
222895439906815
194419157287275
72475356961633
224588224076512
17924703695118
105099926681291
222895439906815
72475356961633
224588224076512
17924703695118
179881237608202
105099926681291
222895439906815
156914211556396
227963197332978
72475356961633
224588224076512
17924703695118
156608164092037
276452417657830
235050559507314
105099926681291
222895439906815
136053984206967
254077487230734
221970782493094
252084484874537
254846082389938
135838508652267
62511473639566
156914211556396
227963197332978
72475356961633
224588224076512
17924703695118
156608164092037
105099926681291
222895439906815
136053984206967
254077487230734
221970782493094
72475356961633
224588224076512
17924703695118
222895439906815
72475356961633
224588224076512
17924703695118
222895439906815
113911987152095
224588224076512
202432746809269
222895439906815
43547241148072
13082948773917
225945849775769
