10126340133071
101373295445186
114375463139508
124668593618656
133124993513940
135926368865295
144333377558167
158684892167644
159522152687954
170665349203174
172852816914611
178888857032118
182203309728559
183051593721440
199951181486146
207942260757330
211498244631649
220074300786940
223178693570114
226112923447616
237382385807373
259170630282507
262010306655175
272238600512551
279201233663307
28657630105561
35225098435046
3979422378733
42760852867329
64454713848825
65995123556251
66807169963982
78403026778723
79226023122106
968084783940
