1130134918
1212585914
1475829601
1485625996
1506975226
1540592873
1618125440
1850572725
1911888223
1912310850
2033433192
2163162532
2166114916
2307050511
2375375468
2434516421
2440912298
2465689369
2502709157
2571239457
273071819
2783604446
2842045987
2960185589
2980329997
2981980779
3087878610
3143621024
3147967352
3155740603
3205139470
3301727876
3345782759
3351141792
3442505147
3511008765
3541684875
3556429548
3658378311
3840452810
3840459243
384274614
3977525894
4200104135
514231084
534987346
702588286
742781049
825187955
859075084
903233449
929702355
987147643
