1038367920
1038814371
1043146982
1050180443
10733865
1078056461
1104386189
1114077107
111446033
1116943343
1118567188
1135996720
1137623702
115981000
1181367332
1184403225
1189848846
119598811
1196169382
1215870852
1231749391
1248728762
1275229771
1280898512
1282644320
1282940955
1299948856
1310380460
1347446016
1350356698
1356324154
1365508443
139212944
1434984279
1441269574
1445297958
1454658927
1472473905
1478894098
1512311172
1515146290
1569383922
1569417167
1575970288
1597446741
1598343267
1642543729
1645789149
1650377002
1678378146
1682012426
1689289334
1689923532
1694757336
1699650
1701238447
1701313613
1709662110
1723352733
1728169430
1770595768
17706058
1782749060
1808073651
1816580757
1861011986
1889727077
191230045
192382069
1950405490
1998965897
2012222321
2014365627
2033363085
2049401433
2091590001
2117800711
2128930003
2135790036
2140784550
2160127867
2175853766
2184994804
2194324006
2195620883
2218046880
2229337147
2270100595
2276519742
2276930207
2282489590
2298831533
2314296745
2322505111
234964760
2354495067
2364858150
2377151148
2385819464
2413330103
2442593236
2478454977
2493928312
250354213
2597037185
2646123208
2675960325
271197634
2712114936
2715142595
2728233975
2728749901
2758204722
2760704685
2775234827
2777622756
2834111862
2889098710
2904234520
2910006409
2951250825
2957515862
3022359375
3047345136
3054521702
3064639154
3073822342
3079097146
30857837
3091712815
3096912384
3113345873
312105350
3124616149
3143847108
3179436228
3191660708
3194827408
3241149781
3244496973
3266368723
327208402
3274235833
32885627
3291638642
3307503861
3312859624
3327273928
3351177040
337132745
3468712960
3474110723
3477056378
3488089421
3495739965
3496242810
3512937496
3535468595
3552968613
3558162057
357293057
359349069
3607033571
3607740361
3635153344
3649732258
3658635683
3663275983
3666846433
3684629757
3690509786
3702878800
3710967579
371685017
373068945
3752667632
3760051164
3785108178
3786234080
3788958315
3790001103
3793861493
379625019
380313475
3827633640
3838533865
3838695617
3852144079
3880315380
3880874026
3887692614
3888550099
3893198874
3899801178
3900014225
3919832229
3955394528
3959318084
398595783
3988804469
399000828
3990156336
3993734859
3995475248
4004037469
4011473921
4020974967
4033800049
4034838468
4043693911
4078047424
4094205160
4097121429
4103878364
4107582769
4110866938
4174627424
4187429939
4193611302
4202291726
4202543956
4213733406
4242562182
426328530
4273568696
4294923388
455280322
458675941
46339685
467665340
470699859
477566051
482161695
486991616
511762004
520362250
52163355
523518610
524295428
535237774
535904511
536521105
557484753
558915271
571184341
589838960
591031685
595454138
596086384
607848114
615151186
662423595
666431295
703992837
718920287
741256687
749434282
763318918
79971699
802434383
82597986
833363049
833951716
844490235
854900996
854955727
866147756
876234466
882681417
88732508
887795365
891160935
894559448
896180554
90063376
925679094
925931476
926861538
947372191
951186427
95161269
970082491
970568029
987048531
989655435
