102980705489780
104628363092931
105905759274105
107860653556069
107938265772439
107971382030130
108170957416094
109114911489172
110910461708803
1136570156030
113887269618745
116967254640338
118461923364749
12103676745934
123176609308964
124091272523430
124488182661419
125042353286113
12791640951718
131979655825354
132992347781283
134632255767227
134831024351070
135432623945630
144165622202971
147778574245031
149463034143830
151508070943428
158695145906443
163351928083662
164256606491139
169444238102848
172372112972610
172577124087781
173378701919638
175240128360166
176208864101603
181698488001281
18182289702738
184849692557090
185670760452528
185766774930972
186095902690375
188903810207789
190275204724039
190900599810185
190993267158794
191181185813812
191879097109850
195999153617904
196800087258727
198583059039036
198726758188828
204155011425751
207709691930399
208794754003659
210054881892999
211802802058289
215500919135276
215503402902965
215931795752459
216403855480351
222831778784984
228643552364874
22882524097674
229373872557246
233728094937901
234086551199886
234520716305333
23531113450011
23539184035933
237394875193394
238860956046310
239532082603830
24072122252884
2430097119838
248518743889428
248676323253817
249281704971288
25157446809521
25223309939852
253636205088177
255629052919189
256199147049634
259380914015916
260427619730371
260610944512619
264933543810647
268779080899750
270366115295149
274186815956279
274290097774951
274447553423952
275347129693372
275421524867070
27951261050343
279534070033182
28486853710333
28494525525090
30245646697796
31036887708142
31232410136414
32830452105821
40582540457722
40882091301599
40956508003033
47067653938130
48946007243213
56300862397284
57855304305752
59520345913903
59633686556665
60220108213051
6284919522236
63905674355967
65076531416372
69849414435748
72280365469855
73470855483248
81508944158916
83668211394157
8407921198549
84775896169142
86661275570167
90100397281109
91926021987862
93158458168827
95680921335890
96060184499687
96345662459179
97364544454005
9865677370950
99096971354856
99105293615167
