1011469247
1012642233
1028796610
1052097631
1060629689
10762272
1086944511
1098565432
1098818752
1102676477
1106916701
1111076272
1133836423
1135932892
113670457
1137354641
1153053431
116936633
1224477365
1225839879
1227828623
1230702580
1257346173
1263289607
1267718681
1277671661
1281160411
1292549275
1292757261
1293663201
1293717557
1314017123
1315026215
1316686198
1318756784
1327456584
1339705651
1342001887
1348968345
1349638407
1353381398
1359808783
1367441568
1389577332
13936174
1409210576
1410843610
1419907259
1431161437
1436637131
1438759772
1449787348
1452760236
1453063268
1458812436
1461464639
1462974724
1479360366
1494576726
1518987557
1519477556
1532260198
1559590643
1570766778
1574066773
1606852302
1610355298
1619328902
1620995908
1622996270
1629836897
1637736432
1643170436
1643745185
1644382972
1651516786
1681537220
1681638382
1682554279
1688491646
1689214792
1705087605
1718723368
1720714522
1733280747
1746810321
1751476721
1760329102
1781357610
1783461196
1786929081
1789829780
1798122844
1803216931
1804788932
1808336627
18101865
1827750214
1840401355
1845635762
1864259880
1868918140
1869290683
1891271558
1916993424
191859575
1919538333
1934285022
1951332274
1956391179
1969625942
1976029055
1979687259
1986180639
1989043460
1997696202
2001014116
2007131589
2007855106
2016181889
2018117360
2039510438
2041121858
2041514957
2045928887
2047312286
2081505167
2146363055
2151782781
216994630
2175636255
2177412878
2177513729
2180271039
218088318
2185508216
2202199729
2202605247
2209221228
2209406557
2224709388
2234560789
2236939367
2273889164
2278434405
2294247093
2308884055
2320449355
2322437110
2332666542
233331891
2335655940
2338861032
2345662469
2367086354
2378444327
2386029053
2387598238
2412467794
2415925427
2426757600
2436048272
2442388914
2454203432
2460817791
2470270654
2470612854
2473387623
2474218090
2490619983
2502746928
2510115494
2533451593
2533498445
2542741055
2542749420
2565430547
2571485193
2576483786
2593909701
2619990630
2635174584
2642649455
2650967251
26524374
2670469559
2689112306
2704155139
2711286783
2720284049
2720834942
2722370726
2724482379
2737903104
27389433
2738972352
2746077370
2755144331
2757068568
2772232934
2776402186
2776753983
2780805766
2788432047
2790431867
2797963379
2805060239
281486687
2833170550
2840487904
2858166774
2871795704
2894610876
2926915484
2942036680
2947013999
2948864324
2970609164
2976046106
2976440216
297691328
2991610539
2998831430
3024865996
3037345128
3040914144
3047468696
3049404203
3067378642
3074766462
3075904326
3076621391
3083770382
3096792357
309922909
3110953707
3113038465
3113132269
3133050962
3136608932
3149404379
3160841998
3171630669
3175290677
3198153327
3198566808
3202835551
3209450353
3213326471
3235978198
3241691847
3246109027
324715724
32623483
3267457211
3272375427
3275534637
3284282254
3291462356
3292167722
3298962402
3310305398
3314024745
3319048621
3320797887
3323432019
3323641513
3340466000
3361513010
3371554740
3377854701
3380829499
3391613493
3392747521
340751010
3410892190
3430496190
3443833737
3450006364
3468826377
347041581
3471635586
3475277929
3497282692
3497712931
3508942154
3510126926
3516622971
3519494062
352987510
3538747112
3541307171
3556236979
3560899603
3575834365
3577878192
3586828518
359458291
3600430062
3605905801
3610938871
3629695526
3634319164
3634997708
3636348633
3649815179
3673602093
3679163956
3694132105
369605099
3700846736
3728671465
3734690736
3738712223
374418172
378532348
3790678233
3799054534
3804004334
3807498036
3810772640
3815078057
3824121877
384719191
3855781368
3858027686
3859300429
3859324028
3864807939
3871340164
3872763842
3879588845
3887283532
3890960514
3897273715
3918197565
3937588186
3941763744
3946425646
3948629624
395360830
3978475148
397927917
3981722887
4000414248
4041018745
4044128946
4047447798
4051564515
4064409197
4075131052
408384841
4089597084
4104587484
4110898729
4126605487
4143457364
4147126246
4150245722
4153129240
4169388186
417751698
4182944730
4183522408
4193135229
4199675003
4202629583
422035588
4220641855
423962084
424012346
4261828762
4262157004
4263338542
4268986765
4277486182
4285353864
429536750
432641336
439666723
440075359
44301826
511755226
512993810
516460864
529082818
532543119
537707981
537963051
54194600
5439998
566081650
566769578
57713817
583452437
584028179
586608402
613322327
629267697
643207435
643589661
644441046
652398345
658703488
664052260
688934310
701305582
713056506
725499580
734738223
73524585
743325031
743561310
757041618
770050895
772103706
77780138
780942721
781528075
789171710
795744275
79722823
835066169
841371256
865980641
898511631
898545119
928416389
928704806
933072546
935449336
93732611
937416452
947238183
957297762
963620706
971641468
974129695
976556187
976573807
