1052841034
1094999310
112264324
1193062011
1220981075
1236130959
1240237440
1296477058
1320452137
1404844259
141685150
1435570744
1542371060
1572385940
1592226162
1749495685
1750357040
1808879302
1955746260
2000621969
209107252
2101220112
2118990719
2182464353
2219723613
2283338187
2324295483
2346296019
2358603099
2462735677
2468255583
2570750829
2605524479
2623391150
2627961822
2641345269
2658130790
2680105828
274436475
2773928279
2843351759
2908263831
319433658
3194794032
3208700524
3257800000
3400070163
340143394
3430203653
3494469815
3504322271
361287834
3615035416
3624796740
3688754149
3689205034
3733561993
3756053942
3760879363
3771614135
3816769472
3821232560
3851748935
3910195832
3914941150
4008168768
4038031748
4111393194
4119171495
420914646
4212243357
4216682129
442616630
448190810
532611559
564964743
620780404
666492754
687928704
813613670
827537366
861888053
877983690
920177144
957373093
