1012260118
1230146393
1269673018
1284680945
1412985612
1438833643
1444030857
1474886600
1499003184
1540133231
1560440363
1566147982
1659910852
1724253568
1832419
188589481
1909677864
191622157
1972892520
1986713729
1991777123
1997622831
2048046714
210896641
2122551113
2241413945
2310255641
2380262394
2440801426
2552569668
2650124725
2694100174
2735400610
2777077366
2813562415
2905644376
2923681040
3000263174
3129544065
3174308728
3183098441
3482129657
352916553
3675484960
3679357906
3737369111
3785598638
3852363835
393809275
3945369026
407024049
4093666221
469941291
628628591
636135704
687790819
68920058
784520650
83650941
862489087
930456449
979278812
