1008197608
1016127980
1046282599
1064029760
1082844568
1110098839
1137522732
1158152028
1159230411
1209203435
121884646
123163671
1236944322
1259605658
1259882036
1300346648
1301383165
1334685524
1339907900
1353767419
1446435416
1500220117
1507594522
1526012332
153909700
1539302660
1551432177
158580430
1587164608
1593969184
164490877
1656200711
1711405122
1744107418
1751575800
1771700011
1784460944
1849127541
1871572620
1934388159
1973544076
2006105466
2007774253
2028997578
2041167868
2043684404
2072322252
2131503478
2133175737
213877817
2223997942
2323756528
2325512737
2355497891
2372216527
2385831798
2415895282
2428459384
2490486263
2500286378
2553210833
2591307706
2702400358
2720639940
2800097744
2807077901
2831522991
2854856003
2877455222
2884406858
2886797945
2938627120
2961853327
300613517
3115958275
3192493361
3213639990
3242090855
3246502623
3282486081
3326791455
3333850828
3409331181
3460392647
3462090439
3478313390
3508669014
3519889119
3534118136
3550844539
3576098095
3613935946
366216203
3692366410
3703352901
372074634
3819198362
3836987871
3921337960
3922288808
3982817709
4016778855
4038380677
4055118592
4064976884
4149866326
4176280361
4179130387
4189222065
4197651731
4260457046
448135770
452583382
466093314
475381104
481305277
482032307
483554206
500332906
508119384
611552194
637197935
704410132
733579629
774965481
809808892
811820468
870765489
878913432
882207446
886560097
887402670
89722228
990389257
992583737
