1000521349
1000691973
1000938347
1001057267
1001551223
1002509815
100644786
101488091
1015639117
1015889908
1021625048
1022294748
1023030987
1024403219
102584291
102691305
1027051054
1027130448
1027905208
103102849
1031188262
1035755017
1038507051
1039288169
1040340625
1040667994
1041261721
1043706407
1044121673
1044766320
1046901563
1048002767
1049215660
1049442457
105348480
1054396418
105727153
1058436900
1059138854
1059904343
1064848407
1069121257
107816150
1080257590
1080352898
1080440998
1090919945
1091427278
1092438784
1093084529
1094598440
1095433713
1098496100
1100522229
1103351161
1103633881
1105091441
1105803774
1105957134
1106844602
1108099637
1111803023
1115474556
1119508818
112398288
1125799837
1126897133
1128364377
1131373035
1131673921
1135828020
1140395225
1140530312
1150392568
1151936494
1154546832
1157260221
1157423728
1163816280
1164058375
1164604503
1164764441
116708073
1168861690
1172403103
1178775133
1179540444
1179772031
1182806508
1183754104
1186399402
1191209174
1192553559
1196984857
1204214287
1207755106
1209513152
1209938643
1213789717
1215310639
1217885623
1219008535
1220257913
1222880155
1228626935
1229526467
1236794041
1236839728
1246247120
1247166114
1248700915
1249454862
1250608747
1258463210
1259432907
1261988209
1262782999
126651068
126851790
1269357090
1271603756
1276172258
127681951
127768943
127978166
1283836257
1287151187
1289756627
1291298874
129595820
1296595419
1300238108
1300526693
1300625117
1300639963
1310815449
1312679284
1316441666
1318383154
1318998437
1322763981
1325971490
1334717192
1336498694
1338281073
1343534377
1345252181
1345859481
134857261
1348847587
1348971323
1349957339
1350552746
1354789471
1356441802
1358336066
1363799532
1367471906
1378608285
1381445544
1383793249
1384119616
1387881935
1390408510
1393070072
1395868210
1397713530
1404017183
1404824883
1405973704
1412275007
1412931607
1415032193
1421208666
1426112358
1426931489
1427048289
1428207649
1436069758
1437144161
1442795032
1443672887
1443772680
1449194021
1453694805
145787120
1458394333
1458906906
146099688
1462850155
1466400248
1467622541
1471151050
1471187885
1473469839
1476995547
147951281
1480320680
1481122110
1482776030
1483594697
1484787836
1486688898
1490373447
1490428129
1492982082
1493310907
1495095922
1495781068
1500262
1502911181
1503403078
1504743742
1504794678
1506187297
1506243785
1507252341
1511930566
1519425413
1523324677
1524959198
1525782288
1526347802
1532596030
1532756381
1533610275
154548142
1555068667
1559720371
1559940586
1560633660
156449809
1567003800
1575640670
1579572385
1579768357
1582309882
1583477642
1586006433
1590929829
1598538382
1601988053
1609232476
1612638641
1612913548
1618747206
1620516202
1623915876
1625485472
1628276204
1637734092
1643477919
1643549927
1644294503
1644890575
1647270492
1650814417
1652941691
1655556153
1655770608
1655814607
1657130544
1669023185
1672648208
167278568
1675628945
1678920693
1681143183
1686597144
1687181000
1687535317
1688325205
168876542
168953171
1693924894
1694722354
1696863080
1699648381
1699811769
1700074517
1701345702
1704972752
1708102979
1708547611
1709880478
1712889579
1713563333
1716550648
1716838174
1720246929
1721060653
1721882733
1725052002
1726438360
1726781324
1731156031
1733152160
1734085685
1736219290
1736987951
1746783403
1748209640
1748612961
1749058941
1753872425
1756035331
1756510357
1757028791
1758739950
1758757648
1763809113
1765569257
1770419128
1772617189
177399902
177613656
1778329520
1781575324
1785206881
178600878
1790783973
1791125663
1791983284
1792271824
1792868662
1799430664
1801758835
1802339350
1805392382
180560174
1806590638
1807800013
1808188612
1808781467
1813019038
18140286
1816468447
1817777028
1825692985
1825860564
1828929104
1828960517
1829968802
1830173260
1836695038
1838758135
184089314
184203740
1842059088
1842202119
185035986
1853422653
1866988581
1869765291
1869991764
1876266063
1876415144
1880740404
188417853
1884939204
1886449062
1892729992
1894967613
1895039729
1895426528
1903388290
1904171970
1907590846
190879158
1911451303
1915647070
191680656
1920047224
192524171
1926539373
1929906164
1931375678
1933643854
1936499645
1939027308
1941955513
1946123127
1949363176
1955411624
195775157
1961051499
1962434673
1965190583
196545368
1975975648
1976217821
1981200976
1985262537
1985952041
1986190975
1988354311
199102842
1997750471
2004737400
2007635586
2011753701
2012920588
2015029465
2016130304
2019180970
2019228608
2023132506
2025144790
2031723957
2032526190
2036138985
2041076270
2043539306
2045029980
2047072437
2048422355
2053380819
2053980080
2060089008
2069679887
2070761753
2074889945
207837480
2079620697
2080216267
2081394975
2081687289
2082471402
2083294945
2084008243
2086684476
2103321793
21053780
2107598061
2120635355
2121376308
2122131034
2122846963
2123717812
2126380426
2129974925
2136871801
2138323145
213890029
2142984157
214848794
2152304944
2158921063
2159800420
2162341997
2164667242
2166488897
2166513770
2167194316
2169506445
216960131
2170698092
2182372930
2184073860
2188596365
2189605510
2191850547
2195153058
2195844203
219660921
2197831208
2202140978
2202843261
220362558
2204227402
2205919836
2206623918
2211232285
2213470008
2218627631
2222878387
2224918506
222800963
2228324342
2230285416
2230544823
2235563822
2239125514
2242617751
2242852440
224349671
2246598476
2251609475
2252543197
2255127832
2261636100
2261716053
226365201
2266249239
2268514454
2271131445
2276170698
2280443763
228122512
228289043
2285031320
2286261420
2287941739
228832226
2289522189
2292987456
2293730928
2294011121
2298639351
229867399
2298938003
2299853065
2305656763
2315663573
2315772081
2317337347
2318260835
2319661502
23209739
23217650
2325121674
2326071910
2326705302
2327130814
2330187755
2330312904
2332143974
2333921052
2335001522
2335136538
2337244057
2338133298
2338891118
2341760007
2345165595
2345911575
2346465443
2349039139
2353613646
2353667452
2357335527
2357387450
2361332507
2362372466
2363879260
2368882918
2370507
2373085008
2374358508
2376968387
2378331093
2379268633
238044787
2392549293
2392636668
2399135965
2401504917
2403862895
2404157505
2411136208
2412535127
2422231669
2423148833
2424509213
2429643743
2430605593
2436549970
2438186528
2439298986
2439865853
244017402
2444664405
2446405750
2449180706
2463061514
24651384
246603166
2466948278
2473404423
2475086177
247799528
2478028500
2480107126
2481463335
2488084251
2491301827
2491538949
2494449709
2503157316
2504865189
2505099811
2507927849
2509967624
2512059368
2512408234
2512989254
2513158819
2516562188
251668795
2516777531
2519641387
2520261547
2521556239
2522582088
2522970788
2523278678
2523514772
2526167530
2531539562
2534144457
2534460887
2537489483
2537661668
2545252328
2547062501
2549202065
2554930219
2558093649
2559897724
2564250912
25656891
2568700766
2568795270
2570737623
2572708734
2573336272
2575182060
2575702278
2579392388
2579583888
2583223699
2586032999
2586294150
2587105558
2587538733
2587726553
2591115257
2591421896
2602409976
2606024044
2611011498
2611216114
2614180471
2615542294
2618275351
2618640466
2623161001
2623506667
2623560025
2625863384
2630036149
2633990473
2637852845
2642583626
2647603527
2647704200
2652672778
2655232570
2655917428
2658509060
2658725851
2662650517
2663612993
2664909899
2665620773
2666572522
2670688697
2672694021
2675374420
267953463
2680477402
2681045379
2684834682
2688921839
2689146325
2692685187
2694426947
2701140015
2709080246
2709091079
2712245753
2712786070
2715166279
2722288405
2727728209
273206567
2732676345
2733148410
2738942796
2743342591
274554739
274982198
2750226926
2752438940
2753493899
2755196133
2765659410
2768604148
2768689266
2775212039
2776908697
2777012743
2780990199
2786387850
2789129251
2791041203
2793644427
2794548530
2803516759
2809564187
2817232526
2820565069
2828643266
2835884995
2836979719
2836984812
2843938035
285391029
2860712601
2863031984
2866040118
2869210569
2872108562
2877615008
2880408442
2881076750
2881298790
2882038666
2889517028
2891144761
2891186805
2891573447
2891832951
2898942679
2906588230
2907518219
2910494593
2912729941
29170195
2917304915
2917674507
2919873873
2923461722
2924108184
2925955509
2928305827
2929333722
2930326690
2934010758
2936321784
2938853062
294324997
2948653019
2951618761
295936230
2966974589
2967294501
2967883433
2969737428
2971949122
2979187399
2979551070
2979587821
2980402473
2985954081
2990947475
2993216985
2994000852
2994238196
299486686
2995369566
2996739046
2997019072
299704484
3009837311
3010165292
3010454635
3011243840
3014136688
3025267570
3027142148
3030005758
3030810353
3033312463
3034995323
3035511873
3035938997
3038318902
3039748650
3042244790
304298676
3044525684
3046654015
304726634
3052512382
305902426
3064527635
306526022
3072247556
3073032660
3078353469
3081707579
3082229815
3082298614
3083913299
308612344
3086358739
3088288328
3088712658
3091118886
3093451293
3097499896
3099336824
3103849533
3105976532
3108936772
31129777
3121695946
3126239473
3127929615
3129743561
3133692170
3134892861
3138093593
314018287
3145784751
3148199684
3149463697
3149754165
3150874358
3151078077
3151548154
3152717056
3160155927
31606624
316153145
3164520385
3165360747
3168671971
3175479936
3176814796
3177027136
3184410925
3191281900
3193237345
3200148544
3204889479
3212929211
3217663266
3218072822
322430779
3225696999
3227309322
3228642725
3228945193
3229709860
3230595183
3232399601
3232447498
3236662236
3241844
32422653
3243004383
3246370875
3252836949
3253702990
3259628885
3260917721
3261913288
3262453622
3263721298
3265012022
3267017233
3267278343
3267925517
3269623648
3272470522
3272567921
3274018510
3277974479
3289067464
329003195
3292201089
329586767
3297834507
3299280371
3306756755
3309543719
3317163201
3324336831
3331138560
3335073767
3337148874
3339135365
3345717160
3345997871
3346910851
3350000951
3354114506
3355324488
3355745596
3356569565
335766428
3358445051
3361600860
3361689908
3362989286
3363901228
3366557393
3366927872
3368703580
3372862744
3375419749
3377125862
3383866614
3399939884
3404624277
3406545690
3406860613
3410413850
3412870170
3413218388
3413468104
3413777413
3415100557
3420763395
34219959
3422921636
3429810616
3433596812
3433664906
3435699161
3435777234
3439374878
3448363807
3448698614
3451644280
3455861450
3458342388
3459211700
3460220913
3460705783
3463328824
3465677553
3469788272
3470911914
347763698
3480460552
3480873314
3482755673
3484006406
3493798463
3494840895
3497538979
3509909605
3512043098
351649318
3516955321
3517487736
3518203353
35217885
3524186125
3524604398
3525063164
3525875511
3530683014
3533261684
3533445715
3534844906
353735731
3542569644
3542661683
3542730394
354869573
3553709572
3555184830
3558839581
3558938712
356244169
3567106997
3574069491
3584822523
3587169065
358909458
3590281538
3596700261
3602098212
3602899414
360748675
3610251045
3610622421
3618393125
3624098522
3625381504
3627198012
3630724158
3631573418
3632176417
3633664314
3633990148
3640026429
3644822609
365247083
3655805748
3658316189
3666597664
366753870
366941074
3674090113
367712419
3679403962
3680588469
3683077513
3685068420
3690733694
3699259531
3699367429
3702575254
3702821919
3703407198
3706554267
3708486529
3710677223
3713410459
3716169073
3718186811
3718973722
371914630
3719569711
372016426
3721710799
3722315226
3725458762
3727184340
3730469301
3731370915
3734067401
3736246509
3736864319
3737505081
3739793315
3741022365
3741108242
3743844869
3744996881
3746918589
3748526867
3752020695
3752309093
3755838660
3761651386
3765393665
3766094846
3766199155
3773496548
3776821423
3778615097
3779889691
3784302263
3785253551
3787286650
3791220525
3795752331
3795893977
3803087377
3804599079
3805995038
3806013420
3811141427
381267152
381870821
382407304
3829375996
3829794280
3831752315
3831994720
3843336951
3856121639
3857450441
3862937936
3863185862
3868230376
3870152695
3871585272
3872146331
3872545960
387485087
3875468729
3877880345
3882858149
3885551079
3887072412
3887921050
3890044107
3890077193
3896815881
390446870
3904947562
3907740508
390787278
3912683341
3913375337
39164580
3919588542
3923762896
39261798
3926458890
393145593
3938579557
3939085347
3939414203
3941136149
3941524991
3942709247
3943679098
3944359500
3946194953
394667923
3947220442
3948295916
3950181940
3955966418
3959407722
396149404
3961685084
3966633391
3975322254
3976232248
3976283985
3977313181
3978618935
3980092985
398480574
3987993071
399038631
3992352482
3993239952
4004051153
4011232525
4013154215
4013206487
4015080574
4015644278
4022610382
4022909005
4025528483
4030590149
4037721157
403994626
40405656
4040973689
4042316407
4042602535
4046542004
4049132524
4052724249
4054822689
4055523936
405615436
4060134361
4064820011
4066738282
4074275304
4077357261
4079158170
4087295411
4087630433
408852902
4090222477
4090278135
4091730228
4094405413
4098993386
410204618
4104776870
4105103012
4106075291
4114173518
4114368801
4116680886
4116776014
4119437400
412092814
4121051858
4123325149
4124404947
4127676894
4132745694
413332671
4133938618
4140221521
4141462978
4143290342
4144095372
4147142038
4152104310
4157897859
4157995569
4162236729
4163877269
4164663469
4166961041
4167644567
417030877
4173341959
4173686163
4175004257
4175385640
4176455429
4178100365
4183293128
418943965
4189950312
418998648
4194582633
4195259769
4196949943
4202697512
4204100242
4208385838
4208570795
421336107
4213771509
4213978138
4214568560
4217740058
4219019713
4222715655
422314333
4224100542
4229221309
4230529938
4235132117
4237779971
4238989285
4240043592
4241677783
4246425683
4246994572
4247306598
4251920496
4252923773
4254888707
4261144276
4263417515
4264972139
4266547235
4269766954
4275053731
4277835341
4281910033
4282132312
4282370388
4282729321
4283462783
4287079733
4290048950
4291425637
431781204
435612332
436011282
43617383
442910413
445285757
446018145
446150177
448347931
4545074
460058101
460444450
464745548
46618400
466718386
466816262
473731683
479871529
481983100
482284447
483453257
486342896
486527707
488409684
491147297
491985266
49465186
496514671
498571565
510260126
512566697
519143094
520757139
526550554
530624451
533169202
533510147
534911572
535198480
548909588
550261795
556190937
557121465
561157209
561224723
561876288
562357655
570245020
57032914
577740922
579686004
58455282
586457999
590724673
591842711
596698227
602250641
603460251
608250100
608495151
608958539
611393462
612322179
615092857
616898922
617884561
619258031
627848236
629419865
632510280
635766948
644981253
645341615
653763878
654961303
655898735
6559328
656015001
659666858
660182719
661732563
666117931
667344334
671759130
676477689
678663935
680431943
681065612
684784382
68634374
69401601
69477336
696291656
696329980
697127960
699597014
701325105
703875660
706001191
707762099
70861012
713523713
719319402
722961740
723482203
731207856
732167090
738360052
73908765
741172499
745114987
746216456
747454311
750933760
752786636
756437889
760126426
766124346
766686088
770337677
772015736
789014426
793475083
793669537
794774365
795816970
799371630
801282853
802821910
802881311
811870577
812798025
819081908
819254274
823898142
824001793
827455563
829014973
8292412
829580234
833417496
837830958
837859020
839823009
841277560
84134689
841565459
84466570
845891176
847356297
848834233
848999810
850811784
850832751
852363310
854503205
858553922
86398787
865713576
870586555
875000029
883942035
884477508
889209144
900288762
902186062
902247992
905829873
908779874
909650445
914884676
91561567
916685994
921231167
925912107
926839734
928621134
932680964
937162645
939764469
939829209
941001689
941476184
944788714
945116665
945469115
952235535
954106685
954261036
954713390
955612598
956819
95870709
959335035
962577369
963858584
967282037
969945124
970444083
970476536
970724961
971836017
973835291
975129176
978305328
980755038
981447372
984187792
985796807
985865381
98734756
989369551
990866301
994470497
996624624
