101555780839666
103813617374465
104896765619614
106374891246053
109493038156949
109847743091536
113234832875083
113682641585308
119239363235596
121759784445818
123929889376797
131024238245264
133002221954277
141570794261321
145564912636455
146097425604440
151176638055728
153213607837367
153238589438421
155199618860116
156143851580779
158904067847008
159928217078069
160368874500829
161672242331201
161726793790102
172066685691599
177520784389320
182885993142803
187717239635608
191434114453546
194994228876358
203881755923
206066839032430
206267259399661
207139006126592
209551366778037
209699246827252
209985275018744
220777635391599
22314890801359
225535577848794
225833324190762
227777423247157
228254732646157
228754787871709
23057465690235
232180203157047
235614114185139
235855142007138
239356047645346
241880885044587
24281796254178
247408577143797
249180559834659
251874196429384
255154138383499
255600783460279
260912864050430
263889607461583
265442581975204
2655802443837
267198777826969
267907906697923
268631681968519
271414318421649
276828775981880
28519816892045
30923143067568
32373432375737
3298209761116
41805717036579
43693226943870
44988553717141
47888649303541
50904116586279
54926822848546
56238782414220
56477883542390
57947341723705
62298000539923
63770522409243
64808596295901
65230534566722
67874122233601
72357586205009
80609192127680
83047405109371
8891680179687
90572948984409
9343824403516
93561384620195
