1092561636
1140475464
1141637979
1145099134
1152439528
1176950125
1243006513
1252589959
1268310280
1326428314
1622114942
1721467589
1858892635
1874979550
1996159415
209161421
2149605836
2154528813
2154810223
2169495053
2237484859
226079835
2261580972
228880611
2324833739
2463150580
2472217365
2600772912
2615106468
2634755276
2665146336
2677890037
2680790972
2727749599
2813985610
2892394314
2934598577
3052572947
3102001576
3112969909
3114710644
3138597398
319918176
3224317380
3228044753
3296646284
3299708191
3361521012
3370332877
3448108295
3498811855
3514862877
3587537454
3598455910
3691887885
3767534480
3783499649
3787105102
3788679362
3851798813
3892673381
3903817423
3928212992
3967898925
4117005905
4167105401
41992617
4213942013
4221752696
4230906638
4269169489
428050104
430044224
538576528
539925767
589049128
620705862
626707112
657918314
686166468
740040361
788174570
824701333
848078112
945449234
946511822
967521912
981397153
995175443
