10383694965672
104340576317041
104893319541393
110061817140236
115117544576889
125424342486642
137735335516412
147256171944323
150530194586385
154250487015692
156953083776084
167105755869498
168544295687291
173036407984369
177329526163044
17794542626400
178568245763101
183752238909498
184504161529448
192010363097567
199083189010746
200070532000275
201439853526256
214971532578240
221782819813327
227573028694751
233745973015847
242318543401207
243460433481216
249307071821054
257456532543660
270784314112600
33408590525304
33598493432715
3526027892506
4640791096632
48357939306809
5214997302809
56085769259724
71573562796275
74493255948511
76401163926834
82018914058510
84626437610556
85365158337152
87403191973593
88841658785378
90277457615106
