0
1
10
1001456575
1010241276
1011810363
1012793823
1013711027
1016791939
1018429919
1021315721
1024131551
1025
1025376435
1030292654
1039269947
1044316219
1073676767
107610591
1078067319
1079312863
1080361439
1080558527
1115881531
1128595935
1135410897
1135499842
1135549078
1135615874
1135665357
1135791857
1135874976
1138648247
1139056449
1142624632
1142630073
1142636418
1143210043
1143606371
1143715595
1144075146
1148004424
1148127264
1148209675
1148918780
1149228382
1149244728
1150353887
1153533314
1160054654
1174537390
1180893543
1193477294
1209532895
121503983
1220346095
1229455839
1233519071
1245775742
1248788959
1249182894
1250492895
125239475
1260913119
1263078924
1266025407
1292239747
1314849247
1316815087
1324220895
1325334587
1327217007
1332937183
1343881695
1356333115
1376256479
1384185915
1386400070
1392837087
1393296558
1405157855
1411317999
1429668319
1431175647
1431635838
1432814527
1447102334
1458308031
1458962911
1467485708
1478099423
1503330783
1503658463
1529676974
1537178874
1548552062
1551564800
1566311359
1572208879
1575487358
1578304387
1578828015
1586561503
1586758111
1588003775
1591542239
1594032607
1595998687
1616905390
1624770430
1644102111
1644299139
1646658015
1654915551
1676870111
16777217
16777985
1692730303
1697382579
1705379710
1705510782
1710045536
1714619566
1723269299
1737556447
1782978172
178913759
1789526495
1792345023
1803421566
1808466879
1808467838
1809908910
1825571295
1833436095
1850343903
1862599135
1865024447
1869021663
1874199487
1889404798
189138814
1892418015
1918960095
192086495
1935606719
1968505311
1976435167
1977091007
1981415903
1982248506
1982465918
1985938367
2014502296
2037973171
2053466969
2071527903
2079195615
209388479
2094990271
2106589663
2112160223
2112684511
2121728239
2138178015
2140473214
2144535487
2147483887
2147484127
2153447663
2154694526
2159084479
2162164191
2165047775
2169700831
2172649951
2177368543
2182742495
2185429951
2192376287
2192979738
2199453935
2203846526
2210922975
2211906015
2222654638
2273575391
2275214271
2276394398
2277088634
2280128991
228590527
2297233887
2299920863
2301559263
2310931391
2327643071
2352087999
2358575583
2365915615
2368820298
2369323487
2372665523
237371871
2374369759
2379024254
2381841822
2427191775
2459697631
2470907644
2473918703
2493710395
2496863726
2502754783
2508455995
2518812542
2528183231
2539456382
2540113660
2548826591
2552696572
257
2587821950
2588017119
2592605119
2603484035
2620391903
2623472095
2629894623
264569311
265159615
2653094367
2653815683
2653818620
2668169086
2684355519
2685993919
2696282591
2697527535
2699034683
2702378158
2703230846
2708079071
2739931006
276431327
2765095391
2796424716
2803368115
2804351215
2819246
2820669919
2823553923
2835875710
2842231743
2860057055
2863664155
2864841183
2874934207
2877293023
2885485023
2889744863
2894977068
2904675003
2912682883
2926051807
2932408799
2948203694
2953576927
2963212038
2978545903
2990737278
3022522238
3024027827
3027894511
3063220094
3076129247
3078160863
3102672766
3114729951
3131506987
31395
3156608474
3165126835
3174434686
3176530399
3182690363
3185181151
3188523487
3190823508
3200451459
3200453437
3205930904
3215589855
3226468831
3231842363
3278594039
3321606677
3324510687
3341158270
336527659
3372483039
3388670431
339611388
3398566847
340131899
3422422190
3428998428
3434283487
344721278
3459516286
3470852575
3471834957
3480813627
3480814467
3481207683
3482190783
3484222399
3484419007
3487958790
3488482179
3494118814
3501392351
3508142559
3513516511
3516790584
3530621407
3579183583
3596
3617351760
3618571438
3624599791
362678142
3633971679
3637773247
3638495102
3682928510
3685679283
3690167584
3692102111
3696035710
3702650721
3704488415
3713860543
3727886206
3734503903
3740337926
374997471
3763963370
3766617862
376963551
3770221503
3774091004
3800500094
3806462393
3813278655
3825009119
3825533407
3832349870
3842312062
3845286314
385876567
3875865535
3881501571
3881566687
3910320450
3917344756
3943957379
3955558270
3962175967
3965518303
3977839551
3981989606
3982557663
3987277694
3995468255
4002285438
4006412467
4007133663
40089
4023977134
4041212383
4042659034
406148170
4067623871
407372255
4076602782
407700415
4086170798
4093052318
4101243359
4113090604
4132307843
4140433887
4145742303
4153738115
4161864878
4164551135
4164790406
4178248279
4181787523
4185129439
4202955711
4206429358
4224190334
4227727599
4233494587
4243194335
4247390557
4253353854
4262527875
4266395518
4268949983
443289100
465961439
478610307
479
479986623
483854206
492177278
496717012
500892547
513410942
51904751
519177630
525075391
52627326
541932756
544345852
544802686
545981315
576652223
58786271
5898479
600842123
608056970
611647967
623641535
664470463
665243854
675088433
686362364
694157791
707461599
715784671
715786110
734921663
73531451
737805187
738854782
742373137
753402335
760021951
761004511
769
771622782
775161726
784335327
78708855
787219391
797967055
805700063
808124895
810942703
820183519
835847103
844380222
848329112
849282942
858922008
859767263
859767743
876413107
894763487
896532959
896598255
899874995
901513695
907019139
908722355
911690047
916064126
922812895
92550062
932841821
932844219
959
966656479
981205951
999162215
