1021015056
1058674259
1060492443
116853024
121714713
1269029889
1417892660
143189152
1520441581
1567659877
1640069817
1708254695
1822064834
1831080014
1843040405
1860623463
1884964567
1899867883
1911575836
1917643768
207511996
2077274719
2131790874
2182616800
2266033776
2290208959
234638759
2428150283
2668748081
2698852982
2862899052
286659646
2939879386
2945390989
3008224924
3009009217
3011875836
3051576493
3078243467
313172559
3162229006
3169010257
3181818544
3249368341
3263056392
3376355895
3466697972
3492481511
3515879669
3516205827
3614820378
3644629723
3664285574
3728166831
3741767621
376254203
3806848537
3874445157
391142968
3923803213
4011223191
4026833680
4046594975
408421197
4245434550
478750464
525844209
531783512
585791016
659723058
686091082
740389697
818256198
821003154
82270481
863101300
870053816
935611324
992282115
