1009455926
1016873010
1019059851
102221079
1022242997
1023348109
1031691708
1040783483
1054091064
1061656475
1078999056
1112623685
1122080099
1124716627
1154636569
1155229963
1156168670
1157362851
1160178747
11753553
1190137703
1194439143
1206940729
1225741771
1229311388
1234234182
1245393558
1253321475
1263719757
1269049486
1296968766
1309240267
1322201745
1343332090
1359572690
1385718755
1409158544
1416371873
1420199484
1442520830
1444133320
144505363
1447771077
1463402040
1470972723
1475946716
1485064456
1493394716
1525570732
1528062332
1531278140
1534404822
1557821741
1575774410
1584612459
1591207366
1599085203
1603574526
1628017624
164824111
1655341369
1664205813
170440450
1707823510
1717908858
1722729285
1741289140
1742223677
1746610698
1762378444
1765407274
1766246998
1770834217
1771022103
177743738
1781384397
1790636357
1800718560
1804273881
1820678241
182856121
185077870
1852094418
1854187841
1856278519
1888031440
1907050107
1907099573
1922649753
1963375879
1967728116
1976849432
1986850085
1988567463
1991076252
1994488646
201297426
2049065273
2054369592
2071668425
2105037955
2105681378
2120739095
2124446364
213355664
2141598103
215743008
2157628963
217092074
2188284341
2203750510
2217873829
2224058653
2245975026
2251128764
227572535
2281738239
2283170018
2283366120
232727524
2352563193
2381646465
2386214357
2406142216
242076662
2422191199
2448133135
2453516014
2454450175
2476738478
2487827486
2507512181
2511288011
2539083119
2542983208
2544221948
262598237
2635438395
2647191660
2654652322
2664531676
2665237694
2680289797
2684426913
272908520
2733389420
2736250755
2737698618
2749420759
2750064078
2776630134
2805697126
2811074056
2826324546
2829659642
2830615223
2843246054
2870454019
289449182
2913161277
2923034091
2931867909
2933162827
2935360130
2950542562
2951998842
296523747
2970711252
2974840417
297615350
3008368604
302706165
3047332583
3047574789
3054440358
3059766506
3063519662
3077499017
3097884335
310349348
3109272960
315829882
3162713011
3201593296
3208844907
3212955778
3222850933
3237654438
3239112262
3242823551
3244330508
3290742667
3300780542
330157585
3317587092
3373136858
3396063047
3424054532
3430117403
3448916954
347958805
3484138371
3484317061
3484413662
3499478910
3527850067
3541330714
3547836210
3581754627
3597033980
3621049960
3625284538
3656209777
3658021419
3661076167
3662156485
3679703592
3693379060
3700546266
3711530976
3747560523
3757337745
3766629372
3780243321
3785217335
3794292869
3797004659
3798646929
3799143094
380815426
3835631502
3908838522
3914387819
3930187
3933377247
3947858695
3966932375
3988106512
3992213708
4002480821
4005532808
4020822191
4031908741
4036198748
4053954431
4072743505
4077602838
4111782823
4114027721
4118459997
4132315715
4139608916
4147307864
4172094228
4200982153
4204803707
4233348200
4234828271
4244393045
4264088773
4283880405
4287876541
442502989
446360194
448926438
449185764
450476544
464110811
478338731
479844950
481894293
503757096
508594261
52976377
564000744
583545392
598039033
606080
670376127
67171289
677218704
682007195
684265555
711895966
729313661
731481375
742177672
750251076
780495700
78530000
792936236
824734019
828239776
832646723
847902230
849523928
882994746
89975476
906039187
936185376
940787649
960914489
976301108
985331085
991596101
998520831
