102482222289021
102754956663672
103223549341964
103551587650793
105486248109509
108099118817528
133262503045730
134371853434215
135545331495122
14300800606752
158916435799749
165723004044301
17383409829056
179472723154783
191335158045599
198169050300872
199157088768154
204737526236491
209121072348204
212628828108389
235913092147509
23748832625182
253533126310245
260966750910740
267344188057036
27927305892233
62956727983485
68410606002116
69809394367125
71806034643649
79755778625871
90581535270967
