103478238978724
109271616964933
11596238299252
120316055077803
12425784388168
126286646434568
147184200187182
150493109781907
156574102000437
158904067847008
160284818222696
168992652097891
173176725566898
175264531048347
176656357246499
188076518209921
188442986308616
190962783629330
194542950036378
194861482003569
198259661589710
201784587415235
203879130958891
205414095510918
20819280066252
210178256351851
215698184130965
221334518087769
226476617469139
233949115684514
235982220772746
238509843183521
241318878782308
245260224586465
245494951398347
259782549794904
264928125383178
33963865118962
49408100675201
63836088579853
68877648977008
72500448002618
81656207338562
94587682762452
98003366758518
