103478238978724
106222768250276
11596238299252
147184200187182
150493109781907
158904067847008
163298020874258
168992652097891
187529776720519
188442986308616
194542950036378
194861482003569
198889165809188
201784587415235
203665325545406
233949115684514
235982220772746
237997694426699
238509843183521
242697680534502
245260224586465
259782549794904
273660606822233
29491551138339
33963865118962
44725520221313
49408100675201
53574492420268
63836088579853
72500448002618
77988012250727
94587682762452
