103551587650793
114238585647993
140249563679142
145058444291493
147184200187182
149741344187465
150493109781907
158904067847008
166033950242046
168992652097891
17383409829056
176656357246499
188442986308616
194861482003569
203665325545406
205861712245307
207406367472890
217119130590405
21931876415508
225861887368843
233949115684514
237997694426699
245260224586465
263669699031043
29491551138339
33963865118962
34600861604217
50268062241055
53574492420268
62327819075779
63836088579853
90109658992054
