103253407297018
103551587650793
124906858146941
125718566294649
128584094185417
128841844427673
131920213119434
154275642032582
155322852950635
156258790207030
15696513233498
163078135541989
165779814879482
169561122910421
17383409829056
185734910758449
185940616730857
188711159850609
19361696016862
199525970646337
201961583901761
204180290659987
208719008691408
213228216774045
236314823473409
247724073859343
253914314245421
264783447099631
268784393903294
268912480997751
280689242581946
34335276921424
55461004634387
56199360538586
56209439543017
56261939820882
59523471920881
60025899178907
60303321447227
92571952375755
