103478238978724
109583348096544
127178776275491
147184200187182
150493109781907
158904067847008
1649244912765
165668807336998
168992652097891
17383409829056
176656357246499
187529776720519
188442986308616
194861482003569
201784587415235
207918484396354
217573421307450
225220588493682
232956970395003
233949115684514
235982220772746
237729242102197
237997694426699
238509843183521
245260224586465
259782549794904
276753442885052
29491551138339
33963865118962
358329327139
49408100675201
53574492420268
63836088579853
77988012250727
94587682762452
