
14834863374375645774
14834872401037930357
14834872752239716751
14834875262728355411
14834878041738957935
14834893665395143633
14834894179545631637
14834894670204320659
14834894686590534930
14834901610833183467
14834905185450930353
14834910062105537557
14834912175099714911
14834915084109141687
14834921426707674313
14834924115567459253
14834930866558634405
14834940910739239119
14834942846014465181
14834946296804065282
14834946334790598788
14834948915895006126
14834949718208596287
14834952020369805688
14834954169532720652
14834961682530732178
14834961835303108258
14834969081263857701
14834971011748339576
14834972911354087929
14834972922809831629
14834974633980676104
14834979224290615804
14834980289161571449
14834984899852556831
14834985394799531487
14834985978069698785
14834988542867497429
14834991925217628094
14834993306341532691
14835004483158080475
14835009463009930693
14835011294617726202
14835017504362962844
14835017952687540341
14835023921097422663
14835024663928177383
14835026006269914464
14835027174537880570
14835027556457203966
14835033319593965122
14835034421894831793
14835035782832744475
14835036269414527309
14835038582455340358
14835038942185570779
14835040758564823352
14835048156783476629
14835052458316094453
14835059010315575300
14835060482278260130
14835062060501413331
14835067258129767164
14835070684763837991
14835071979970163547
14835072053355935821
14835073656231166109
14835080073636649659
14835081153812907441
14835088323911473236
14835088832454244485
14835089743397922529
14835095775452489015
14835096173333984345
14835096469030478835
14835096564078071587
14835096694033096880
14835098969282709253
14835110530538134121
14835114037832330085
14835115329665164505
14835119487678476461
14835121998173057888
14835130676822838709
14835139250873444598
14835144513300668919
14835145316241781077
14835146098313031973
14835148227033332392
14835148790322678554
14835149988146609981
14835151013047026135
14835160158648438436
14835162100917936798
14835162821358566166
14835164139384964400
14835167593927872987
14835174705749717319
14835180477558308671
14835181963548844125
14835182466050747463
14835184503569960985
14835188981324863900
14835192787510378193
14835193755993179555
14835194161415919911
14835196148543418752
14835199506298263185
14835199724751510519
14835200248002025467
14835201701735430677
14835203512897809429
14835204634864586021
14835216824753678814
14835220810562709487
14835226253386142346
14835232914899780544
14835234599912299951
14835237026701412261
14835237900568791065
14835238878937836371
14835251161601319697
14835258325923381094
14835262129792466828
14835264117869708563
14835267377701155495
14835268093615197719
14835275493837999962
14835290705747081730
14835295072213217771
14835297531049882934
14835298529856582763
14835302246550857782
14835306979512106785
14835309849178982294
14835310097092929425
14835314062392727324
14835315106969093403
14835318612667867721
14835318627514155063
14835320131317158057
14835329376203363158
14835335758453861199
14835336891293641485
14835337269782842577
14835344321049638299
14835350054604868370
14835351317260296797
14835360347731420876
14835363240917231189
14835365695617359158
14835366916977437064
14835368378678685618
14835376508731610522
14835377266434923216
14835382854703821365
14835385407474510234
14835387713456466709
14835389158217724532
14835389875754264324
14835393220772959088
14835395111151723701
14835399554612278179
14835410357153817106
14835413838173454660
14835419149583177034
14835421199698264475
14835421581487523770
14835423368553166894
14835424954338414398
14835432593025355936
14835433681005407342
14835435783543325221
14835437041423888395
14835438251782915968
14835439799916066449
14835440421165429705
14835443459721178542
14835444145330758198
14835447459532066426
14835456034980755813
14835457455501387006
14835465794738526482
14835466470718217412
14835471398158818697
14835472173893139498
14835477174834066658
14835479143429310608
14835479670767152216
14835480527006097632
14835482820030014783
14835485817505252522
14835487328612728333
14835499526232818306
14835499866944972037
14835502213471608798
14835503938885516182
14835510151868666730
14835510303747458193
14835519899030572712
14835520569580651734
14835523237772779869
14835526917576264318
14835530521812137489
14835530861873729092
14835539990307452152
14835544554805021332
14835557132421074017
14835558669022386830
14835565504811975324
14835565736733848671
14835567025087600174
14835569039615974095
14835574931032977772
14835578385526464104
14835580407800848911
14835587059934728553
14835590285994357141
14835591264742362395
14835598142213126576
14835599881156496803
14835602034800000495
14835602440680662690
14835604689821347041
14835605344827995959
14835607424939640282
14835609766714504550
14835610903296177739
14835612776188723551
14835613509668079924
14835617419133884310
14835619678772122873
14835619723023414748
14835627103453072985
14835632575652244440
14835635243532061715
14835639237898733860
14835640813931301020
14835643710869050077
14835649952440366958
14835654570228921806
14835655083195260377
14835666157036979119
14835666515334327884
14835666938475630643
14835667782288226468
14835672885992881078
14835681806394362209
14835690677827535961
14835694533223960113
14835696205145961693
14835697568708198627
14835709704108020693
14835710132848124623
14835710765103634234
14835712143582342553
14835721317633550962
14835725011451760989
14835727313058032196
14835734372367125092
14835739957781859046
14835740346058184012
14835744743287909168
14835749531466648712
14835756247623603273
14835757468616071694
14835760024498204052
14835766091420583812
14835770603178767891
14835773713939020764
14835774126847341426
14835778473859826729
14835783077316802571
14835783680149353731
14835786008890522048
14835791247468214802
14835806528941890026
14835807274407586666
14835807784754032265
14835811840400743963
14835816708705086242
14835818165754071904
14835820828879600471
14835826394641192808
14835827363602487025
14835828856277768813
14835831148590137488
14835831269563850594
14835834473059540240
14835841361565428304
14835842127317744091
14835848036700099452
14835848739988811169
14835850325944207278
14835852044903080387
14835852640448036656
14835856693420953847
14835857741025071869
14835859034048615939
14835871349003961375
14835873574505592314
14835876912802922742
14835878455105693320
14835880278209590619
14835882272576437550
14835883361533682970
14835883988849735221
14835886117835356041
14835888967538208513
14835889145561551466
14835893755340841454
14835894621080560954
14835900252533555509
14835909808616670726
14835913592629350215
14835917265273797240
14835919811288494560
14835922193124899899
14835924413125059349
14835926545735249306
14835930365730085287
14835937497306004210
14835943158285810917
14835947152365381725
14835949083412239726
14835952961556839302
14835958864112825594
14835959259325748103
14835960025362009532
14835960838114175075
14835961978352514271
14835964198261513158
14835966095903906358
14835968529821762287
14835971067331083157
14835973705437665425
14835974914297680703
14835977260559748904
14835978010622375561
14835978152921275706
14835979926262396466
14835980924456576591
14835981077164068099
1542483547219588580
1542487996306228405
1542488164610284429
1542488363696051556
1542489956596628389
1542490953963802734
1542492328861477276
1542493516683316401
1542493873593274251
1542496008684890687
1542500883266528934
1542507798954640973
1542508068477539201
1542513063297592424
1542513909837083411
1542514702976919467
1542515287113030564
1542516779255159272
1542518137168105537
1542518557094767461
1542519823646701183
1542525369040224317
1542525384865015884
1542527388709016150
1542529252278445394
1542530324655198629
1542533206437230834
1542533756582739446
1542533782727231998
1542538436939447304
1542539783432013194
1542540492733186841
1542541763260610446
1542542481948737439
1542544590962507549
1542548610283959062
1542549512511859762
1542551784118904199
1542554343318713975
1542559276015778825
1542559986137104557
1542561879058052868
1542562607668303154
1542562674143814799
1542566126671770352
1542566705167261429
1542566914829733245
1542567195523921574
1542567207259593178
1542567480569213955
1542567777324980443
1542569712842535840
1542570659533566782
1542572535853869694
1542575386914171331
1542575590542099185
1542575719464559488
1542593515383281524
1542593530597855045
1542598102054579639
1542599113819355705
1542600216088137156
1542601340186430706
1542601824509183978
1542602144067710901
1542602165758715667
1542602326357013567
1542604578016235597
1542605049274134978
1542605534961649309
1542612844388385539
1542612934425214575
1542613810461699886
1542618783715858937
1542620257720901174
1542624926953154918
1542625246705520565
1542625369277201558
1542629024434241628
1542630888739518732
1542633632568494495
1542635489250203875
1542639860446775062
1542642450638821774
1542645197013656894
1542646934725578906
1542650345125105072
1542650358010929415
1542651198395977682
1542651974017865212
1542653171894597716
1542657495649604030
1542661242993484372
1542665198959644633
1542667588310376775
1542668921622911285
1542677320515215200
1542677791673738737
1542678736750140763
1542678811416481227
1542683697472691930
1542684088159401358
1542688832652137738
1542690677747881149
1542691838897098978
1542691944179785999
1542692603210934030
1542700977578300293
1542703523060413622
1542703769883563189
1542703968411887582
1542706815919361453
1542712370468143440
1542714815923887928
1542715080885445893
1542718108583366784
1542719540041319320
1542722786850325406
1542723597214782416
1542723837664273662
1542727884759434609
1542728321222245437
1542734352964727532
1542734452322150731
1542739547003109200
1542740050941154789
1542740391825301955
1542745941423292203
1542749028966361283
1542754122208982186
1542756299962332436
1542758998843368554
1542761035001448213
1542761182640753242
1542761398174953225
1542765479763358170
1542765770266889321
1542766475322312247
1542775746497483297
1542775982474528003
1542777384291931442
1542777443597978570
1542777646510822725
1542781616439161008
1542783391999252235
1542785113250881002
1542795717634341222
1542798261578158551
1542800262106257062
1542800704590380813
1542801688098554142
1542804460777032502
1542804553914270374
1542805646608167037
1542807662233627766
1542811781900269450
1542813242093352386
1542813528712329857
1542814315164443957
1542814952001864953
1542817581714085220
1542817779732302329
1542820670368906372
1542824332058008137
1542826290566173350
1542826843630622863
1542831174150043704
1542831239586665023
1542837469222713480
1542841869158658997
1542846406216010168
1542847779296905185
1542848630717547585
1542850056605534314
1542852200314012903
1542853041815163892
1542859739578571822
1542859856409675750
1542860176973652612
1542868067044730762
1542870275863118862
1542871219609553011
1542872283255536771
1542872611512097040
1542872676111941759
1542872886127682144
1542876236154686209
1542876573674573637
1542877029685961024
1542881350915564624
1542885052228956228
1542885300515303069
1542886049299927781
1542886647097999146
1542892034905217953
1542895448345893595
1542897804421173033
1542905533465393353
1542911488304599354
1542916458046734156
1542917814978299431
1542919860584747760
1542920890543673401
1542923068896074727
1542923113109968087
1542923584104382529
1542924921838577528
1542927047263534992
1542928406256068927
1542940378302139754
1542940931107605096
1542941945293069941
1542942643689938386
1542944579953736839
1542955211479486658
1542962176393196558
1542970499871432800
1542971835003340357
1542972671808761498
1542973502647332186
1542975901842504924
1542978520935943802
1542979857502471347
1542991716925107667
1542995335087699841
1543001363915164206
1543001443355577923
1543002460536838167
1543002489303266271
1543003250629012881
1543005460008593484
1543008416479959955
1543012301064330604
1543012578642213907
1543017424389759049
1543018969519681760
1543022638271146316
1543025534368987696
1543029380408675392
1543029602122490567
1543029989761923277
1543030155133842484
1543032754867203783
1543034929111158828
1543037702798757958
1543039353131524622
1543040031756706645
1543041227146012135
1543045682497023691
1543048429433312575
1543053111480885822
1543054493560550995
1543055389802566483
1543056400411891001
1543059340750116413
1543060379073834423
1543060610996720093
1543060905093658512
1543066733349994002
1543067062546517194
1543068240278850229
1543068618457447674
1543071730694165835
1543072013266278432
1543073046192356510
1543076478074582864
1543076517711418608
1543077007104556835
1543077134735044182
1543078783478674076
1543081219593641206
1543090547378270037
1543092369955362337
1543093903712094455
1543096107979703600
1543096627365778877
1543100362558543326
1543100511547899922
1543100610030091780
1543100880987284977
1543102717351173544
1543105352513433954
1543108164893197217
1543111022856762675
1543111230353440183
1543111992548947180
1543123778609701626
1543125332313359541
1543125857401266903
1543127688390817505
1543132525687409887
1543133619904904608
1543133788125218625
1543138434033030809
1543143168624406154
1543144944325031511
1543145329301344073
1543146458162229445
1543147547847804688
1543152502780205073
1543158886925137855
1543160552738244754
1543163070580543919
1543166505244426471
1543168079920866437
1543170839699536125
1543177198492214251
1543185080060213454
1543185605966369757
1543187034572171876
1543191222616921259
1543192923844817616
1543198967250456869
1543199941713427340
1543202767718293170
1543202934453828299
1543208671151492071
1543210634768819067
1543211171577005205
1543212935044495353
1543214662983173977
1543217462411968856
1543219826678188107
1543219956165773377
1543221465490315620
1543225022317184861
1543225269562662612
1543225760876822158
1543228156067159317
1543229140489652313
1543229824402684064
1543232419567100147
1543233352862233918
1543235904786326177
1543236761819257946
1543237109870800106
1543241932141079497
1543242282622268867
1543244881649146224
1543244959874002723
1543245174056100738
1543247550556562214
1543249953170180223
1543250054090519282
1543254214902359936
1543258856036612768
1543258886240951607
1543261145364696644
1543263902740195906
1543268680977699685
1543270386184812970
1543273939320300152
1543274148965546380
1543274248556490362
1543278638346841175
1543281762681361939
1543282989803486320
1543283085068868386
1543286772438429439
1543287580736661363
1543287652543468735
1543287943544655756
1543288136060681123
1543291422374557520
1543294459168640874
1543296984343097544
1543304152885797850
1543304525424221445
1543306551748098001
1543306861332142466
1543308706729822874
1543309431031107128
1543312496557733446
1543316220931460473
1543321876965950665
1543322280352720817
1543322522333554000
1543325546909328757
1543325877781060711
1543333687335417460
1543343596080558586
1543344520860392379
1543349754610956424
1543350894432046435
1543353831608175011
1543357066241159660
1543363551311514528
1543364690891140498
1543371405968057677
1543377281199469712
1543377924142734941
1543381931358633818
1543383405124517767
1543383635790013497
1543385004162800324
1543390089344233295
1543391133843672161
1543391255427755421
1543393581990851822
1543397310754231493
1543398250511752196
1543399708184239583
1543400348036137462
1543400912555546928
1543404811965659647
1543409815727872754
1543412022884864431
1543415671599698762
1543419182888417688
1543423284340928747
1543424968412621996
1543428287228517422
1543428407646331731
1543433266921477241
1543433336073950336
1543436669300185485
1543447448704504223
1543449666650413788
1543450683686974023
1543453198338294306
1543453779567645745
1543454174525076731
1543454266991795334
1543454481116475709
1543455281443029428
1543457369570107720
1543458692896299080
1543460740466369709
1543475212135125840
1543481415544725336
1543481970130078838
1543482333802352602
1543483561027428562
1543485937055349675
1543486130529563371
1543487133103197187
1543491202158663238
1543494445909983759
1543505636051665154
1543506764220067818
1543510508900529428
1543514774400761123
1543517156375646850
1543523078672861853
1543526095805266926
1543528722604158013
1543536570582850011
1543537888728194983
1543538800710996458
1543540563762636397
1543541401922090209
1543546606083383897
1543547819525021679
1543553789787119980
1543554659449434595
1543562623184934251
1543564622685825553
1543567656295102140
1543570079035339599
1543570280569924519
1543570356330245229
1543580662069839185
1543582978936927296
1543583571859615539
1543584784358756514
1543587763687439301
1543588025421447692
1543591154749440984
1543591689698111519
1543592437462599139
1543592776950736307
1543593230029007016
1543594145056591589
1543601560397717138
1543603060949824731
1543605449963655169
1543605576010639522
1543606776730106537
1543606874275369444
1543607055866183515
1543607173900111547
3787594191844772092
3787608228115050290
3787608486488435676
3787734422218242329
3787752255173718047
3787766842951811039
3787772960929836386
3787882330144819858
3787887544512442815
3787903136469794941
3787912486165147123
3787924763208516632
3787980454680880069
3787985896928805433
3788001285162677064
3788032311341102516
3788056402172933943
3788065239461101353
3788203429709254354
3788239164862381524
3788258752290082957
3788283690544970433
3788332194769224211
3788410774316882564
3788440269238701815
3788491123247109764
3788545063081119207
3788572149734442134
3788591952639090034
3788625771771651593
3788638401831987330
9556642469766136202
9556644004328696427
9556644611097424462
9556652670582158919
9556653637759709045
9556653988961495439
9556656499450134099
9556657630047348013
9556658211981006583
9556659278460736623
9556659456621630128
9556666778953289234
9556668648511877961
9556668759135804231
9556674902116922321
9556675416267410325
9556675906926099347
9556675923312313618
9556676540518063408
9556680795659306672
9556682847554962155
9556686422172709041
9556691298827316245
9556693411821493599
9556696320830920375
9556697422390009058
9556700407233983150
9556701245127293460
9556702663429453001
9556705352289237941
9556712103280413093
9556722147461017807
9556724082736243869
9556727533525843970
9556727571512377476
9556728540327158864
9556730152616784814
9556730954930374975
9556733257091584376
9556735406254499340
9556738486816343841
9556742919252510866
9556743072024886946
9556744968845537103
9556749773612750932
9556750317985636389
9556752248470118264
9556754148075866617
9556754159531610317
9556755870702454792
9556760461012394492
9556761040150291221
9556761525883350137
9556763444664736271
9556764434530822660
9556766136574335519
9556766631521310175
9556767214791477473
9556769779589276117
9556770874016148947
9556773161939406782
9556774543063311379
9556785719879859163
9556790699731709381
9556792531339504890
9556798741084741532
9556799189409319029
9556801067492452931
9556805157819201351
9556805900649956071
9556807242991693152
9556808411259659258
9556808793178982654
9556810809410408532
9556813448375452345
9556814556315743810
9556815612748480198
9556815658616610481
9556816053323340594
9556817019554523163
9556817506136305997
9556818013403098132
9556819819177119046
9556820178907349467
9556821995286602040
9556829393505255317
9556830623246705711
9556833695037873141
9556840247037353988
9556841719000038818
9556843297223192019
9556848494851545852
9556851696179776990
9556851921485616679
9556853216691942235
9556853290077714509
9556854781801521826
9556854892952944797
9556860017377035600
9556861310358428347
9556862390534686129
9556868049560888234
9556869560633251924
9556870069176023173
9556870980119701217
9556874821671540228
9556877012174267703
9556877410055763033
9556877705752257523
9556877800799850275
9556877930754875568
9556880206004487941
9556882101002000812
9556891767259912809
9556895274554108773
9556896566386943193
9556900724400255149
9556903234894836576
9556911913544617397
9556919034563516243
9556920487595223286
9556925750022447607
9556926552963559765
9556927335034810661
9556929463755111080
9556930027044457242
9556930308033933679
9556931224868388669
9556932249768804823
9556941395370217124
9556942193416202297
9556943337639715486
9556944058080344854
9556945376106743088
9556948830649651675
9556955393788692548
9556955942471496007
9556957954531052556
9556961714280087359
9556962302727039664
9556963200270622813
9556963702772526151
9556965740291739673
9556970218046642588
9556974024232156881
9556974992714958243
9556975398137698599
9556977385265197440
9556978867212296516
9556980743020041873
9556980961473289207
9556981484723804155
9556982938457209365
9556984182936397583
9556984749619588117
9556985871586364709
9556998061475457502
9557002047284488175
9557005659433847754
9557007490107921034
9557011914955706712
9557012693276381871
9557014151621559232
9557014681175228599
9557015836634078639
9557018263423190949
9557019137290569753
9557019721806558954
9557020115659615059
9557022400517490471
9557032398323098385
9557039562645159782
9557043366514245516
9557045354591487251
9557048614422934183
9557049330336976407
9557056730559778650
9557070541123232603
9557071942468860418
9557075091907191812
9557076308934996459
9557078767771661622
9557079766578361451
9557083483272636470
9557083533158520356
9557083564624689501
9557088216233885473
9557091085900760982
9557091333814708113
9557092597522272907
9557095299114506012
9557096343690872091
9557099849389646409
9557099864235933751
9557101368038936745
9557110612925141846
9557112085909946816
9557116995175639887
9557118128015420173
9557118506504621265
9557118827030204771
9557125557771416987
9557127027683087322
9557127055690701415
9557128805470988167
9557131092374883936
9557131291326647058
9557132553982075485
9557132836626569522
9557141584453199564
9557144477639009877
9557145493630935690
9557146932339137846
9557148153699215752
9557149615400464306
9557150852004603007
9557157745453389210
9557158503156701904
9557164091425600053
9557166644196288922
9557168950178245397
9557170394939503220
9557171112476043012
9557171496850897737
9557174457494737776
9557176347873502389
9557177767869313293
9557180791334056867
9557183097774226748
9557191593875595794
9557195074895233348
9557195143034011743
9557200386304955722
9557202436420043163
9557202818209302458
9557204605274945582
9557205084040118987
9557206191060193086
9557213098660009947
9557213829747134624
9557214917727186030
9557217020265103909
9557218278145667083
9557219488504694656
9557219734224624714
9557221036637845137
9557221657887208393
9557224696442957230
9557225382052536886
9557225720695534842
9557226007627305622
9557228164530394483
9557228696253845114
9557237271702534501
9557238692223165694
9557247031460305170
9557247707439996100
9557252634880597385
9557253410614918186
9557257290562398537
9557258411555845346
9557260380151089296
9557260907488930904
9557261763727876320
9557264056751793471
9557267054227031210
9557268250486597612
9557268565334507021
9557280762954596994
9557281103666750725
9557283450193387486
9557285175607294870
9557291388590445418
9557291540469236881
9557298364983592853
9557301135752351400
9557301806302430422
9557304474494558557
9557308154298043006
9557309458856458660
9557311758533916177
9557312098595507780
9557321227029230840
9557325791526800020
9557331127769368349
9557333018053960124
9557337287087522648
9557338369142852705
9557339905744165518
9557346741533754012
9557346973455627359
9557348261809378862
9557348440748075579
9557350276337752783
9557350464798046738
9557354871130530507
9557356167754756460
9557359622248242792
9557361644522627599
9557366017774527783
9557368296656507241
9557369195057519750
9557371522716135829
9557372185383630010
9557372501464141083
9557375411556309339
9557379204178423680
9557379378934905264
9557381117878275491
9557383271521779183
9557383677402441378
9557384786976562205
9557385926543125729
9557386581549774647
9557388394938145328
9557388661661418970
9557391003436283238
9557392140017956427
9557394012910502239
9557394746389858612
9557396017099278657
9557398382701263867
9557398655855662998
9557400915493901561
9557400959745193436
9557408340174851673
9557413812374023128
9557416480253840403
9557420474620512548
9557422050653079708
9557422134143616905
9557424947590828765
9557425037319053115
9557430955510350447
9557431189162145646
9557435806950700494
9557436319917039065
9557442926974765809
9557443804630236355
9557446300013004510
9557447393758757807
9557447752056106572
9557448175197409331
9557449019010005156
9557449253983848336
9557454122714659766
9557463043116140897
9557471914549314649
9557474457832368995
9557475769945738801
9557477441867740381
9557477487086446514
9557478805429977315
9557479080286276876
9557481351076959241
9557490940829799381
9557491369569903311
9557492001825412922
9557493380304121241
9557499854134002577
9557502554355329650
9557506248173539677
9557506975334505262
9557508549779810884
9557509201929435768
9557515609088903780
9557521194503637734
9557521582779962700
9557525980009687856
9557526928447199534
9557530768188427400
9557537484345381961
9557538705337850382
9557541261219982740
9557544030329351986
9557547328142362500
9557551839900546579
9557553507165887727
9557554950660799452
9557555363569120114
9557556960879491235
9557559710581605417
9557564314038581259
9557564916871132419
9557567245612300736
9557572484189993490
9557574735790218045
9557579869367955511
9557582177753594464
9557584493285269503
9557584754743866975
9557586893643068725
9557587765663668714
9557588511129365354
9557589021475810953
9557593077122522651
9557593540273561000
9557597945426864930
9557599402475850592
9557602065601379159
9557607631362971496
9557608600324265713
9557610092999547501
9557612385311916176
9557612506285629282
9557612507951411556
9557615709781318928
9557622598287206992
9557623364039522779
9557629106754776141
9557629273421878140
9557629976710589857
9557630816844966627
9557631562665985966
9557633281624859075
9557633877169815344
9557637514412171003
9557637930142732535
9557638977746850557
9557640270770394627
9557649790291148850
9557652585725740063
9557654811227371002
9557658149524701430
9557659691827472008
9557661514931369307
9557663509298216238
9557664598255461658
9557665225571513909
9557667354557134729
9557670090895610750
9557670204259987201
9557670382283330154
9557674992062620142
9557675466910936936
9557675857802339642
9557681489255334197
9557684551008870573
9557689093424566000
9557691045338449414
9557694829351128903
9557698501995575928
9557701048010273248
9557703429846678587
9557704003097399952
9557705055857982932
9557705649846838037
9557707782457027994
9557710904428295993
9557711602451863975
9557718734027782898
9557724395007589605
9557728389087160413
9557730320134018414
9557733737845788024
9557734198278617990
9557734667123442158
9557740100834604282
9557740496047526791
9557741262083788220
9557742074835953763
9557743215074292959
9557745434983291846
9557747332625685046
9557749766543540975
9557752304052861845
9557754942159444113
9557756151019459391
9557757296075328230
9557758497281527592
9557759247344154249
9557759389643054394
9557761162984175154
9557762161178355279
9557762313885846787
