1542487996306228405
1542500883266528934
1542514702976919467
1542515287113030564
1542516779255159272
1542530324655198629
1542541763260610446
1542542481948737439
1542548610283959062
1542559276015778825
1542559986137104557
1542561879058052868
1542562607668303154
1542566126671770352
1542566705167261429
1542575386914171331
1542601340186430706
1542602326357013567
1542605049274134978
1542625246705520565
1542633632568494495
1542635489250203875
1542639860446775062
1542645197013656894
1542646934725578906
1542661242993484372
1542665198959644633
1542688832652137738
1542692603210934030
1542700977578300293
1542714815923887928
1542715080885445893
1542723597214782416
1542740391825301955
1542749028966361283
1542756299962332436
1542775982474528003
1542785113250881002
1542800262106257062
1542804460777032502
1542805646608167037
1542811781900269450
1542813242093352386
1542813528712329857
1542837469222713480
1542859856409675750
1542871219609553011
1542876573674573637
1542886049299927781
1542895448345893595
1542916458046734156
1542928406256068927
1542940378302139754
1542941945293069941
1543001363915164206
1543002489303266271
1543012578642213907
1543017424389759049
1543022638271146316
1543029380408675392
1543040031756706645
1543048429433312575
1543055389802566483
1543059340750116413
1543068240278850229
1543073046192356510
1543076478074582864
1543077007104556835
1543096107979703600
1543100880987284977
1543111230353440183
1543125332313359541
1543125857401266903
1543127688390817505
1543132525687409887
1543133788125218625
1543143168624406154
1543144944325031511
1543145329301344073
1543146458162229445
1543147547847804688
1543168079920866437
1543177198492214251
1543199941713427340
1543210634768819067
1543212935044495353
1543219956165773377
1543221465490315620
1543225022317184861
1543225760876822158
1543229824402684064
1543232419567100147
1543237109870800106
1543249953170180223
1543261145364696644
1543274148965546380
1543282989803486320
1543287580736661363
1543287652543468735
1543288136060681123
1543308706729822874
1543309431031107128
1543312496557733446
1543325546909328757
1543344520860392379
1543357066241159660
1543363551311514528
1543377281199469712
1543383405124517767
1543383635790013497
1543391133843672161
1543393581990851822
1543397310754231493
1543398250511752196
1543400912555546928
1543404811965659647
1543412022884864431
1543424968412621996
1543436669300185485
1543454481116475709
1543455281443029428
1543460740466369709
1543481415544725336
1543482333802352602
1543483561027428562
1543487133103197187
1543523078672861853
1543528722604158013
1543546606083383897
1543554659449434595
1543593230029007016
1543594145056591589
3787608486488435676
3787752255173718047
3787887544512442815
3788065239461101353
3788258752290082957
3788332194769224211
3788491123247109764
3788572149734442134
3788591952639090034
9556642469766136202
9556652670582158919
9556657630047348013
9556658211981006583
9556659456621630128
9556666778953289234
9556668759135804231
9556680795659306672
9556701245127293460
9556728540327158864
9556749773612750932
9556763444664736271
9556770874016148947
9556810809410408532
9556813448375452345
9556816053323340594
9556830623246705711
9556851696179776990
9556860017377035600
9556868049560888234
9556874821671540228
9556882101002000812
9556930308033933679
9556942193416202297
9556957954531052556
9556962302727039664
9557014681175228599
9557083564624689501
9557092597522272907
9557118827030204771
9557127027683087322
9557127055690701415
9557128805470988167
9557132836626569522
9557171496850897737
9557195143034011743
9557205084040118987
9557213098660009947
9557219734224624714
9557225720695534842
9557257290562398537
9557298364983592853
9557333018053960124
9557348440748075579
9557366017774527783
9557375411556309339
9557379204178423680
9557384786976562205
9557388394938145328
9557396017099278657
9557398382701263867
9557422134143616905
9557425037319053115
9557430955510350447
9557442926974765809
9557443804630236355
9557449253983848336
9557477487086446514
9557479080286276876
9557481351076959241
9557506975334505262
9557509201929435768
9557526928447199534
9557544030329351986
9557553507165887727
9557574735790218045
9557579869367955511
9557582177753594464
9557612507951411556
9557630816844966627
9557637514412171003
9557649790291148850
9557675466910936936
9557684551008870573
9557710904428295993
9557734667123442158
9557757296075328230
