0
1000
1024
1048576000
1048576032
1069641380
1073615995
1074790098
1081999339
1082654720
1083364088
1083743679
1084620141
1085743825
1090748426
1094501365
1094680523
1094680584
1098874888
1098874889
1098875142
1100988410
1100988426
1101191186
1101819019
1103085566
1103085699
1103101952
1105182720
1105199102
1105199103
1107296256
1124611678
1124696642
1124849030
1124888888
1125004875
1125052480
1125207657
1125319478
1125329635
1125343696
1125464275
1125511825
1125517448
1125529078
1125616013
1125625773
1125837923
1125853833
1125882331
1125882332
1125902362
1125935073
1125939977
1126139914
1126187145
1126218042
1126218772
1126228414
1126385148
1126449840
1127057463
1127477692
1127490605
1127575977
1127712314
1127746339
1127754659
1127938944
1128052606
1128081223
1128361495
1128689339
1128695188
1129836470
1130216619
1130473785
1130783418
1130790000
1131061944
1131061946
1132447965
1132563127
1152
1408
1410
15
1664
1674
20
2000
2500
256
3000
3205930904
3224371192
3224371200
3238035448
3294907012
3294916567
3294972491
3294980885
3295067339
3295072549
3295083512
3295109833
3295177562
3295185544
3295210705
3295220558
3295288116
3295297056
3295352339
3295353540
3295369426
3295389545
3295389881
3295422034
3295424232
3295483280
3295499031
3295527237
3295549133
3295565482
3295635972
3295702199
3295703246
3295704446
3295707765
3295714995
3295739310
3295765369
3295823420
3295831909
3295834268
3295884942
3295888447
3295916606
3295999812
3296827840
3296859386
3297727913
3297740127
3297844542
3297854920
3297881439
3297881440
3297884385
3297979938
520
910775196
990057088
990104315
998840816
