0
1000
1017000576
1024
1048576000
1048576032
1073615995
1074790098
1082067518
1082654720
1090487583
1096142280
1139162953
1139308127
1139965265
1140227109
1140480414
1140612297
1140660241
1141123047
1141496218
1141618585
1141681674
1141725917
1145004194
1145028623
1145096794
1145155724
1145311247
1152
1408
1410
15
1664
1674
20
2000
2500
256
3000
3205930904
3224371192
3224371200
3294715754
3294943961
3294946568
3294955325
3294960346
3295033438
3295053308
3295076560
3296192631
3296345888
3296660890
3296724063
3297385847
3297419840
3297420663
3297517832
3297661223
520
