0
1024
1073615995
1074790098
1082131336
1087373312
1090518155
1090518159
1090519492
1093140480
1094321174
1094712960
1094713129
1094713226
1094713324
1094713343
1094975496
1096547910
1098319394
1098383360
1098907645
1098907647
1098907648
1099169792
1099825149
1100152828
1100480507
1100612631
1152
1408
1410
15
1664
1674
20
2000
2500
256
3000
3205930904
3291131269
3291139958
3291148229
3291253502
3291254352
3291279942
3291350688
3291387962
3291394481
3291418916
3291449803
3291462524
3291495587
3291507430
3291530196
3291537569
3291543118
3291545076
3291546336
3291562116
3291563510
3291573347
3291576518
3291580842
3291591782
3291595856
3291602337
3291603713
3291606159
3291606830
3291613165
3291640197
3291648243
3291650662
3291678368
3291678862
3291679356
3291680345
3291703277
3291713708
3291714439
3291722725
3291725930
3291734782
3291734956
3291750504
3291751380
3291755067
3291756910
3291758753
3291775857
3291776631
3291785337
3291794863
3291799325
3291838998
3291881833
3291901687
3291915123
3291950508
3291988609
3291988856
3291991752
3291994649
3292035768
3292133759
3292168837
3292769292
3292833583
3294108424
3294198495
3297023459
3297055004
520
