0
1000
1024
1048576000
1048576032
1073615995
1074790098
1082131336
1082654720
1087373312
1090518155
1090518159
1090519492
1093140480
1094321174
1094712960
1094713129
1094713226
1094713324
1094713343
1094975496
1096547910
1098319394
1098383360
1098907645
1098907647
1098907648
1099169792
1099825149
1100152828
1100480507
1100612631
1140258512
1140668113
1140882281
1140930634
1140934547
1140961857
1141012620
1141058935
1141103465
1141106761
1141158150
1141171259
1141172506
1141175722
1141178537
1141189910
1141206569
1141215336
1141218641
1141218932
1141220295
1141221947
1141267144
1141267740
1141276080
1141277016
1141297251
1141319395
1141326171
1141399476
1141453652
1141471586
1141471904
1141565476
1141582808
1141626065
1141716136
1141738332
1141797261
1141865432
1141889861
1141931382
1141933028
1142001013
1142001014
1152
1408
1410
15
1664
1674
20
2000
2500
256
3000
3205930904
3224371192
3224371200
3290581726
3290636977
3290643344
3290661436
3290736292
3290789493
3290814864
3290817837
3290825594
3290829490
3290837223
3290845660
3290860250
3290865395
3290889326
3290900018
3290916953
3290925293
3290946119
3290954206
3290960573
3291045726
3291047634
3291048588
3291049542
3291137824
3291153074
3291191662
3291216501
3291222104
3291273699
3291370163
3291379532
3291534088
3294303598
3294590381
3294784715
3294786362
3294854347
3294854348
3296686615
3296687465
3296738614
3296750828
3296892140
3296892141
520
