0
1000
1024
1048576000
1048576032
1073615995
1074790098
1082654720
1090519040
1094713344
1096948110
1098907647
1098907648
1101004797
1101004799
1101005818
1103101950
1103116138
1105198084
1105199107
1105199675
1105199676
1134783471
1134947290
1135009849
1135270174
1135287239
1135404664
1135461272
1135499938
1135510302
1135546192
1135574357
1135610544
1135618680
1135662886
1135711900
1135750193
1135753638
1135754643
1135806172
1135909216
1135912500
1138789740
1138838597
1138892906
1139073049
1139403843
1139403844
1141168159
1141397858
1141580156
1141643245
1146128956
1146152777
1146178430
1146181819
1146199990
1146290866
1146300173
1146309988
1146317753
1146347138
1146373580
1146387236
1146415725
1146416614
1146430436
1146430844
1146453820
1146478762
1146497425
1146554880
1146607955
1149308983
1149309805
1149343798
1149571511
1149571936
1150006742
1150083371
1150251539
1150283685
1152
1408
1410
15
1664
1674
20
2000
256
3000
3205930904
520
