0
1000
1024
1048576000
1048576032
1073615995
1074790098
1082654720
1090519040
1094713344
1096948110
1098907647
1098907648
1101004797
1101004799
1101005818
1103101950
1103116138
1105198084
1105199107
1105199675
1105199676
1140428442
1140592261
1140654819
1140882916
1140891449
1140950161
1140978466
1140997798
1141002981
1141020926
1141035008
1141053101
1141057170
1141079273
1141103779
1141122925
1141124648
1141125151
1141150916
1141202438
1141204079
1141479327
1141623815
1141761950
1141786379
1141910597
1142894295
1142943532
1143112578
1143143377
1143290297
1143354588
1144959848
1144983670
1145009322
1145012711
1145030882
1145121759
1145131065
1145140880
1145148645
1145178031
1145204472
1145218129
1145246617
1145247507
1145261329
1145261737
1145284712
1145309655
1145328317
1145385772
1145438847
1149142170
1149201098
1149338739
1149372732
1149373554
1149870014
1149901559
1149902800
1149927418
1150002722
1150035396
1152
1408
1410
15
1664
1674
20
2000
256
3000
3205930904
3224371192
3224371200
520
