0
1000
1017000576
1024
1048576000
1048576032
1073615995
1074790098
1082067518
1082654720
1090487583
1096142280
1133271010
1133388869
1133901831
1134350389
1134359401
1134359403
1134488631
1134495375
1134498666
1134661400
1134669061
1134857202
1134949840
1135348939
1135892385
1135986197
1136072529
1136551446
1136600303
1152
1408
1410
15
1664
1674
20
2000
2500
256
3000
3205930904
3224371192
3224371200
3293701082
3293822708
3294096628
3294195394
3294323543
3294370675
3294403762
3294677733
3295966026
3296152916
3296248650
3296273079
3296439699
3298246219
3298246644
3298253702
3298254524
3298288517
520
