0
1000
1017000576
1024
1048576000
1048576032
1073615995
1074790098
1082067518
1082654720
1090487583
1096142280
1144149213
1144377422
1144380029
1144388785
1144393806
1144466897
1144486768
1144510019
1145854227
1145855077
1146142932
1146247663
1146278463
1146372632
1146447507
1146496745
1152
1408
1410
15
1664
1674
20
2000
2500
256
3000
3205930904
3291056199
3291128788
3291457355
3291588278
3291714929
3291780870
3291804843
3292059586
3292172424
3292212844
3292642628
3292707975
3292858584
3292907821
3294975596
3295065667
520
