0
1000
1024
1048576000
1048576032
1069641380
1073615995
1074790098
1081999339
1082654720
1083364088
1083743679
1084620141
1085743825
1090748426
1094501365
1094680523
1094680584
1098874888
1098874889
1098875142
1100988410
1100988426
1101191186
1101819019
1103085566
1103085699
1103101952
1105182720
1105199102
1105199103
1107296256
1152
1408
1410
15
1664
1674
20
2000
2500
256
3000
3205930904
3224371192
3224371200
3238035448
3277696285
3277716730
3278055338
3278068200
3278153266
3278177695
3278190225
3278254755
3278341412
3278391620
3278502527
3278559889
3278802384
3278865967
3278874818
3278904886
3279010475
3279016722
3279165085
3279393210
3279416557
3279551219
3279551555
3279699670
3279753712
3279761824
3279816387
3279818141
3279898161
3280150903
3280152604
3280189005
3280264581
3280266129
3280317009
3280318606
3280320543
3280323678
3280324830
3280327567
3280327828
3280380991
3280794265
3280912123
3281105435
3281154292
3281719540
3281719541
3296931724
3296932961
3296942559
3296946881
3296947707
3296999742
3297023852
3297043685
3297043939
3297046129
3297048208
3297053644
3297055121
3297058075
3297063051
3297063409
3297064059
3297064780
3297082506
3297093422
3297102746
3297126935
3297175641
3297176460
3297199628
3297241440
3297242157
3297266466
3297267039
3297318045
3297320136
3297326444
3297356196
3297370423
3297385447
3297393714
3297394922
3297407446
3297410788
3297428645
3297548048
3298891189
3299034580
3299152949
3299153771
3299187764
3299205089
3299250125
520
910775196
990057088
990104315
998840816
