0
1000
1017000576
1024
1048576000
1048576032
1082067518
1082654720
1090487583
1096142280
1145607980
1145680567
1146009138
1146140059
1146266711
1146332653
1146356625
1146724207
1147770023
1148056806
1149163750
1149212988
1149259382
1149301446
1149334120
1149336010
1149968975
1150045605
1152
1408
1410
15
1664
1674
20
2000
2500
256
3000
3205930904
3224371192
3224371200
3287475070
3287546660
3287664519
3287931488
3287936705
3287954215
3287964258
3288110439
3288150180
3288196683
3289444031
3289673732
3289899178
3289948415
3290117461
3290148261
3290735704
3290965404
520
