0
1000
1024
1048576000
1048576032
1069641380
1081999339
1082654720
1083364088
1083743679
1084620141
1085743825
1090748426
1094501365
1094680523
1094680584
1098874888
1098874889
1098875142
1100988410
1100988426
1101191186
1101819019
1103085566
1103085699
1103101952
1105182720
1105199102
1105199103
1107296256
1125262516
1125368841
1125369362
1125374836
1125377139
1125383410
1125387283
1125390478
1125492237
1125495333
1125646487
1126180609
1126260630
1126262383
1126316945
1126325058
1126379099
1126527215
1126527551
1126662214
1126685558
1126913683
1127062046
1127068295
1127173885
1127203950
1127212802
1127276388
1127518880
1127576245
1127687151
1127737360
1127824014
1127888545
1127901076
1127925506
1128010569
1128023434
1128362042
1128382484
1132350906
1132537187
1132635132
1132752991
1132838404
1132936879
1133650796
1134139707
1147387422
1147389893
1147409089
1147417733
1147419387
1147523456
1147571677
1147611342
1147611850
1147616230
1147620388
1147631262
1147634214
1147640124
1147650074
1147650791
1147652090
1147653533
1147688986
1147710817
1147729465
1147777843
1147875256
1147876893
1147923229
1148006855
1148008288
1148056906
1148058050
1148160063
1148164246
1148176862
1148236366
1148264820
1148294866
1148311401
1148313818
1148338867
1148345550
1148381265
1148620071
1149470625
1149486025
1149570548
1149595166
1150340767
1150484158
1151026510
1151107068
1152
1408
1410
15
1664
1674
20
2000
2500
256
3000
3205930904
3224371192
3224371200
3238035448
520
910775196
990057088
990104315
998840816
