0
1024
1069641380
1081999339
1083364088
1083743679
1084620141
1085743825
1090748426
1094501365
1094680523
1094680584
1098874888
1098874889
1098875142
1100988410
1100988426
1101191186
1101819019
1103085566
1103085699
1103101952
1105182720
1105199102
1105199103
1107296256
1141097948
1141103059
1141187710
1141190926
1141212194
1141218300
1141221433
1141237566
1141259230
1141271783
1141299508
1141313848
1141374474
1141390369
1141392582
1141400098
1141426497
1141428058
1141465149
1141522180
1141528018
1141561681
1141561766
1141598795
1141612305
1141614333
1141627975
1141628414
1141648417
1141781949
1141819736
1141820510
1141845950
1141846749
1141847718
1141849285
1141849861
1141851229
1141851361
1141877942
1144417347
1144578463
1144983697
1144986170
1145005366
1145014010
1145015661
1145119733
1145167952
1145207618
1145208126
1145212506
1145216664
1145227537
1145230490
1145236399
1145246350
1145247067
1145248366
1145249809
1145285262
1145307093
1145325741
1145374120
1145471533
1145473170
1145519505
1145603130
1145604563
1145653182
1145654326
1145756338
1145760522
1145773140
1145832642
1145861094
1145891140
1145907676
1145910093
1145935142
1145941825
1145977540
1146216346
1149377663
1149499890
1152
1408
1410
15
1664
1674
20
2000
256
3000
3205930904
3224371192
3224371200
3238035448
520
910775196
990057088
990104315
998840816
