0
1000
1024
1048576000
1048576032
1069641380
1073615995
1074790098
1081999339
1082654720
1083364088
1083743679
1084620141
1085743825
1090748426
1094501365
1094680523
1094680584
1098874888
1098874889
1098875142
1100988410
1100988426
1101191186
1101819019
1103085566
1103085699
1103101952
1105182720
1105199102
1105199103
1107296256
1122594430
1122764358
1123069133
1123148850
1123380825
1123476034
1123786388
1124010029
1124030345
1124058468
1124186549
1124234098
1124239721
1124251351
1124338286
1124348046
1124560197
1124576106
1124604604
1124624636
1124657347
1124662250
1124862187
1124909418
1124940315
1124941045
1124950687
1125107421
1125172113
1125779736
1126199965
1126212878
1126298250
1126434587
1126468613
1126476932
1126661218
1126774879
1126803496
1127083768
1127411613
1127417461
1128558744
1128938893
1129196059
1129505692
1129512274
1129784218
1129784220
1131170237
1131386446
1152
1408
1410
15
1664
1674
20
2000
2500
256
3000
3205930904
3224371192
3224371200
3238035448
3296773409
3296778187
3296806149
3296810346
3296853573
3296856179
3296861659
3296874820
3296908685
3296912676
3296925256
3296930183
3296963962
3296968432
3296996073
3296996674
3297004616
3297014676
3297014844
3297030921
3297032020
3297061543
3297069418
3297083524
3297094469
3297102645
3297137891
3297171004
3297171528
3297172128
3297173786
3297177400
3297189559
3297202588
3297231614
3297235859
3297237039
3297262375
3297264128
3297278208
3297319810
3297786271
3297817817
3298686345
3298698559
3298802974
3298813352
3298839871
3298839872
3298842817
3298938370
520
910775196
990057088
990104315
998840816
