0
1024
1073615995
1074790098
1082131336
1087373312
1090518155
1090518159
1090519492
1093140480
1094321174
1094712960
1094713129
1094713226
1094713324
1094713343
1094975496
1096547910
1098319394
1098383360
1098907645
1098907647
1098907648
1099169792
1099825149
1100152828
1100480507
1100612631
1152
1408
1410
15
1664
1674
20
2000
2500
256
3000
3205930904
3290442751
3290451440
3290564984
3290565834
3290591424
3290730398
3290761285
3290818912
3290841678
3290849051
3290873598
3290874992
3290903264
3290907338
3290915195
3290917641
3290918312
3290959725
3290962144
3291014759
3291025921
3291037412
3291046264
3291062862
3291066549
3291068392
3291070235
3291096819
3291110807
3291213169
3291226605
3291261990
3291347250
3291445241
3291480319
3292080774
3292145065
3296015476
3296217933
3296255207
3296261726
3296329771
3296362834
3296410366
3296412321
3296413581
3296440592
3296443763
3296448087
3296469585
3296480410
3296507442
3296545613
3296546107
3296546602
3296547590
3296580955
3296589971
3296602202
3296617751
3296643104
3296643878
3296662109
3296706246
3296736012
3296789400
3296789524
3296790972
3296792420
3297849306
3297894342
3299457082
3299488627
520
