0
1024
1048576000
1073615995
1074790098
1090519040
1094713344
1096948110
1098907647
1098907648
1101004797
1101004799
1101005818
1103101950
1103116138
1105198084
1105199107
1105199675
1105199676
1148250364
1148277624
1148281345
1148332258
1148365744
1148398639
1148401391
1148401968
1148430429
1148432459
1148439391
1148440077
1148453454
1148495696
1148503676
1148503781
1148516716
1148520836
1148540891
1148591637
1148632745
1149759289
1149786315
1149936228
1149936653
1150536668
1150658895
1152
1408
1410
15
1664
1674
20
2000
2500
256
3000
3205930904
3224371192
3224371200
3286194805
3286517038
3288367581
3288396535
3288481391
3288550974
3288605341
3288632696
3288635995
3288670858
3288680887
3288682444
3288702464
3288736032
3288751550
3288770958
3288807053
3288813759
3288851285
3288883223
3288904353
3288932230
3288934272
3288937600
3288937654
3289137690
3289408482
520
