0
1000
1024
1048576000
1048576032
1073615995
1074790098
1082654720
1090519040
1093980388
1094713344
1096948110
1098162598
1098907647
1098907648
1101004797
1101004799
1101005818
1103101950
1103116138
1103354589
1104930176
1105198084
1105199107
1105199675
1105199676
1121351534
1121783954
1123479200
1123950635
1147437463
1147464723
1147468444
1147519357
1147552843
1147585738
1147588490
1147589067
1147617528
1147619558
1147626490
1147627175
1147640552
1147682795
1147690774
1147690879
1147703814
1147707935
1147727990
1147778736
1147819843
1149055772
1149104245
1149105009
1149168536
1149256675
1149272075
1150525791
1150661186
1150735452
1150878843
1152
1408
1410
15
1664
1674
20
2000
256
3000
3205930904
3212499008
3224371192
3224371200
3231355800
3263731639
3263732068
3263758689
3263775022
3263998046
3264167082
3264422589
3264722799
3264776454
3265220474
3265344612
3265613157
3265773318
3265866001
3266144903
3266171309
3266390139
3266825081
3267381741
3268060590
3268292215
520
