0
1024
1069641380
1081999339
1083364088
1083743679
1084620141
1085743825
1090748426
1094501365
1094680523
1094680584
1098874888
1098874889
1098875142
1100988410
1100988426
1101191186
1101819019
1103085566
1103085699
1103101952
1105182720
1105199102
1105199103
1107296256
1141425602
1141430713
1141515365
1141515366
1141518582
1141539849
1141545955
1141549088
1141565219
1141586885
1141599437
1141627163
1141641505
1141702128
1141718023
1141720236
1141727754
1141754149
1141755712
1141792802
1141849834
1141855671
1141889336
1141889421
1141926448
1141939959
1141941987
1141955627
1141956067
1141976073
1142109603
1142147389
1142148163
1142173604
1142174401
1142175370
1142176939
1142177515
1142178881
1142179014
1142205596
1144744985
1144906101
1148817446
1148819918
1148839113
1148847757
1148849410
1148953481
1149001701
1149041364
1149041873
1149046253
1149050411
1149061286
1149064236
1149070146
1149080098
1149080813
1149082114
1149083557
1149119009
1149140841
1149159489
1149207868
1149272288
1149273106
1149296274
1149338086
1149338803
1149363113
1149363686
1149414692
1149416783
1149423091
1149452842
1149467068
1149482092
1149490360
1149491568
1149504092
1149507434
1149525291
1149644694
1151294537
1151416764
1152
1408
1410
15
1664
1674
20
2000
256
3000
3205930904
3224371192
3224371200
3238035448
520
910775196
990057088
990104315
998840816
