0
1024
1048576000
1082131336
1087373312
1090518155
1090518159
1090519492
1093140480
1094321174
1094712960
1094713129
1094713226
1094713324
1094713343
1094975496
1096547910
1098319394
1098383360
1098907645
1098907647
1098907648
1099169792
1099825149
1100152828
1100480507
1100612631
1145378574
1145387261
1145527247
1145666221
1145697108
1145754735
1145777502
1145784874
1145809421
1145810816
1145839088
1145843162
1145851019
1145853464
1145854136
1145895549
1145897968
1145950583
1145961745
1145973236
1145982088
1145998686
1146002373
1146004216
1146006058
1146006059
1146032642
1146046631
1146148994
1146162430
1146197815
1146283076
1146381067
1146416144
1149520266
1149549731
1149592087
1149619114
1152
1408
1410
15
1664
1674
20
2000
2500
256
3000
3205930904
3224371192
3224371200
3290447777
3290650235
3290687509
3290694028
3290762074
3290795136
3290842669
3290844623
3290845883
3290872894
3290876066
3290880389
3290901887
3290912713
3290939744
3290977916
3290978410
3290978904
3290979893
3291013259
3291022276
3291034506
3291050055
3291075408
3291076181
3291094414
3291138549
3291181384
3291288160
3291288408
3291291304
3291294201
3294162104
3294448887
3294597416
3294868208
520
