0
1024
1048576000
1082131336
1087373312
1090518155
1090518159
1090519492
1093140480
1094321174
1094712960
1094713129
1094713226
1094713324
1094713343
1094975496
1096547910
1098319394
1098383360
1098907645
1098907647
1098907648
1099169792
1099825149
1100152828
1100480507
1100612631
1145920416
1145929103
1146069089
1146208063
1146238950
1146296577
1146319344
1146326716
1146351263
1146352658
1146380930
1146385004
1146392861
1146395306
1146395978
1146437391
1146439810
1146492425
1146503587
1146515078
1146523930
1146540528
1146544215
1146546058
1146547900
1146547901
1146574484
1146588473
1146690836
1146704272
1146739657
1146824918
1146922909
1146957986
1149791187
1149820652
1149863008
1149890035
1152
1408
1410
15
1664
1674
20
2000
2500
256
3000
3205930904
3224371192
3224371200
3282672418
3283077331
3283077332
3283151879
3283164918
3283301011
3283367137
3283462201
3283466107
3283468628
3283522650
3283528992
3283537641
3283580638
3283602286
3283656350
3283732692
3283733681
3283734670
3283736647
3283736648
3283803382
3283821415
3283845876
3283876975
3283927681
3283929227
3283965692
3284053964
3284139633
3284353184
3284353679
3284359472
3284365267
3289217704
3289504487
3289653016
3289923808
520
