0
1024
1048576000
1073615995
1074790098
1076155494
1088390430
1088855997
1090519040
1090623897
1090956296
1091567616
1091595930
1094680838
1094697615
1094713343
1097326396
1097757358
1099262591
1101324611
1102069629
1103196324
1104540598
1104616097
1152
1408
1410
15
1664
1674
20
2000
256
3000
3205930904
3224371192
3224371200
3234645144
3234980692
3238337185
3248285550
3249261774
3253613363
3266003415
3266257842
3266474855
3266741820
3267236775
3267741488
3267967880
3268095440
3268341540
3268855869
3275931019
3277078148
520
