0
1000
1017000576
1024
1048576000
1048576032
1073615995
1074790098
1082067518
1082654720
1090487583
1096142280
1127328259
1127563977
1128589900
1129487018
1129505042
1129505044
1129763500
1129776988
1129783570
1130109038
1130124361
1130500641
1130685916
1131484116
1132516542
1132610353
1132610354
1132696686
1133175602
1133224459
1152
1408
1410
15
1664
1674
20
2000
2500
256
3000
3205930904
3224371192
3224371200
3296893605
3296954418
3297091378
3297140760
3297204835
3297228401
3297244945
3297381930
3298026075
3298119520
3298167387
3298179601
3298262911
3299927807
3299928232
3299935290
3299936112
3299970105
520
