0
1000
1024
1048576000
1048576032
1069641380
1073615995
1074790098
1081999339
1082654720
1083364088
1083743679
1084620141
1085743825
1090748426
1094501365
1094680523
1094680584
1098874888
1098874889
1098875142
1100988410
1100988426
1101191186
1101819019
1103085566
1103085699
1103101952
1105182720
1105199102
1105199103
1107296256
1152
1408
1410
15
1664
1674
20
2000
2500
256
3000
3205930904
3224371192
3224371200
3230433688
3231087907
3238035448
3239963030
3239963032
3240168844
3241529894
3241529896
3241920746
3242121234
3243153726
3244540223
3245343568
3246754680
3247213588
3249153544
3249662206
3249733018
3249973556
3250818264
3250868254
3252055157
3253880156
3254066934
3254962068
3254963414
3255555875
3255772042
3255804492
3256022734
3256029757
3256349836
3258181512
3258195115
3258486328
3259090935
3259103320
3259510360
3259523136
3259538630
3259563717
3259572929
3259594823
3259596914
3260022212
3263248462
3263719896
3264493141
3264688571
3266949566
3266949568
3296036996
3296039468
3296058664
3296067308
3296068960
3296173031
3296221251
3296260917
3296261425
3296265805
3296269963
3296280835
3296283789
3296289697
3296299649
3296300366
3296301665
3296303108
3296338560
3296360391
3296379039
3296427417
3296524830
3296526467
3296572803
3296656428
3296657861
3296706481
3296707625
3296766291
3296768382
3296774690
3296804442
3296818669
3296833692
3296841959
3296843168
3296855692
3296859034
3296876891
3296996294
3298339436
3298482828
3298601197
3298602019
3298636012
3298653338
3298698374
520
910775196
990057088
990104315
998840816
