0
1000
1024
1048576000
1048576032
1073615995
1074790098
1082654720
1090519040
1094713344
1096948110
1098907647
1098907648
1101004797
1101004799
1101005818
1103101950
1103116138
1105198084
1105199107
1105199675
1105199676
1135316165
1135363807
1135415113
1135421891
1135458235
1135639987
1135658600
1135678229
1135693762
1135752530
1135805417
1135832726
1135889708
1135891484
1135919127
1135919944
1135965898
1136015781
1136053107
1136168018
1136274169
1137735144
1137833619
1138171711
1138233310
1138411354
1138539938
1139169949
1139476466
1140196398
1140518632
1140573518
1140671994
1140930386
1140961186
1152
1408
1410
15
1664
1674
20
2000
256
3000
3205930904
3224371192
3224371200
3293740746
3293822656
3293853936
3293984099
3293992631
3294051344
3294079648
3294098981
3294104163
3294122109
3294136191
3294154285
3294158353
3294180457
3294204962
3294224109
3294225832
3294226334
3294252099
3294303622
3294305264
3295354821
3295451857
3295517205
3295584522
3295667813
3295717050
3296056452
3296119541
3297022870
3297055544
3297130848
3297155467
3297174555
3297296782
520
