0
1000
1024
1048576000
1048576032
1073615995
1074790098
1082131336
1082654720
1085944333
1087373312
1090518155
1090518159
1090519492
1093140480
1094321174
1094712960
1094713129
1094713226
1094713324
1094713343
1094975496
1096547910
1098319394
1098383360
1098907645
1098907647
1098907648
1099169792
1099825149
1100152828
1100480507
1100612631
1101403760
1102757809
1103743392
1106307998
1108224555
1109012352
1111824087
1113321208
1113326303
1113613268
1114480084
1115652943
1115723123
1115900273
1116062153
1116069640
1116136344
1116141123
1116502702
1116515924
1116526814
1116529148
1116555594
1116625726
1116759001
1116849979
1116872497
1116898229
1116908194
1117013073
1117424179
1117450541
1117806801
1118177314
1118583410
1118801889
1118833193
1119220016
1120203064
1121841458
1146686638
1146741889
1146748253
1146766346
1146841204
1146894403
1146919774
1146922747
1146930505
1146934402
1146942134
1146950570
1146965161
1146970306
1146994236
1147004929
1147021863
1147030204
1147051029
1147059116
1147065483
1147150636
1147152544
1147153498
1147154452
1147242733
1147257985
1147296572
1147321410
1147327014
1147378608
1147475071
1147484441
1147638996
1149738372
1149835840
1149853223
1149899072
1149899497
1149926933
1149953959
1149958067
1150076523
1150109197
1150184501
1150209119
1152
1408
1410
15
1664
1674
20
2000
2500
256
3000
3205930904
3224371192
3224371200
3229645803
3266883683
3267604256
3268337100
3270503434
520
