0
1000
1017000576
1024
1048576000
1048576032
1073615995
1074790098
1082067518
1082654720
1090487583
1096142280
1152
1408
1410
15
1664
1674
20
2000
2500
256
3000
3202593480
3205930904
3224371192
3224371200
3242851666
3245816036
3249113920
3249236504
3252000810
3254212680
3258084781
3267635044
3268861108
3270092269
3271786394
3271789794
3271802516
3272009275
3272082387
3272205586
3272225487
3272881769
3273078719
3296039252
3296160880
3296434798
3296533565
3296661715
3296708847
3296732439
3296869424
3296880662
3296995513
3297218812
3297251486
3297303586
3297326790
3297351409
3297384144
3299229763
3299343726
3299365159
3299388762
520
