0
1000
1017000576
1024
1048576000
1048576032
1073615995
1074790098
1082067518
1082654720
1090487583
1096142280
1143051982
1143051983
1143294095
1143334606
1143359035
1143366680
1143695250
1143826169
1143952821
1144018763
1144042734
1144410315
1144565100
1144565101
1144847724
1144872153
1145061101
1145122157
1145185246
1145214358
1146065916
1146294122
1146296730
1146305486
1146310506
1146383598
1146403469
1146426721
1148437262
1148438909
1148506893
1148506895
1149478583
1149585577
1149593432
1149617724
1150413484
1150414306
1150448299
1152
1408
1410
15
1664
1674
20
2000
2500
256
3000
3205930904
520
