0
1000
1017000576
1024
1048576000
1048576032
1073615995
1074790098
1082067518
1082654720
1090487583
1096142280
1143862104
1143862105
1144104217
1144144728
1144169157
1144176802
1144505372
1144636291
1144762943
1144828885
1144852856
1145220437
1145375222
1145375223
1145657846
1145682275
1145871223
1145932279
1145995368
1146024480
1149401681
1149515785
1149517088
1149521467
1149523978
1149560523
1149570458
1149582083
1150587357
1150588179
1150622172
1151227659
1151334652
1151342508
1151366799
1152
1152162560
1152163382
1152197375
1408
1410
15
1664
1674
20
2000
2500
256
3000
3205930904
520
