0
1000
1017000576
1024
1048576000
1048576032
1073615995
1074790098
1082067518
1082654720
1090487583
1096142280
1143045689
1143273898
1143276505
1143285261
1143290282
1143363373
1143383244
1143406495
1144750703
1144751553
1145039408
1145144139
1145174939
1145269108
1145343983
1145393221
1152
1408
1410
15
1664
1674
20
2000
2500
256
3000
3205930904
3294616224
3294688813
3295017380
3295148302
3295274954
3295340895
3295364868
3295619611
3295732449
3295772869
3296202653
3296268000
3296418609
3296467846
3297629282
3297674318
520
