0
1024
1069641380
1081999339
1083364088
1083743679
1084620141
1085743825
1090748426
1094501365
1094680523
1094680584
1098874888
1098874889
1098875142
1100988410
1100988426
1101191186
1101819019
1103085566
1103085699
1103101952
1105182720
1105199102
1105199103
1107296256
1141106175
1141111286
1141195938
1141195939
1141199155
1141220422
1141226528
1141229661
1141245792
1141267458
1141280010
1141307736
1141322078
1141382701
1141398596
1141400809
1141408327
1141434722
1141436285
1141473375
1141530407
1141536244
1141569909
1141569994
1141607021
1141620532
1141622560
1141636200
1141636640
1141656646
1141790176
1141827962
1141828736
1141854177
1141854974
1141855943
1141857512
1141858088
1141859454
1141859588
1141886169
1144425558
1144586674
1146900577
1146903050
1146922245
1146930889
1146932541
1147036613
1147084832
1147124496
1147125005
1147129385
1147133543
1147144418
1147147368
1147153278
1147163230
1147163945
1147165246
1147166689
1147202141
1147223973
1147242621
1147291000
1147388412
1147390049
1147436384
1147520009
1147521442
1147570062
1147571206
1147673218
1147677401
1147690019
1147749521
1147777974
1147808019
1147824555
1147826972
1147852020
1147858704
1147894418
1148133226
1150336103
1150458330
1152
1408
1410
15
1664
1674
20
2000
256
3000
3205930904
3224371192
3224371200
3238035448
520
910775196
990057088
990104315
998840816
