1001725957
1011235479
1013349596
1014545387
1031225579
1036917544
1047098664
1047827772
1048773969
1076636854
1081156396
1090179823
1099123327
1122555699
1124983192
1134826691
1141676961
1147167439
1153575
1153665738
1157379929
1189348116
1191822398
1202251128
1206774727
121303248
1214247748
1214809966
1217948036
1225186647
1228974621
1232884795
1239759110
1251675134
1256300746
1262235032
1265856933
1266492615
1272432029
1273216062
1274436205
1274517246
1275239821
1286131498
1305452204
1321605860
1323160157
1327137473
1334901249
1356371790
1362536411
1367278617
1369214166
1371784153
1374185047
1384520540
1389114947
1411025137
1420760048
1446138529
1459807713
1460601745
1461251033
1462418002
1464059408
1467027578
1471351236
1504340694
1520680093
1543524346
1550562874
1558627860
1568061570
158173266
1601942008
1602035060
1607634084
1610976134
1619545793
1620190822
1621209473
1623205355
1627959705
1638007035
1643549354
1647003408
1673675622
1674388225
1689180850
169207123
1699630590
1705074723
1705121537
1730563359
1732544762
1736297011
1740912990
1756558384
1767043004
1771578963
1787560336
1796101039
1805330664
1808233590
1816099028
182048564
1862107263
187281591
187474604
1892916736
1905413438
1925882222
1934861322
1936871510
1940900604
1944456735
1958189005
1958469790
1967198839
1970940575
197900479
198629126
1986899573
1996813157
1999148801
2030714360
2039918386
2043058624
2045040519
207571678
2083530039
2099336784
2099745336
2114195945
2115108107
2121772372
2125555836
2135246092
2139057124
2159721483
2169894234
218447223
2186418572
2200338224
2202281575
2230562413
2246751741
2247647804
2249227595
2249673862
227162943
2277917052
2283831013
2296769775
2299882817
2305514150
2310463790
2312745953
232023771
2339255579
234240988
2350920689
2362992007
2363278726
2372155445
2395469202
2395975034
2410902744
2421429495
2425065733
2433410088
2440951691
2452535144
2455348833
2467603679
2468704503
2488297347
2495905021
250056964
251566434
2521854986
2522919483
25476787
2548870790
2558808516
2565738857
2574669169
2576164147
2592702383
2593119536
2610477197
2616877124
2624196300
2625687607
2627307975
2640017752
264817375
2670163257
2673580815
2683659961
269212529
2713693161
2723761780
2727484595
2741623078
2750718967
2756432230
2759488547
2768579435
2774737229
2774949294
2783684232
2788888980
2804907903
2810948007
2826132951
2832194801
2845684743
2847217652
2901429428
2903436973
2935943899
2940351526
2955475532
2962431767
2966204009
296846122
2973665684
2976320046
2981072779
2984946559
2985057026
2997428758
3002141022
3031029265
3041654589
3068525813
3082107072
308693325
3098734580
3102011960
310951854
3112428809
3116399546
312859441
3133533528
314641568
3159544331
3167800503
3178707105
3181774720
3182409978
3194994243
3200312198
322147543
3226593573
323606533
3237257525
323765847
3243646404
3273203534
3285467392
3299107085
3302897148
3306063065
3311021216
3317368951
3322736601
3333121535
3334588455
3340330503
3340387382
3345743884
3347394611
3351370063
3358873442
3359083600
3377834755
3381171493
3403219023
3414985059
3417369641
3433293139
3448610984
3463948089
3469207199
3473304265
3476343740
3478701525
3484999105
3493267160
3502622991
3510077459
3510412782
3520469309
3532073508
3544427624
3545632849
3550753767
3575113041
3576487754
3584115153
3599946525
3602472324
3605324289
3607425273
3612056582
3620710580
3629812066
3650183532
3660593821
3678448707
3683067939
3697893473
3708861646
3711131918
3716417653
3735669175
3744430150
3763384315
3777827303
3779733235
3784815180
3796235775
3825618508
3826880962
3843009304
3844403134
3847158544
385140122
3858207168
3862540433
3864099588
3866398920
3883843429
3892050370
3896987364
3905371736
3908192807
3908646509
3913338689
3945809001
3951485352
3955441193
3961801800
3980145184
398427789
3986471493
3986651596
3999425588
4002075619
4028673052
4029089575
4042842039
4047733419
4066750631
4083084749
4086863395
4092514112
4099471514
4101987522
4113974425
4116443778
4116603722
4119018510
412791315
4132057068
4145476987
4170866177
41713115
4176184784
4177075008
4182479335
4183519860
4188505435
4209774496
4226385710
4227629234
4229948957
4235734438
4240092055
4240500766
4243498219
425387283
4257451455
4274656179
449969737
461044616
465212754
468402460
47780457
495150749
504559366
530415157
540291245
550572273
55803614
571953610
572785580
580553292
588482519
601465187
608362112
611956627
623318725
658358670
662901386
68411418
684212702
708370800
721568041
742312076
762637281
765174644
766239178
76731202
769529038
774990267
787361138
79041552
803292525
809262275
822518489
825561995
83633833
84953653
852183903
85696836
861292558
862768013
882370961
901927198
921829309
924408521
926677505
947581822
951825236
954216967
954551722
960244475
986395821
988322251
991533982
994545276
