1022362831
1031263521
1045638718
1053798303
1065107354
1072286240
1081463206
1083945188
1091708112
1097075448
1100952435
1102780414
1104716120
1143367738
1145612829
1168801977
1183011862
1197152029
1198788667
1222151097
1249824019
1258477938
1271912505
1291441410
1330204276
138058546
1383926895
1399998432
1422918570
1464218446
1474408317
1482228387
1489995208
1494729380
1507341058
1509461184
1522037134
1535481324
154165678
1544892694
1561713307
156815596
1597965203
161233148
163164136
1637666865
1662620097
1685131200
1691358228
1701088341
1726541401
1726634139
1747401209
1759224909
1771258063
1781627061
1795424665
1798750294
1816428276
182332929
1864898794
187113048
187179679
1899741996
1913782417
1917516482
1929464102
1949938771
197974133
2017086520
2026247892
2028958972
2030991599
2035348199
2041991664
2049611690
2052248669
2054250371
2059664020
2065572151
2066457549
2066690503
206847537
2070077813
2073428722
2075008771
2086064518
2098119424
2108373616
2139615267
2150258836
2151483419
2193450127
220848995
2213204344
2214304811
2249468250
225424867
2259953457
2262399718
2278300260
2321746112
2325976057
2346720731
2358873791
239013359
2401747250
2406346990
2409215920
241214955
2416096729
2429449840
2455574608
245582462
2457846513
2510442857
2512205429
2540088392
2540555599
2551171610
2553891341
2562282548
257247228
2643227467
2678476399
2684672206
2700019949
2744535457
2756610905
2761796445
2767139894
2780262994
2784860323
2833493825
2860893142
287252566
288774991
2898380590
2900979067
2902968774
2914557344
2933807403
2939475121
2951528198
295892356
2974667850
2998421367
300131930
3016613776
3032085022
3054274211
3054492523
3074212586
3101326714
3107641853
311372994
3116986204
3123268298
3127092300
3137403650
3138527574
3148393345
3158545179
3169988348
3178970324
3190150531
3193749549
3196557411
3198926483
3270426531
3284667120
3304790803
3322649804
3349021501
3354158362
3368645667
3374598185
3380330696
3398785319
3401393720
3419364538
342431328
3424850980
3437397808
344993670
3457403624
3493194600
3495613955
3501158607
3520768606
3539579827
3562779569
3567100199
3574813880
3598603122
3621431883
3624558144
3625737809
3627910790
3651534134
3661096390
3677004821
368538166
3705148088
3709764941
3715265102
3737843334
374930258
375944229
377029765
377146698
3786388772
3801944324
3808163092
3822247113
3851052775
3879350501
3889655708
3929715407
3959244383
3977422525
3983649974
4005053703
4013455222
40155876
4019828392
4019929216
403996463
4047247386
406186744
4066578298
4070584234
4092209306
4131557394
415045777
4151894410
4154132283
4167956788
4180827429
4192816520
4195720694
420659949
4217635083
4223359369
4224056367
4227122065
4230174395
4239599278
427275780
4278593147
430185190
437723313
478801923
48001702
482946401
495917804
519815079
53062295
543584686
556747510
558334009
598766990
607776236
618393910
637360413
642149909
653128544
67193643
672576643
675828114
68139503
682424865
692150921
694392777
713572179
71695210
721684282
743557177
744116650
74553992
745580321
750600957
757824104
774796542
786720776
804936538
810298177
812888212
831301428
835439370
835726746
846984015
852763233
868599686
906358750
91319634
929487717
965558397
980927957
988007946
991010783
993737579
