1045474704
1108602935
1227107660
1233162651
125221555
1304558267
1351402110
147727449
1576549695
157740739
1648601160
1740537518
1773467213
1883622083
2085905142
2205235496
2224629512
2368308468
2377369097
2413643183
2506538927
2534844567
2573399859
2578182188
2699715436
2707274684
2710085985
2733623302
2735447377
2823636221
284961530
289700571
3032380217
321799259
3327826004
3380443248
3401240709
3635791809
3684357240
3698309570
3754848251
3789462735
3802518943
385388932
3854528899
3880873747
3912267784
396629457
4056226149
4212283434
4226334019
4264700729
4281730529
44744672
463227881
480805982
584739006
659889407
821090518
971236923
989730693
99443889
