1065943148
1089431436
1105587922
1194122193
1221560318
1261875224
1363595507
1423025906
1508501799
1567642470
1595715269
1629624151
1630442021
1683128422
1716729240
1769063387
1863657644
1970864908
2124717340
2167882515
2221027758
2232577024
228995881
2329906035
2631633306
2635968941
2799933933
2802927695
2925745255
3116161906
3147270380
3202466969
3218072545
3244663763
3584447296
3628693088
3630068993
3705502799
3815018550
3822037483
3913849014
3969780210
3986650675
405321562
4146500247
4261459968
43511177
534473353
57844780
62817523
632570590
674056853
80400518
946064024
946652790
985413331
