1046310323
1121288922
1139008542
1207426614
1212354158
1302769246
1326628739
1335380584
1335451965
1358341579
1387240570
1436223959
1440475208
1460586854
146636090
1502530257
1509737956
1517975126
1563191644
1583234656
159556963
1635711165
1635751833
1645010272
1691082835
1694440361
1804629016
1804941791
1867580077
1885579311
1903197361
191709067
1929252371
1944478336
1975972880
2030523514
2044434528
2084395421
2125359294
2156179054
220283356
2209318099
226530260
2359898086
2395315041
2414024949
2428433246
2449360268
2457434546
253511045
2592501982
2628658197
2642504726
2676649153
2687893009
2799375176
2858710384
2898439273
2910527340
2932218020
3123372973
3334330053
3376492395
360505098
3629808011
3646154786
3678278911
3720477509
3784524385
3814909434
3841212602
3890062131
4000624432
4012006705
405989195
4148985348
4186029885
4228363851
4249910460
454916514
502150523
520908851
527955699
531927088
534368968
556704684
585911820
614201551
614809791
61808983
654483877
659554690
67836343
806149644
825059485
912514037
928968685
983037811
