1001512895
1079879346
1091304765
1262749509
1277073153
1313983466
1423836992
1430038251
1458825310
1547818333
1609423710
173852493
1816465538
1877700032
1888716884
1939803984
1940196449
201134623
2077058075
2243172082
22741428
2362247639
2415988874
2615655892
2745683756
2962379831
2966903310
3037938713
3059628731
3174771679
3224743681
3362995606
3370123520
3515839883
3544282473
3552210353
3571687401
3614530313
3688172987
3756206735
3857996500
3903824411
3991256026
4044786256
55541689
591176569
667519543
811508455
81203978
82076196
856809078
879857620
