103551587650793
111092292790726
113392727554900
149768739863835
158055453554836
169843489360929
173839748985791
199376950114841
203400304220464
203743724303800
211510377796411
227752362394409
228118102226973
229830529662181
233755344072479
242015343517971
244644624727588
24699678886596
250232100365108
253362502895738
259285107904138
262818201415846
264397582020292
26539577152491
277792927496611
28983351021488
33302606159218
3789740852142
47625980446294
52567550835026
54341200344557
76036972707636
