1061894911
1071395517
107344172
1074539285
1080791167
1085657093
1090255324
1097978713
1138279663
1139932408
1141657244
1215872930
1264592626
1279488492
1282243722
1287846756
1290808854
1295911929
1312680613
1338319153
1353405920
1368744736
1409539440
1411172062
1415759329
1435045983
1443287723
1476998009
1494645617
1494708487
1548231605
1576073792
1613822503
1634967440
1637912367
1691468331
1691537629
1701123431
1702515086
1721270542
172226365
1739696262
1769782410
1784347670
1797158799
1799097935
1815999612
1826155173
1831453090
1837309152
1842777589
1860510506
1876218704
193975007
1942175135
194836311
1960189256
1961156919
198012032
1985631873
2009415240
2019158093
2042891015
206450052
2066312514
2068563674
2112214080
2140037788
2152068317
2155763196
2155942776
2193161370
2195916531
2196459003
2203305502
222955005
2252665858
2264758287
228071137
2296181981
2298367179
2309791287
2318660955
2326124647
233971226
2340139845
2342006897
2346321125
2369964103
237353773
2377619079
2399056262
240194943
2423503878
24320723
244248098
2445351892
2469692018
2473533140
2499062710
2502358937
2545393086
2580419358
2617070977
2619264149
2622335980
2655218216
2659459835
2676032968
2676224023
2708157192
2714546526
2731121801
2736637550
2743690405
2744214713
2761974276
2774281365
28042567
280912647
2811222504
2815625697
2823157949
2828698107
2840123700
2844566162
284995331
2859695753
2875337383
2903233037
2903372901
2914639314
2927790979
3017357231
3032633192
3035040679
303693033
3059216901
3078601444
3080620660
3105297729
3113512535
3131463940
3139539877
3152447940
3156758950
3179009586
3228849037
323151562
3251225725
3259368081
3284824013
3310583033
3313768270
3325829857
3328124167
3332888917
3334241808
3335577445
3345541195
3345724790
3367075310
337299889
3381249865
3426046998
3428554655
3442278701
3453950013
3463910152
3471765743
3486033527
3509588711
3521845955
353388910
3537052882
35449186
355941251
3579680533
3583676038
3601341403
3624785758
3635182653
3642894059
365166703
3658059089
3663304386
3667463459
3672791920
3680529832
3686346178
3687768185
3700072902
3713851069
3723019151
3726629818
3738048427
3740289303
3750657632
3758873183
378021727
3785470766
3805858228
3812030104
3832321607
3838496531
3841944561
384704722
3847181341
3853540122
3862527467
387858825
3878606836
3908133921
3942663072
3946191175
3952511192
3955605919
3969079596
3981187741
3993806538
3996631286
4004968483
4015801758
4031054461
4036045649
4045864266
4055122810
4061948593
4113348762
4118321704
4120279282
4137714237
4153147459
4160013004
416276261
4173117992
4185076823
4186226050
4199801659
4205437088
4210588487
4212488800
4263039434
446081344
447536104
450306367
490389826
498790179
533401272
549080793
549749548
552131914
58970764
599331191
602862280
613869104
614128504
628250432
631424584
632837144
673434939
679879946
704059790
729434705
738427330
743092824
749352377
764565955
774566366
783412804
791561736
823755814
845945829
880460040
881620728
885360109
886619480
907822540
942543890
952524045
959001196
969477487
971256036
984737486
