101622980019261
109207044342558
118089505629954
122333231343779
128061825371678
140428497627925
146894703159950
149580407458058
15375956413214
155782540301843
156595889995398
160746651710237
161877204598532
163460643497933
166611383788602
171937727185468
174521847389076
190147973113488
195379250881302
197232159135800
205316258558188
207516098251708
21149796206887
213988568729563
214670829761004
218739329706744
232351040519789
249399499594761
253292722957535
253865779437253
256808671109895
257146463243264
262002801934889
263532903583449
274221839083408
275713582182562
279144760916257
34355326482649
40574737416910
40619508560299
41478002921981
45302805676869
47067644429708
47105482989199
47888976791558
5560935050871
55778087911597
70285016366011
76066071598116
83047405109371
84470788651699
92141530477845
93095800734229
9403750386547
99003897689285
99399435595222
