0
1
1001259247
1001259487
1004208607
1010434527
1011876199
1011876439
1012007391
1023398784
1023409664
1024328159
1031798784
1032189888
1032651231
1038352863
1047003375
1053557215
1069547592
1070006751
1070400686
1071055327
1072037888
1072038367
1073676767
1073743742
1073745420
1074530174
1074531252
1074531852
1076717586
1082095720
1082130428
1082130432
1082130436
1082130440
1082134624
1082134630
1082606517
1082606519
1082913376
1084031215
1084227584
1090453502
1090453503
1090453505
1090453568
1090454028
1090486223
1090519018
1090757082
1090757083
1091240415
1091567616
1092616192
1094602970
1094680522
1094680838
1094713342
1094713344
1097594818
1098592027
1098772382
1098872770
1098872771
1098874825
1098874872
1098874888
1098874931
1098874933
1098874934
1098874951
1098875142
1098921426
1098976835
1100690044
1100732476
1100988336
1100988410
1100988419
1100988547
1101003785
1101004828
1101102584
1102184447
1103085577
1103085594
1103085699
1105182720
1105182727
1105199102
1105199103
1105199104
1105216968
1105225318
1107165663
1107168180
1107296254
1107296256
11076063
1108607875
1116145414
1126082008
1127360618
1127425896
1127716056
1127727486
1127871734
1127946380
1127985129
1128147008
1128197348
1128219016
1128284542
1128399057
1128417276
1128452596
1128508132
1128616490
1128703989
1128754438
1128781718
1128806896
1128858079
1128873294
1128874406
1128935660
1128955143
1129066005
1129070976
1129070980
1129152452
1129305100
1129323322
1129368611
1129476830
1129638051
1129658760
1129708528
1129720937
1129746638
1129750449
1129974647
1130140410
1130160014
1130252694
1130287237
1130316895
1130350612
1130357302
1130388402
1130404278
1130447529
1130589017
1130681700
1130758521
1130762449
1130855121
1130913404
1130913406
1130959740
1130961620
1131015695
1131034039
1131098759
1131145091
1131192525
1131223621
1131237785
1131255322
1131277699
1131330454
1131332195
1131413626
1131469479
1131537230
1131603057
1131608502
1131701183
1131713007
1131800214
1131802134
1131816200
1131836452
1131851050
1131864510
1132011435
1132060980
1132085632
1132103088
1132118266
1132161192
1132210935
1132315023
1132320985
1132338040
1132340745
1132349954
1132359511
1132360446
1132384369
1132392398
1132399189
1132429272
1132470134
1132498706
1132536953
1132545036
1132561212
1132638857
1132652282
1132652297
1132655300
1132682457
1132685920
1132746315
1132757765
1132762004
1132762005
1132766194
1132798144
1132942926
1132984473
1133029317
1133054721
1133071868
1133076611
1133083266
1133094656
1133099730
1133105712
1133215674
1133215695
1133231470
1133245785
1133262156
1133267452
1133287502
1133298538
1133310611
1133311388
1133311729
1133313294
1133330818
1133353342
1133356001
1133356003
1133365085
1133369399
1133371487
1133381469
1133393505
1133399543
1133402537
1133415673
1133442319
1133448683
1133456812
1133459112
1133487386
1133508273
1133526243
1133530617
1133541379
1133549334
1133553512
1133558581
1133564538
1133565082
1133568730
1133573410
1133581688
1133586875
1133610718
1133621967
1133624815
1133628915
1133632271
1133633826
1133634046
1133644449
1133647282
1133657228
1133669488
1133672890
1133680389
1133699531
1133703561
1133708105
1133711032
1133718059
1133737770
1133737790
1133747056
1133763041
1133763937
1133776157
1133792760
1133807460
1133835349
1133835819
1133845036
1133848307
1133850182
1133861154
1133888923
1133888932
1133889398
1133903728
1133918881
1133936055
1133945915
1133948740
1133957128
1133958558
1133962850
1133969064
1133975542
1133981604
1133987963
1134001552
1134003024
1134010378
1134015344
1134016284
1134023978
1134040233
1134044440
1134051521
1134052364
1134054535
1134076917
1134077958
1134092433
1134098616
1134103445
1134106872
1134109908
1134112240
1134131781
1134143775
1134143798
1134145474
1134152739
1134154750
1134156218
1134157315
1134159477
1134171931
1134175954
1134196310
1134198165
1134198982
1134200156
1134206683
1134234046
1134239596
1134262469
1134305999
1134329169
1134339138
1134346169
1134351192
1134353149
1134354368
1134356544
1134358440
1134363596
1134381000
1134381447
1134411373
1134443788
1134445023
1134453529
1134469085
1134489613
1134497945
1134499541
1134502118
1134509169
1134515200
1134519455
1134526368
1134531402
1134532926
1134585130
1134593495
1134598300
1134617012
1134652703
1134653546
1134677161
1134693231
1134723058
1134750065
1134774871
1134778629
1134788843
1134808448
1134808567
1134828009
1134828885
1134848542
1134859309
1134859324
1134862070
1134862080
1134893841
1134914594
1134925447
1134939404
1134988005
1135033218
1135036764
1135048800
1135069908
1135089334
1135122344
1135173718
1135186467
1135232892
1135248998
1135266427
1135267316
1135290293
1135332848
1135395000
1135418179
1135438495
1135460166
1135496688
1135517640
1135572112
1135576426
1135588496
1135663838
1135673045
1135694413
1135696218
1135817747
1135858416
1135889906
1135958072
1135974270
1135997432
1136043774
1136090112
1136090115
1136090120
1136159625
1136321819
1136344992
1136460846
1136530352
1136553522
1136623035
1136646205
1136854738
1136985654
1136987841
1137015474
1137016936
1137115350
1137434007
1137574367
1137619367
1138622943
1138963247
1139194951
1149436383
1149471753
1149567455
1149790347
1149819311
1149894614
1149917784
1149929370
1149946745
1149969916
1149969918
1149975711
1150010465
1150045220
1150056807
1150072574
1150085769
1150097356
1150132112
1150138720
1150155278
1150184243
1150229386
1150236377
1150271131
1150288511
1150294304
1150295496
1150299030
1150300095
1150300594
1150302882
1150305889
1150317218
1150327940
1150328318
1150328651
1150329286
1150342395
1150345382
1150348736
1150350933
1150353377
1150354052
1150354424
1150354425
1150355483
1150356070
1150356748
1150361527
1150362682
1150366197
1150367142
1150373444
1150374311
1150375291
1150379405
1150381099
1150385210
1150385817
1150388193
1150390247
1150393412
1150397036
1150404623
1150409942
1150410686
1150424481
1150428440
1150430479
1150432805
1150434954
1150438114
1150442225
1150447043
1150447631
1150447787
1150448670
1150451141
1150458778
1150461197
1150462633
1150463349
1150466452
1150467016
1150470722
1150471628
1150479746
1150486597
1150500726
1150509233
1150520214
1150522848
1150529385
1150531661
1150540837
1150547574
1150548048
1150552678
1150560568
1150570640
1150571588
1150574919
1150576695
1150580249
1150583369
1150584211
1150595756
1150602839
1150606704
1150615592
1150620676
1150623337
1150628541
1150632167
1150636103
1150642350
1150643044
1150646648
1150648036
1150648893
1150651143
1150651922
1150655249
1150656654
1150664545
1150671978
1150675257
1150676754
1150677330
1150680443
1150680546
1150682405
1150687242
1150688850
1150702181
1150706202
1150706287
1150707186
1150713222
1150722954
1150757714
1150758726
1150765565
1150769298
1150774194
1150782286
1150782409
1150787573
1150787725
1150796938
1150805692
1150809379
1150824027
1150827221
1150850394
1150853914
1150855085
1150863298
1150870207
1150878003
1150879357
1150885147
1150885302
1150889099
1150890941
1150890943
1150892859
1150899166
1150913027
1150913974
1150914299
1150919905
1150923647
1150925698
1150930589
1150935004
1150942986
1150943075
1150954661
1150968788
1150989416
1151001001
1151003197
1151003892
1151012584
1151021227
1151022656
1151041548
1151047340
1151070511
1151111059
1151122644
1151122646
1151163194
1151176339
1151192156
1151215327
1151238498
1151244290
1151255874
1151255875
1151261667
1151267460
1151270418
1151308008
1151313801
1151319592
1151344145
1151352337
1151354349
1151368208
1151368509
1151370447
1151370748
1151371727
1151376321
1151376324
1151380621
1151394898
1151412275
1151442449
1151460560
1151499794
1151529560
1151543648
1151556021
1151582500
1151583614
1151586741
1151620470
1151669137
1151675396
1151684528
1151696201
1151707311
1151709489
1151713490
1151726429
1151741430
1151794703
1151802350
1151809038
1151827297
1151831025
1151840483
1151853384
1151854970
1151859967
1151877284
1151877398
1151877701
1151881666
1151884613
1151895515
1151900043
1151906845
1151921706
1151923380
1151950352
1151966736
1151986354
1152038889
1152048655
1152062707
1152080087
1152091670
1152098458
1152130696
1152163675
1152177905
1152190660
1152201062
1152205598
1152242459
1152244289
1152250063
1152254910
1152259446
1152264143
1152297171
1152297176
1152303023
1152328833
1152359721
1152375509
1152385192
1152387094
1152390207
1152395674
1152398673
1152401783
1152402596
1152462398
1152486237
1152488258
1152490020
1152500919
1152526354
1152530049
1152536035
1152550244
1152569730
1152574865
1152578247
1152586187
1152591378
1152601100
1152647762
1152652594
1152665306
1152674978
1152679336
1152703867
1152711480
1152711481
1152722989
1152727770
1152783894
1152838918
1152850504
1152852245
1152956343
1153109690
1153141567
1153148210
1153148511
1153150451
1153150752
1153156324
1153156327
1153160625
1153173302
1153189686
1153320578
1153336025
1153345333
1153362504
1153363618
1153366745
1153400475
1153449141
1153476206
1153484597
1153487315
1153489491
1153521432
1153558324
1153589042
1153607300
1153611029
1153620486
1153633386
1153634974
1153657287
1153657403
1153657706
1153661671
1153686849
1153701710
1153703384
1153763124
1153766358
1153818893
1157169631
1162086150
1169031647
1169819398
1173553631
117902260
1182859503
1182859743
1184302854
1190789359
1190789599
1191644084
1194132355
1199702495
1219559903
1219822047
1219822527
1232536031
1233715679
1242563039
1244071686
1252655583
1252656063
1270153695
1278148847
1286013407
1292570124
1296042333
130810335
1311772172
1313
1324286431
1328416518
1329791215
1329791455
133890527
1344930990
1354301559
1361904095
1362493679
1362493919
1362494339
1391526127
1391984879
1391985119
1395720431
140116447
1411514847
1415187081
1416298975
1420755423
1422721503
1424950446
143079473
1431634159
1431634399
1436811503
1456275935
1457127903
1465844191
1479344607
1485636063
1501626847
150274527
1512898799
1521418479
1534066927
1534067167
1541603807
1547305439
1550909919
1561199071
1565130871
158335455
1583874287
1584333279
1584333759
1584988639
1588527583
1596720902
1598947567
1599930607
1601832410
1603798190
1603798790
1606877663
1608908800
1608909279
1610547679
1610613215
1610614654
1610616332
1611401086
1611402764
1614610911
1620902127
1628111327
1630142943
1632501819
1633222895
1636040943
1636303087
1639973343
1644036575
1644039092
1645478787
1651835359
1653016326
1655374063
1660027359
1665926079
167248351
1675493855
16777217
1678377199
1678377439
1678574047
1696989663
1705902559
1710424543
1718943983
1718944223
1736573407
1756430815
1762853163
1765998711
1779433951
1780942598
1788477679
178913519
178913759
1789526255
1789526495
1791427039
1808597231
1808597471
1810956527
1815019999
1816396015
1829441036
1832913245
1833107935
1836122351
1841926314
1843528159
1855848927
1859518703
1859977695
1861157343
1881801902
1889272707
1898775007
189989343
190054639
190054879
190055359
1903232774
1952057993
1953169887
1958412767
1958805983
1963196655
1968505311
1968506630
1979580895
200081887
2002584031
2007040239
2007040479
2007040599
2014502296
2016215519
2017263855
2022506975
2025849311
204407263
204669407
2055537119
2055537838
2078474719
2079064543
2087846367
2101871071
210436575
2104755974
2104756273
2105608541
2111584305
2112750766
2121204191
2121204671
2121859551
2125398495
2125660399
2125660639
2136015327
2147418591
2147549663
2147550622
2147551102
2147552180
2147552780
2148337534
2148339212
2148533123
2151547359
2156331487
2157838575
2162426335
2168586719
2182415235
2186019055
2186019295
2189952774
2208039391
222691567
2233926111
2241528047
2241528287
2260992479
2268988590
2268989190
2269642752
2272002287
2272068063
2277088634
2317879046
2326462943
232915423
2340291039
2343961055
2346451423
234817286
2351956447
2360541663
2360607199
2375221727
238030348
2380464607
2392785375
2396455151
2398093791
2409300207
2426077663
2426209155
2435711455
2450981343
2467561711
2467561951
2467564169
2470904047
2470905606
2481324511
2482241775
2486501855
2487681503
2494759151
2495349215
2504983007
2505375983
2505376223
2505441519
2505441759
2516517343
2518548959
2522677487
2525757440
2530935023
2530935263
2540372447
2542142638
2553151967
257
2579497199
2588082655
2615411167
2624782815
2626617823
2631401951
263324127
2638807519
2642544989
2655453423
2658795999
2659057903
2662334943
2666594543
2666594783
2677277870
2679111919
2684355039
2684356358
2684420575
2684421534
2684422014
2684423092
2688352735
2691367151
2691367391
2693202399
2699297247
2701918687
2703687919
2709848543
2734096623
274399711
2744910303
2755658207
2768437487
2768437727
2770665711
2770797023
2777678063
2777678303
277872879
277873119
2791573853
2805137647
2806513664
2834563311
28418
2850619871
2853175535
2853175775
2861236703
2861237183
2863333855
2877161951
2888827359
2897674479
2897674719
2914189551
2915172831
2917335519
2933326063
2945188319
2948792799
2948858095
2962948575
2963080067
296617134
2987000287
2987786479
2994536687
3001024751
3018195423
3018260959
3019112687
3026977247
3028484575
3032220127
3042312671
3042313990
3045064704
3053388255
3055419871
3061841920
3062628352
3077243359
3079013550
3079865219
3085828335
3090022879
3091071455
3101884895
3124953567
3127051438
3127052637
312869343
3134914560
3137282048
3149939461
316015071
3161653727
3168272863
3171363584
317456863
3175678431
319095023
319619551
320471279
3204914912
3205930904
3214148063
3216704248
3217621111
3217621471
3219587072
3219587551
3221225472
3221225951
3221292206
3221292446
3221292506
3221292926
3221294004
3228565500
3229618354
3229681550
3229682065
3229820288
3230073311
3232367071
3232563679
3235498359
3235840280
3236168159
3237998475
3238002688
3238035447
3238035448
3238035449
3238789599
324010463
3240559071
3243245807
3245670519
3255304671
3259040223
3269001695
3275293151
3281781215
3292529119
3304196145
3319791855
3319792095
3320121094
3328444765
3343384576
3352101103
3352101343
3352297951
3354788079
3354788319
3367371231
3367371711
3387490783
3388539359
3398107615
3398108095
3400204767
340132319
34013663
3414032863
3419144431
342557151
3425698031
3429268937
3434283487
3454206431
3456108294
347013599
347209967
3482059231
3485663711
3495690719
3499819487
351208622
3523871199
3531407599
3539206623
3545301471
3555066335
357892575
3579183583
35848671
3585606531
3592290783
3599499264
3604677087
3612344559
3613393375
3614114271
3615884462
3626893791
3633185247
363528671
3638755807
3641901295
3641901535
3649634783
3650814431
3655730051
3661824479
3663593951
366543087
366543327
3669885047
3672113391
3687776495
3687776735
3687777155
368968159
3697082847
3702980847
3704881631
3707044079
3707044319
3708485871
3712549343
3713664474
3717923055
3725066359
3730834127
3735683551
3737552174
3740270831
3747479791
3750494208
3751018975
3754426847
3756457984
3756458463
3758096384
3758096863
3758162399
3758163718
3758164317
3760062703
3760259191
3760259971
3760324847
376504559
3765109215
3769237983
3769434351
3770024415
3770155247
3770155487
377094263
377094383
3771400671
3775660511
3783590127
3788570863
3790537183
3794010591
3795518039
3795911135
3799384543
3805872607
3807576543
3809935839
3813475263
3813671151
3821535351
382534111
3826123231
383385839
383386079
3838575071
3841067057
384106975
385614063
3862168031
3864985839
3888972015
3888972255
3892052447
3922395255
3924361695
3925475567
3934978527
3934979007
3937075679
3948151263
3948216559
3948216799
3948217279
3948609775
3962569183
3962831327
3968598495
3969777783
3988914655
3991077343
3992979206
4018930143
4021486047
4022534623
4032561631
4054779054
4068278511
4071031263
4074176991
4082172383
409141487
4110745839
4116054495
4116055814
4116056413
411894239
4127130079
4139516203
4142268895
4175626719
4187685343
4194828527
4199547119
4199547359
4200464863
4215408390
4218880239
4218880479
4228186351
4228186591
4233298399
4238215217
4238737887
4241883375
4252172767
4252174685
4262397702
4272554463
427885023
428343775
4287365120
4287889887
4291297759
429523423
43494
442302943
457246470
457703903
462356599
467730671
473563615
475136479
47710687
479
480575967
487457247
487719151
49021827
493551855
494010847
494012765
496717012
500971569
511377887
517537911
519045359
524943599
529203200
531562735
533135839
536805615
536805855
536871391
536873309
537659262
537660340
53936607
542441711
55116255
554369503
562299359
565708550
572719583
590479599
591987167
59459
600703455
612565471
620298719
625215238
632160735
63832543
640877023
654773172
663093427
667681247
670761439
673121454
673122054
680591539
682688991
68420063
685834479
692584567
694224346
704905695
705692127
715784431
715784671
725549295
726860255
726925551
726925791
726926271
741278175
741540319
749404639
755699212
75694559
769655023
769786335
774901260
786235871
788350
789428
800195039
802226415
808060078
808583647
821493999
83034471
833488046
83427807
849740255
852885983
861405423
871826307
878316169
88344326
883884511
885850591
888079534
888472750
888473350
894763487
905839071
905969664
910163968
914358272
916324591
916324831
918552576
919405023
920977887
922746880
923271168
924844032
92733919
931135488
933232640
935329792
935854080
936116703
940179935
948765151
964755935
990057088
994117382
994574815
