0
1
1001259247
1001259487
1004208607
1010434527
1011876199
1011876439
1012007391
1023398784
1023409664
1024328159
1031798784
1032189888
1032651231
1038352863
1047003375
1053557215
1069547592
1070006751
1070400686
1071055327
1072037888
1072038367
1073676767
1073743742
1073745420
1074530174
1074531252
1074531852
1076717586
1082095720
1082130428
1082130432
1082130436
1082130440
1082134624
1082134630
1082606517
1082606519
1082913376
1084031215
1084227584
1090453502
1090453503
1090453505
1090453568
1090454028
1090486223
1090519018
1090757082
1090757083
1091240415
1091567616
1092616192
1094602970
1094680522
1094680838
1094713342
1094713344
1097594818
1098592027
1098772382
1098872770
1098872771
1098874825
1098874872
1098874888
1098874931
1098874933
1098874934
1098874951
1098875142
1098921426
1098976835
1100690044
1100732476
1100988336
1100988410
1100988419
1100988547
1101003785
1101004828
1101102584
1102184447
1103085577
1103085594
1103085699
1105182720
1105182727
1105199102
1105199103
1105199104
1105216968
1105225318
1107165663
1107168180
1107296254
1107296256
11076063
1108607875
1116145414
1124804292
1126082902
1126148180
1126438340
1126449770
1126594018
1126668664
1126707413
1126869292
1126919632
1126941300
1127006826
1127121341
1127139559
1127174880
1127230418
1127338774
1127426273
1127476720
1127504002
1127529180
1127595578
1127596690
1127657944
1127677427
1127788289
1127793260
1127793264
1127874736
1128027384
1128045606
1128090895
1128199114
1128360335
1128381043
1128430812
1128443221
1128468923
1128472733
1128696931
1128858079
1128862694
1128882298
1128974978
1129009521
1129039179
1129072898
1129079586
1129110686
1129126562
1129169813
1129311301
1129403984
1129480804
1129484733
1129577405
1129635688
1129635690
1129682024
1129683904
1129737979
1129756323
1129821043
1129867375
1129914809
1129945903
1129960069
1129977606
1129999983
1130052738
1130054479
1130135909
1130191763
1130259514
1130325341
1130330786
1130423467
1130435291
1130522498
1130524418
1130538484
1130558736
1130573334
1130586794
1130733719
1130783264
1130807916
1130825372
1130840550
1130883476
1130933219
1131037308
1131043269
1131060324
1131063029
1131072238
1131081795
1131082730
1131106653
1131114682
1131121473
1131151556
1131200472
1131257615
1131334111
1131350276
1131382626
1131537918
1131564768
1131564798
1131570805
1131625118
1131632044
1131752834
1131775733
1131784209
1131784211
1131792592
1131856492
1132146056
1132229150
1132318838
1132369645
1132403940
1132413425
1132426736
1132449515
1132459664
1132466854
1132576816
1132576837
1132592612
1132606927
1132623297
1132628594
1132648644
1132659680
1132671753
1132672530
1132672871
1132674436
1132691960
1132714484
1132717143
1132717145
1132726227
1132730541
1132732629
1132742611
1132754647
1132760685
1132763679
1132776815
1132803461
1132809825
1132817954
1132820254
1132848528
1132869415
1132887385
1132891759
1132902521
1132910476
1132914654
1132919723
1132925680
1132926224
1132929872
1132934552
1132942830
1132948017
1132971860
1132983109
1132985957
1132990057
1132993413
1132994968
1132995188
1133005591
1133008424
1133018370
1133030630
1133034032
1133041531
1133060673
1133064703
1133069247
1133072174
1133079201
1133098912
1133098932
1133108198
1133124183
1133125079
1133137299
1133153902
1133168602
1133196491
1133196961
1133206178
1133209449
1133211324
1133222296
1133250065
1133250074
1133250539
1133264870
1133280023
1133297197
1133307057
1133309882
1133318270
1133319700
1133323992
1133330206
1133336684
1133342746
1133349105
1133362694
1133364166
1133371520
1133376486
1133377426
1133385120
1133401375
1133405582
1133412663
1133413506
1133415677
1133438059
1133439100
1133453575
1133459758
1133464587
1133468014
1133471050
1133473382
1133492923
1133504917
1133504940
1133506616
1133513881
1133515892
1133517360
1133518457
1133520619
1133533073
1133537096
1133557452
1133559307
1133560124
1133561298
1133567825
1133595188
1133600738
1133623611
1133667141
1133690311
1133700280
1133707311
1133712334
1133714291
1133715510
1133717686
1133719582
1133724738
1133742142
1133742589
1133772515
1133804930
1133806165
1133814671
1133830227
1133850755
1133859087
1133860683
1133863260
1133870311
1133876342
1133880597
1133887510
1133892544
1133894068
1133946272
1133954637
1133959442
1133978154
1134013845
1134014688
1134038303
1134054373
1134084200
1134111207
1134136013
1134139771
1134149985
1134169590
1134169709
1134189151
1134190027
1134209684
1134220451
1134220466
1134223212
1134223222
1134254983
1134275736
1134286589
1134300546
1134349147
1134394360
1134397906
1134409942
1134431050
1134450476
1134483486
1134534860
1134547609
1134594034
1134610140
1134627569
1134628458
1134651435
1134693990
1134756142
1134779321
1134799637
1134821308
1134857830
1134878782
1134933254
1134937568
1134949638
1135024980
1135034187
1135055555
1135057360
1135178889
1135219558
1135251048
1135319214
1135335412
1135358574
1135404916
1135451254
1135451257
1135451262
1135520767
1135682961
1135706134
1135821988
1135891494
1135914664
1135984177
1136007347
1136215880
1136346796
1136348983
1136376616
1136378078
1136476492
1136795149
1136980509
1137574367
1138324389
1138556093
1138622943
1147787353
1148424540
1148482469
1148633074
1148679415
1148702586
1148737338
1148783677
1148783682
1148795268
1148864776
1148934286
1148957460
1148988994
1149015384
1149038557
1149108069
1149121285
1149154403
1149212331
1149270957
1149277948
1149312702
1149330081
1149335875
1149337067
1149340601
1149341665
1149342165
1149344453
1149347460
1149358789
1149369511
1149369889
1149370222
1149370856
1149383966
1149386953
1149390307
1149392503
1149394948
1149395623
1149395995
1149395996
1149397054
1149397641
1149398319
1149403098
1149404253
1149407768
1149408713
1149415015
1149415882
1149416862
1149420976
1149422670
1149426781
1149427388
1149429764
1149431818
1149434983
1149436383
1149438606
1149446194
1149451513
1149452257
1149466052
1149470010
1149472050
1149474375
1149476524
1149479685
1149483796
1149488614
1149489202
1149489358
1149490241
1149492712
1149500349
1149502768
1149504204
1149504920
1149508023
1149508587
1149512293
1149513199
1149521317
1149528168
1149542298
1149550804
1149561785
1149564419
1149567455
1149570955
1149573231
1149582408
1149589145
1149589619
1149594249
1149602139
1149612211
1149613159
1149616490
1149618266
1149621820
1149624940
1149625782
1149637327
1149644410
1149648275
1149657163
1149662246
1149664908
1149670112
1149673738
1149677674
1149683921
1149684615
1149688219
1149689607
1149690464
1149692714
1149693493
1149696820
1149698225
1149706116
1149713549
1149716828
1149718325
1149718901
1149722014
1149722117
1149723976
1149728813
1149730421
1149743752
1149747773
1149747858
1149748757
1149754793
1149764525
1149799285
1149800297
1149807136
1149810869
1149815765
1149823857
1149823980
1149829144
1149829296
1149838509
1149847263
1149850950
1149865598
1149868792
1149891965
1149895485
1149896656
1149904869
1149911778
1149919574
1149920928
1149926718
1149926873
1149930670
1149932512
1149932514
1149934430
1149940736
1149954598
1149955545
1149955870
1149961476
1149965218
1149967269
1149972160
1149976575
1149984557
1149984647
1149996232
1150010359
1150030987
1150042572
1150044768
1150045464
1150054155
1150062798
1150064227
1150083119
1150088911
1150112082
1150152630
1150164216
1150164217
1150204765
1150217910
1150233727
1150256898
1150280069
1150285861
1150297446
1150303238
1150309031
1150311989
1150349579
1150355372
1150361164
1150385716
1150393907
1150395920
1150409778
1150410079
1150412018
1150412319
1150413298
1150417892
1150417895
1150422192
1150436469
1150453846
1150484020
1150502131
1150541365
1150571131
1150585219
1150597592
1150624071
1150625185
1150628312
1150662041
1150710708
1150716967
1150726098
1150726099
1150737772
1150748882
1150751059
1150755061
1150768000
1150783000
1150836274
1150843921
1150850609
1150868867
1150872596
1150882053
1150894954
1150896541
1150901538
1150918855
1150918969
1150919272
1150923237
1150926184
1150937085
1150941614
1150948416
1150963277
1150964951
1150991923
1151008307
1151027924
1151080460
1151090226
1151104278
1151121658
1151133241
1151140029
1151172267
1151205246
1151219476
1151232231
1151242633
1151247169
1151284031
1151285861
1151291634
1151296482
1151301018
1151305713
1151338742
1151338747
1151344593
1151370404
1151401292
1151417080
1151426763
1151428665
1151431778
1151437246
1151440244
1151443354
1151444167
1151503969
1151527807
1151529829
1151531591
1151542490
1151567926
1151571621
1151577606
1151591815
1151611301
1151616436
1151619818
1151627758
1151632949
1151642670
1151689333
1151694165
1151706877
1151716550
1151720907
1151745439
1151753052
1151764560
1151769342
1151825465
1151880489
1151892075
1151893816
1151997914
1152151261
1152183138
1152189781
1152190082
1152192023
1152192324
1152197895
1152197898
1152202196
1152214873
1152231257
1152362148
1152377596
1152386903
1152404075
1152405189
1152408316
1152442047
1152490712
1152517777
1152526167
1152528887
1152531062
1152563003
1152599895
1152630613
1152648871
1152652600
1152662057
1152674957
1152676545
1152698858
1152698974
1152699277
1152703242
1152728420
1152743282
1152744956
1152804694
1152807929
1152860464
1157169631
1162086150
1169031647
1169819398
1173553631
117902260
1182859503
1182859743
1184302854
1190789359
1190789599
1191644084
1194132355
1199702495
1219559903
1219822047
1219822527
1232536031
1233715679
1242563039
1244071686
1252655583
1252656063
1270153695
1278148847
1286013407
1292570124
1296042333
130810335
1311772172
1313
1324286431
1328416518
1329791215
1329791455
133890527
1344930990
1354301559
1361904095
1362493679
1362493919
1362494339
1391526127
1391984879
1391985119
1395720431
140116447
1411514847
1415187081
1416298975
1420755423
1422721503
1424950446
143079473
1431634159
1431634399
1436811503
1456275935
1457127903
1465844191
1479344607
1485636063
1501626847
150274527
1512898799
1521418479
1534066927
1534067167
1541603807
1547305439
1550909919
1561199071
1565130871
158335455
1583874287
1584333279
1584333759
1584988639
1588527583
1596720902
1598947567
1599930607
1601832410
1603798190
1603798790
1606877663
1608908800
1608909279
1610547679
1610613215
1610614654
1610616332
1611401086
1611402764
1614610911
1620902127
1628111327
1630142943
1632501819
1633222895
1636040943
1636303087
1639973343
1644036575
1644039092
1645478787
1651835359
1653016326
1655374063
1660027359
1665926079
167248351
1675493855
16777217
1678377199
1678377439
1678574047
1696989663
1705902559
1710424543
1718943983
1718944223
1736573407
1756430815
1762853163
1765998711
1779433951
1780942598
1788477679
178913519
178913759
1789526255
1789526495
1791427039
1808597231
1808597471
1810956527
1815019999
1816396015
1829441036
1832913245
1833107935
1836122351
1841926314
1843528159
1855848927
1859518703
1859977695
1861157343
1881801902
1889272707
1898775007
189989343
190054639
190054879
190055359
1903232774
1952057993
1953169887
1958412767
1958805983
1963196655
1968505311
1968506630
1979580895
200081887
2002584031
2007040239
2007040479
2007040599
2014502296
2016215519
2017263855
2022506975
2025849311
204407263
204669407
2055537119
2055537838
2078474719
2079064543
2087846367
2101871071
210436575
2104755974
2104756273
2105608541
2111584305
2112750766
2121204191
2121204671
2121859551
2125398495
2125660399
2125660639
2136015327
2147418591
2147549663
2147550622
2147551102
2147552180
2147552780
2148337534
2148339212
2148533123
2151547359
2156331487
2157838575
2162426335
2168586719
2182415235
2186019055
2186019295
2189952774
2208039391
222691567
2233926111
2241528047
2241528287
2260992479
2268988590
2268989190
2269642752
2272002287
2272068063
2277088634
2317879046
2326462943
232915423
2340291039
2343961055
2346451423
234817286
2351956447
2360541663
2360607199
2375221727
238030348
2380464607
2392785375
2396455151
2398093791
2409300207
2426077663
2426209155
2435711455
2450981343
2467561711
2467561951
2467564169
2470904047
2470905606
2481324511
2482241775
2486501855
2487681503
2494759151
2495349215
2504983007
2505375983
2505376223
2505441519
2505441759
2516517343
2518548959
2522677487
2525757440
2530935023
2530935263
2540372447
2542142638
2553151967
257
2579497199
2588082655
2615411167
2624782815
2626617823
2631401951
263324127
2638807519
2642544989
2655453423
2658795999
2659057903
2662334943
2666594543
2666594783
2677277870
2679111919
2684355039
2684356358
2684420575
2684421534
2684422014
2684423092
2688352735
2691367151
2691367391
2693202399
2699297247
2701918687
2703687919
2709848543
2734096623
274399711
2744910303
2755658207
2768437487
2768437727
2770665711
2770797023
2777678063
2777678303
277872879
277873119
2791573853
2805137647
2806513664
2834563311
28418
2850619871
2853175535
2853175775
2861236703
2861237183
2863333855
2877161951
2888827359
2897674479
2897674719
2914189551
2915172831
2917335519
2933326063
2945188319
2948792799
2948858095
2962948575
2963080067
296617134
2987000287
2987786479
2994536687
3001024751
3018195423
3018260959
3019112687
3026977247
3028484575
3032220127
3042312671
3042313990
3045064704
3053388255
3055419871
3061841920
3062628352
3077243359
3079013550
3079865219
3085828335
3090022879
3091071455
3101884895
3124953567
3127051438
3127052637
312869343
3134914560
3137282048
3149939461
316015071
3161653727
3168272863
3171363584
317456863
3175678431
319095023
319619551
320471279
3204914912
3205930904
3214148063
3216704248
3217621111
3217621471
3219587072
3219587551
3221225472
3221225951
3221292206
3221292446
3221292506
3221292926
3221294004
3228565500
3229618354
3229681550
3229682065
3229820288
3230073311
3232367071
3232563679
3235498359
3235840280
3236168159
3237998475
3238002688
3238035447
3238035448
3238035449
3238789599
324010463
3240559071
3243245807
3245670519
3255304671
3259040223
3269001695
3275293151
3281781215
3292529119
3304196145
3319791855
3319792095
3320121094
3328444765
3343384576
3352101103
3352101343
3352297951
3354788079
3354788319
3367371231
3367371711
3387490783
3388539359
3398107615
3398108095
3400204767
340132319
34013663
3414032863
3419144431
342557151
3425698031
3429268937
3434283487
3454206431
3456108294
347013599
347209967
3482059231
3485663711
3495690719
3499819487
351208622
3523871199
3531407599
3539206623
3545301471
3555066335
357892575
3579183583
35848671
3585606531
3592290783
3599499264
3604677087
3612344559
3613393375
3614114271
3615884462
3626893791
3633185247
363528671
3638755807
3641901295
3641901535
3649634783
3650814431
3655730051
3661824479
3663593951
366543087
366543327
3669885047
3672113391
3687776495
3687776735
3687777155
368968159
3697082847
3702980847
3704881631
3707044079
3707044319
3708485871
3712549343
3713664474
3717923055
3725066359
3730834127
3735683551
3737552174
3740270831
3747479791
3750494208
3751018975
3754426847
3756457984
3756458463
3758096384
3758096863
3758162399
3758163718
3758164317
3760062703
3760259191
3760259971
3760324847
376504559
3765109215
3769237983
3769434351
3770024415
3770155247
3770155487
377094263
377094383
3771400671
3775660511
3783590127
3788570863
3790537183
3794010591
3795518039
3795911135
3799384543
3805872607
3807576543
3809935839
3813475263
3813671151
3821535351
382534111
3826123231
383385839
383386079
3838575071
3841067057
384106975
385614063
3862168031
3864985839
3888972015
3888972255
3892052447
3922395255
3924361695
3925475567
3934978527
3934979007
3937075679
3948151263
3948216559
3948216799
3948217279
3948609775
3962569183
3962831327
3968598495
3969777783
3988914655
3991077343
3992979206
4018930143
4021486047
4022534623
4032561631
4054779054
4068278511
4071031263
4074176991
4082172383
409141487
4110745839
4116054495
4116055814
4116056413
411894239
4127130079
4139516203
4142268895
4175626719
4187685343
4194828527
4199547119
4199547359
4200464863
4215408390
4218880239
4218880479
4228186351
4228186591
4233298399
4238215217
4238737887
4241883375
4252172767
4252174685
4262397702
4272554463
427885023
428343775
4287365120
4287889887
4291297759
429523423
43494
442302943
457246470
457703903
462356599
467730671
473563615
475136479
47710687
479
480575967
487457247
487719151
49021827
493551855
494010847
494012765
496717012
500971569
511377887
517537911
519045359
524943599
529203200
531562735
533135839
536805615
536805855
536871391
536873309
537659262
537660340
53936607
542441711
55116255
554369503
562299359
565708550
572719583
590479599
591987167
59459
600703455
612565471
620298719
625215238
632160735
63832543
640877023
654773172
663093427
667681247
670761439
673121454
673122054
680591539
682688991
68420063
685834479
692584567
694224346
704905695
705692127
715784431
715784671
725549295
726860255
726925551
726925791
726926271
741278175
741540319
749404639
755699212
75694559
769655023
769786335
774901260
786235871
788350
789428
800195039
802226415
808060078
808583647
821493999
83034471
833488046
83427807
849740255
852885983
861405423
871826307
878316169
88344326
883884511
885850591
888079534
888472750
888473350
894763487
905839071
905969664
910163968
914358272
916324591
916324831
918552576
919405023
920977887
922746880
923271168
924844032
92733919
931135488
933232640
935329792
935854080
936116703
940179935
948765151
964755935
990057088
994117382
994574815
