103551587650793
10358741729385
112464126884748
122711649680610
125154272543636
131643445632340
142754904079364
151580523270477
158904067847008
164839553788545
168521213558837
168651427787296
168992652097891
172747543343023
176773394912871
178912736258344
194861482003569
196693213267357
198243908529118
199833422900628
201110351242294
211199646898526
213809342768042
214506168604243
214914734008875
21498020381381
221978580717347
229556723501134
231162550955012
23265859226379
245260224586465
247434003794920
252762148770001
267017849118686
268601744933485
33963865118962
35602155744819
38121875956035
45443033100916
49324675242407
51416057820555
57148691779654
60177055309216
62788128644718
69951085863844
72387638395826
76255658320767
78630178725417
79571811894724
82456340942088
99146993378318
