1046901563
1106844602
1115474556
112398288
1140395225
1220257913
1348847587
1348971323
1405973704
1410772200
147951281
1480320680
1524959198
1557107022
1624978674
1686597144
1734085685
1772617189
1829968802
1884939204
1981200976
2032526190
2041076270
2120635355
2122131034
216960131
2213470008
2230285416
2285031320
228832226
2346465443
2516562188
2544875329
2587538733
2611011498
2655917428
2664909899
2743342591
2860712601
3093451293
3149754165
3151078077
3217663266
3227309322
3372862744
3410413850
3480873314
3558839581
3761651386
390446870
3959407722
4048519807
4066391495
4066738282
4077357261
4143290342
4173341959
526550554
596698227
602250641
666117931
706001191
732167090
73908765
793475083
801282853
884477508
