203000540209048
265877689872658
206458405922284
103360465259828
149816571845360
153015114954032
72475356961633
196028178474406
224588224076512
133397691124599
17924703695118
222895439906815
104110600175135
117210907502290
237340768074034
178812805837733
42966604832612
74507532576007
29460396039140
271519992585979
230536438550553
211458985437683
179882185486065
263616445901004
65225348346366
185714760207897
199746711366438
69726614761852
81155898650861
10182098405874
108228991558494
184456398822718
156167472495442
125185955641056
173115117691154
160773256362030
76262800543470
50420371725137
221539812525443
252084484874537
254846082389938
152182297080558
197834491055477
141414928512538
27404770859983
80602360639966
137478209137738
50781934601487
267130263663464
232945424004605
251966059569080
115231201648554
52643539300598
185451201784021
21321766245639
48638069927408
194351259321875
37119063787086
174295402062259
241441015680940
28616200563387
149580407458058
47888976791558
178156210944657
146175962510374
155442221896353
136316043791846
167195867982767
183265422769401
239033655227814
18350275249513
280101269458460
129446021300095
18583652203862
759709477782
160972258446334
192163571392541
99077017417810
3553343885093
121056887993154
224691022910923
157145244283313
275928044758562
157737524366111
187825203670741
218387863118970
214307083820436
172519204490200
79596403414276
158904067847008
196895588746349
147525977425257
275669788107948
188740111582887
154237388590567
245137520776784
54199803247769
65292995293959
72982674628633
