203000540209048
210404121707467
77205786100203
115055982515799
184456398822718
138576700734959
72475356961633
46904970050013
224588224076512
52313278688706
17924703695118
260921770713634
76262800543470
23118403828219
221539812525443
222895439906815
252084484874537
254846082389938
152182297080558
26749519005428
103360465259828
149816571845360
111905872992769
57924997806114
209382855670654
182090729666583
169906180931203
63280236209374
120085594002014
210392461861876
88760227589967
37797982874905
156608164092037
136053984206967
254077487230734
221970782493094
133216865428991
141414928512538
27404770859983
161272105419143
53327579224729
46715432399941
241441015680940
28616200563387
149580407458058
47888976791558
8414147891890
217240526103196
228498121648268
152670960102709
145286199999119
41392815334582
35719387840192
259409237669232
27733589824329
99886956043126
56917008762082
125414208188875
147525977425257
275669788107948
188740111582887
154237388590567
