203000540209048
183316731679253
104094172622194
117210907502290
149816571845360
135953244088209
72475356961633
110344116986006
224588224076512
76081832839049
17924703695118
222895439906815
64403959563095
95525161490393
220485631647096
15083964494470
208287227657633
196964480181394
4337753222274
276452417657830
223446125769431
235050559507314
207826070762842
76262800543470
252084484874537
254846082389938
135838508652267
62511473639566
263999751006732
271071975934724
152182297080558
111407283571408
141414928512538
27404770859983
51618455199230
40424399780991
240128176978172
