203000540209048
234569023564896
206458405922284
117210907502290
149816571845360
153015114954032
72475356961633
196028178474406
224588224076512
133397691124599
17924703695118
222895439906815
229535589627076
31288370074640
269548358742799
224778718647006
190289202911221
103360465259828
65849221367071
72589314721843
133388691337782
241045348250769
93731295964369
55914427069771
99940260264716
74507532576007
29460396039140
271519992585979
230536438550553
64286297443360
220871525405359
60326192171953
104458751904673
52929936720449
141414928512538
27404770859983
247346859826106
58979628620394
194719092407240
121056887993154
224691022910923
157145244283313
275928044758562
241441015680940
28616200563387
149580407458058
47888976791558
274828821713490
89639008298494
172519204490200
79596403414276
158904067847008
196895588746349
197834491055477
80602360639966
137478209137738
50781934601487
258382745949560
174938893338921
48056652746307
165995098999654
235112258060055
30102330766777
59336363793920
274882342126394
247111979759566
196907708356325
155442221896353
275154792891941
5774235295861
60731147605627
107512081957553
54208301299568
