203000540209048
107577018931006
240389997927816
117210907502290
149816571845360
174832562276714
72475356961633
70959027701913
224588224076512
217618676974077
17924703695118
222895439906815
193006466022958
260668070949147
218353885367877
42540355021261
152668125242693
172776819681507
82778329297481
131304226085197
41913962081724
63607985783588
275131384972773
223366226410865
149960477488656
169439807060068
156778889859382
255905742908405
195191857436849
147982991244978
174535414688030
95525161490393
220485631647096
158904067847008
140242915204358
216225239875465
276452417657830
116921076150570
235050559507314
76262800543470
252084484874537
254846082389938
135838508652267
62511473639566
263999751006732
271071975934724
152182297080558
231712655686887
194188092317777
37137934016763
200181146303110
276716667463029
92336061504715
207197835576934
141414928512538
27404770859983
148659991156224
114264247447117
255084348271660
154955504463808
51846786317061
254180825257496
105887829163691
147491148202594
85059671789634
261391033546620
796544422399
111239121940310
17508688215880
