203000540209048
86324934279355
248683878543482
56349318945284
135259681748367
119070822608491
72475356961633
44564877415488
224588224076512
44556439610786
17924703695118
271911484302689
276452417657830
27067181962479
235050559507314
36501731859588
76262800543470
199968124898323
121769125398103
222895439906815
252084484874537
254846082389938
135838508652267
62511473639566
263999751006732
271071975934724
152182297080558
193687385437362
74396247584940
19417056265757
135658204121169
141414928512538
27404770859983
137360158239559
242918521104940
213701364421685
