203000540209048
77008672735037
125982412968456
141414928512538
27404770859983
168708319789878
72475356961633
219824982107870
224588224076512
10621931959773
17924703695118
222895439906815
194099193740137
115587027270336
18805815779315
264243465239825
26745954953148
95525161490393
220485631647096
199285751710743
208287227657633
196964480181394
37865451168693
276452417657830
18709238433887
235050559507314
253624351161967
76262800543470
252084484874537
254846082389938
135838508652267
62511473639566
263999751006732
271071975934724
152182297080558
