203000540209048
212453106971658
159255669202489
265553059281892
70079271336758
125092532269088
72475356961633
192611956767667
224588224076512
202912043517385
17924703695118
93311543862844
276452417657830
24346099224573
235050559507314
222895439906815
252084484874537
254846082389938
135838508652267
62511473639566
105664653061102
117210907502290
149816571845360
209506836391311
181198805308723
90959497934770
93655942372245
115055982515799
184456398822718
31288370074640
269548358742799
224778718647006
200474441362416
76262800543470
8669947118673
221539812525443
152182297080558
8360340087915
130808303187012
271615697256969
55255254861798
95103217589697
103360465259828
120085594002014
210392461861876
88760227589967
64730068943861
125996026115980
109287451395680
39081516165307
109507413373528
171247343501871
61499744764521
141414928512538
27404770859983
194351259321875
37119063787086
174295402062259
124049563439316
275669788107948
188740111582887
154237388590567
129633063963488
165597135254086
225999618845512
237830192891641
111407283571408
28616200563387
149580407458058
47888976791558
