203000540209048
40991668721307
169398895374347
117210907502290
149816571845360
266883216789565
72475356961633
178260271529836
224588224076512
245536767246282
17924703695118
222895439906815
115658788988378
26528473051144
215753008800571
274561885505611
254795914218375
208203564668527
255493903788143
168644974612567
189604464662448
198980720757124
56647177148059
210848089756988
13240539481644
141414928512538
27404770859983
281415895566755
248817353392729
76198277453880
278773061269875
270075915579351
224449706740611
191614708518213
