203000540209048
144051848498547
62362330811946
108228991558494
122089627436088
47835737318049
72475356961633
170991673701366
224588224076512
136734404519713
17924703695118
224211026716814
76262800543470
103551587650793
221539812525443
222895439906815
252084484874537
254846082389938
152182297080558
13296643902448
56349318945284
263138365966952
153378130667989
165810349138018
176304326271916
106552642089582
276452417657830
251246602098480
235050559507314
224664870144632
127472338402324
121769125398103
135838508652267
62511473639566
263999751006732
271071975934724
193687385437362
74396247584940
19417056265757
275880324903861
141414928512538
27404770859983
75953590743478
164068803000208
156469143692282
