203000540209048
191057788346031
193146387416085
108228991558494
122089627436088
173396384910299
72475356961633
188186938568651
224588224076512
230542949132123
17924703695118
21517091157087
76262800543470
103551587650793
221539812525443
222895439906815
252084484874537
254846082389938
152182297080558
273288181406954
56349318945284
263138365966952
51595146171825
268494281008487
201083836825866
72742457844084
276452417657830
97776230705187
235050559507314
10418155590317
54825570095143
121769125398103
135838508652267
62511473639566
263999751006732
271071975934724
193687385437362
74396247584940
19417056265757
13631633896251
141414928512538
27404770859983
177906414647229
14506447047058
87241063956831
