203000540209048
274060046832395
271856630611801
115055982515799
52120263503362
42062062568012
72475356961633
132979175446625
224588224076512
111216346234548
17924703695118
279444437867406
76262800543470
186623987292862
221539812525443
222895439906815
252084484874537
254846082389938
152182297080558
251561986109302
184456398822718
63857927261343
212653482125871
85704800904129
112905666069090
206228814931598
66538449893193
169906180931203
211222427364605
954551425106
65034412215114
48691650535498
196632027031416
156608164092037
136053984206967
254077487230734
221970782493094
269227665033301
272237038418129
