203000540209048
76333425200106
35575033190783
76528258525143
150393961057281
268275792338021
72475356961633
26595874524113
224588224076512
242288302506578
17924703695118
176176664386662
276452417657830
166897466286540
235050559507314
246171109762169
76262800543470
222895439906815
252084484874537
254846082389938
135838508652267
62511473639566
263999751006732
271071975934724
152182297080558
62362330811946
117210907502290
149816571845360
47835737318049
224211026716814
136734404519713
275880324903861
141414928512538
27404770859983
75953590743478
164068803000208
156469143692282
