203000540209048
269126763929834
50492195323622
115055982515799
184456398822718
89854763260481
72475356961633
10418155590317
224588224076512
246719477232633
17924703695118
268673490638755
76262800543470
258770617825098
221539812525443
222895439906815
252084484874537
254846082389938
152182297080558
263334531920129
108228991558494
122089627436088
150112931752712
56555240643654
168975086171486
103551587650793
236933042562821
141414928512538
27404770859983
226175496487314
217912855471206
45291657560514
