203000540209048
265590021665123
272228190298895
115055982515799
184456398822718
36323548807270
72475356961633
222179716215989
224588224076512
11268400197514
17924703695118
260921770713634
76262800543470
276610276008356
221539812525443
222895439906815
252084484874537
254846082389938
152182297080558
84213080487507
24343855390210
238448593176160
264338077038568
60062037665826
196964480181394
276452417657830
173364899585801
235050559507314
207826070762842
135838508652267
62511473639566
263999751006732
271071975934724
110556513985814
117210907502290
149816571845360
199285751710743
208287227657633
75969146334176
141414928512538
27404770859983
51618455199230
40424399780991
240128176978172
