203000540209048
11025532367088
196085033395529
117210907502290
149816571845360
261343902255617
72475356961633
181833599866704
224588224076512
210199121492927
17924703695118
222895439906815
85629582358622
76528258525143
150393961057281
88415807429451
124291066381398
249908921067052
135829916790199
276452417657830
103551587650793
235050559507314
185508481097017
76262800543470
252084484874537
254846082389938
135838508652267
62511473639566
263999751006732
271071975934724
152182297080558
279935909695755
141414928512538
27404770859983
56437161391145
224586102200806
236181643293936
