203000540209048
239228505440120
146997350586436
117210907502290
149816571845360
166611383788602
72475356961633
275713582182562
224588224076512
163460643497933
17924703695118
222895439906815
213497095818586
253865779437253
146894703159950
9403750386547
13230333325802
265553059281892
247691054698053
49283223432489
273513667170844
130270923420674
48487217406335
276452417657830
179174042427624
235050559507314
252084484874537
254846082389938
135838508652267
62511473639566
213417247452578
136193225106012
131329260547825
214670829761004
99399435595222
187649224033933
278589834893319
198370703350499
201015629530946
