203000540209048
184770912050144
271690060369705
115055982515799
184456398822718
52299076316243
72475356961633
246709512773099
224588224076512
227000190291616
17924703695118
37210700340071
76262800543470
63772683804437
221539812525443
222895439906815
252084484874537
254846082389938
152182297080558
264584155769408
52120263503362
1714878618679
186689137901499
63280236209374
181816988958339
150164857726543
274669883649889
192716551383098
156608164092037
136053984206967
254077487230734
221970782493094
