203000540209048
62419059501276
127567615288770
117210907502290
116328258541892
62769062185770
72475356961633
114260864607085
224588224076512
106416540516697
17924703695118
222895439906815
48047566035556
149816571845360
166463665321737
92819036017483
202258463016126
196085033395529
261343902255617
181833599866704
210199121492927
85629582358622
76528258525143
150393961057281
88415807429451
124291066381398
249908921067052
135829916790199
276452417657830
103551587650793
235050559507314
185508481097017
76262800543470
252084484874537
254846082389938
135838508652267
62511473639566
263999751006732
271071975934724
152182297080558
