203000540209048
264397751039580
221008242512069
108228991558494
122089627436088
239947281981503
72475356961633
209822606421944
224588224076512
271675644151571
17924703695118
218915724166040
76262800543470
205378985777046
221539812525443
222895439906815
252084484874537
254846082389938
152182297080558
232733371651018
103360465259828
149816571845360
259899220703497
78194324445482
176753002098272
265687957598439
184456398822718
72450292200411
276452484647807
191929367975923
160773256362030
216088860418319
236232014958039
115055982515799
95172174816899
169787648558827
196547540558255
160746651710237
215070994435705
