203000540209048
9543410477839
142608953847274
117210907502290
149816571845360
151960203531151
72475356961633
42430510735540
224588224076512
169840652718310
17924703695118
222895439906815
242035339646686
258236290256575
54344639718537
79921010514731
219274396291800
123985017562936
185153892614555
144022699311430
216919821035822
268494773320127
82117302916710
140242915204358
83488588184113
21914394891206
113212786207632
22326934564129
50510686469991
66149613417907
2907573510870
200791581189779
217324053073882
39071457116385
17207324568636
236885453648750
125201731936267
144447132228091
31545713071336
210433220742089
265867055584272
141414928512538
27404770859983
79069146017502
174203694010068
1962570902224
175910621911650
149012090826428
273592537486360
123801657293289
