203000540209048
268849322794138
278165153756916
108228991558494
122089627436088
87943976978545
72475356961633
146984597784015
224588224076512
213065930398920
17924703695118
160746651710237
76262800543470
124085414651037
221539812525443
222895439906815
252084484874537
254846082389938
152182297080558
92169354676710
139765491668993
55461533420211
151236797443621
239935449773286
54564250001138
115055982515799
184456398822718
162609694015598
34571333959859
165875946107897
160773256362030
147358512558048
