203000540209048
218919476395056
11186389845197
103360465259828
149816571845360
270012501093490
72475356961633
189510644838853
224588224076512
82832796876593
17924703695118
222895439906815
245137520776784
54199803247769
65292995293959
72982674628633
182090729666583
169906180931203
63280236209374
120085594002014
210392461861876
88760227589967
37797982874905
156608164092037
136053984206967
254077487230734
221970782493094
211882960326235
115055982515799
184456398822718
125996026115980
109287451395680
39081516165307
109507413373528
76262800543470
171247343501871
221539812525443
252084484874537
254846082389938
152182297080558
65100558070544
2651237394756
277463858483080
230269793143152
197163982198646
117881413065524
181637904984129
39797371759957
177343765813429
239354291338651
99062488624789
23778889582126
216150405339778
117210907502290
210926152605833
139413863631297
123023867008031
196484059071363
219278645256855
152868950939066
181000854983085
239756141705588
98086359774288
151398103684408
20598744086660
206458405922284
153015114954032
196028178474406
133397691124599
33486916881820
141414928512538
27404770859983
3650858301790
272970774117991
220007337348849
209689948674307
125991759677931
40720462548375
174983450978687
90307308888718
258216527132312
194818037435009
12432438710412
197834491055477
80602360639966
137478209137738
50781934601487
145286199999119
41392815334582
35719387840192
259409237669232
