203000540209048
66475670586467
205274364958456
187978469514237
166401023961866
278368234383635
72475356961633
269856305715392
224588224076512
68701650600859
17924703695118
147481017212907
276452417657830
102870301577256
235050559507314
108966087596001
76262800543470
268673490638755
121769125398103
222895439906815
252084484874537
254846082389938
135838508652267
62511473639566
263999751006732
271071975934724
152182297080558
193687385437362
74396247584940
19417056265757
20562435003773
141414928512538
27404770859983
88465832817163
54176110967577
280000917644542
177585450953079
265211274151967
95068085311468
107479908476501
207390551955374
147704876384044
2369290027760
146989168841099
197737218373736
95088003578287
118848677155038
74289370836789
