203000540209048
5958284064931
225711465733721
209500791176760
93926224590666
117210907502290
116328258541892
89544600776465
72475356961633
50584261306820
224588224076512
244955153937494
17924703695118
222895439906815
42315583399733
149816571845360
100781181512722
203627377582351
224824361932757
243325190206387
115055982515799
184456398822718
279444437867406
76262800543470
56136017014775
221539812525443
252084484874537
254846082389938
152182297080558
42750131804538
108228991558494
122089627436088
46828032527821
61481542022081
27898810769208
229999865648741
231076602338696
171770015972530
103601546663443
248757140773005
113911987152095
18506998736478
43547241148072
13082948773917
225945849775769
197468283564221
169906180931203
272237038418129
90751174005864
242887775455333
24810266983928
257212544129052
156608164092037
136053984206967
254077487230734
221970782493094
21874795744904
196599477999341
50337637463274
34109077779444
93989221193502
250732576315599
