203000540209048
26730371512306
245137520776784
103360465259828
149816571845360
54199803247769
72475356961633
65292995293959
224588224076512
72982674628633
17924703695118
222895439906815
11186389845197
270012501093490
189510644838853
82832796876593
182090729666583
169906180931203
63280236209374
120085594002014
210392461861876
88760227589967
37797982874905
156608164092037
136053984206967
254077487230734
221970782493094
216150405339778
117210907502290
210926152605833
139413863631297
123023867008031
211882960326235
115055982515799
184456398822718
125996026115980
109287451395680
39081516165307
109507413373528
76262800543470
171247343501871
221539812525443
252084484874537
254846082389938
152182297080558
206458405922284
153015114954032
196028178474406
133397691124599
177343765813429
239354291338651
99062488624789
23778889582126
197163982198646
117881413065524
181637904984129
39797371759957
196484059071363
219278645256855
152868950939066
181000854983085
107328983255601
193484674600198
27647267526844
184856122502253
274359852216552
8301202524374
230200953101720
36697780544822
65100558070544
2651237394756
277463858483080
230269793143152
133690903383669
98086359774288
151398103684408
20598744086660
33486916881820
141414928512538
27404770859983
3650858301790
272970774117991
220007337348849
207287308873933
256700022900899
269709685634297
178858262729454
90307308888718
258216527132312
194818037435009
12432438710412
209689948674307
125991759677931
40720462548375
174983450978687
145286199999119
41392815334582
35719387840192
259409237669232
197834491055477
80602360639966
137478209137738
50781934601487
146359686958449
