203000540209048
96469675718464
28600158981513
143852203215012
172723536227080
269561023327464
72475356961633
142220253026228
224588224076512
222895439906815
7063463164424
171343862108151
249577031801127
193227639556783
101778149765282
61820855335802
236336433059886
122121633687509
130420413724697
160089110053871
186920548989320
1000984058523
218021424373719
202639777588718
112032483212879
32082194395441
191178973455305
154400924744310
103360465259828
149816571845360
74944539034793
188977114156498
62242392213294
17924703695118
