203000540209048
275109938383148
211882960326235
115055982515799
184456398822718
125996026115980
72475356961633
109287451395680
224588224076512
39081516165307
17924703695118
109507413373528
76262800543470
171247343501871
221539812525443
222895439906815
252084484874537
254846082389938
152182297080558
40090988349478
117210907502290
149816571845360
33131767104350
247864474485145
198492243043213
196484059071363
219278645256855
152868950939066
181000854983085
197163982198646
103360465259828
117881413065524
181637904984129
39797371759957
133690903383669
98086359774288
151398103684408
20598744086660
65100558070544
2651237394756
277463858483080
230269793143152
245137520776784
54199803247769
65292995293959
72982674628633
11186389845197
270012501093490
189510644838853
82832796876593
206458405922284
153015114954032
196028178474406
133397691124599
147525977425257
141414928512538
27404770859983
275669788107948
188740111582887
154237388590567
207287308873933
256700022900899
269709685634297
178858262729454
33486916881820
3650858301790
272970774117991
220007337348849
209689948674307
125991759677931
40720462548375
174983450978687
90307308888718
258216527132312
194818037435009
12432438710412
