203000540209048
273397847614889
93044362363236
95525161490393
220485631647096
78620186381501
72475356961633
33812414949900
224588224076512
189298530810115
17924703695118
89039785611728
276452417657830
235641763313127
235050559507314
160773256362030
76262800543470
222895439906815
252084484874537
254846082389938
135838508652267
62511473639566
263999751006732
271071975934724
152182297080558
276447439000375
117210907502290
68408945025809
17383409829056
112934150141977
55597915677797
269582268160972
