203000540209048
80776005348262
211066953617622
117210907502290
149816571845360
39138246012651
72475356961633
97966310831634
224588224076512
29371001903618
17924703695118
222895439906815
149026441151795
259888073008602
14993589248719
207702309653304
103551587650793
69104805139584
44357776270435
115055982515799
52120263503362
179918088462596
56608165333085
31434017880564
260921770713634
76262800543470
254483560494732
221539812525443
252084484874537
254846082389938
152182297080558
259864577579926
116328258541892
