203000540209048
113078366814388
207311986327875
56349318945284
132768416024159
196023322234070
72475356961633
120924989695557
224588224076512
28794927975840
17924703695118
36323548807270
276452417657830
170500045612737
235050559507314
222179716215989
76262800543470
200474441362416
121769125398103
222895439906815
252084484874537
254846082389938
135838508652267
62511473639566
263999751006732
271071975934724
152182297080558
193687385437362
74396247584940
19417056265757
158210234083109
103360465259828
149816571845360
37865451168693
253624351161967
222643147235696
272228190298895
11268400197514
181066719735063
141414928512538
27404770859983
187411909650325
245502878326143
159834559320422
75969146334176
51618455199230
40424399780991
240128176978172
