203000540209048
172314463644357
1495125765146
117210907502290
149816571845360
190267016053735
72475356961633
108448625764041
224588224076512
88722673587391
17924703695118
222895439906815
256359700913435
115055982515799
184456398822718
156166850564038
59385478113468
196158916210693
200474441362416
76262800543470
20541377418857
221539812525443
252084484874537
254846082389938
152182297080558
257485418736413
265553059281892
247691054698053
234703169196169
37782984161115
252587708058793
212313190188873
276452417657830
23706905990116
235050559507314
135838508652267
62511473639566
263592968106195
141414928512538
27404770859983
259001801236555
211069741916548
65811625518604
