203000540209048
28188046805325
214507340082789
108228991558494
184456398822718
250822713269599
72475356961633
110025133271510
224588224076512
37249540091311
17924703695118
160773256362030
76262800543470
261817923860877
221539812525443
222895439906815
252084484874537
254846082389938
152182297080558
178425473949245
117210907502290
149816571845360
96995434250428
87764481354112
271490393507670
253735951482837
223416314886298
279036687192073
145573309417572
175642860887637
272315117862719
44405928261997
92207731237428
247750121267392
103360465259828
2038103430556
82336895685559
67420359323791
253556098028177
142207903262960
209421710570676
260493076246366
255831515858361
134827525203839
72900796834428
164824553053213
83659073867936
230359798202956
158676280347751
142018307684900
29699206188111
105163872573972
158186722517633
223464008299844
218042834301320
217892387444771
