203000540209048
131155920856191
156778889859382
117210907502290
149816571845360
255905742908405
72475356961633
195191857436849
224588224076512
147982991244978
17924703695118
222895439906815
52832273488372
85158631598443
162328856312953
201132725101386
193006466022958
260668070949147
218353885367877
42540355021261
166358653011084
150214302185769
46838162737541
262620028263459
152668125242693
172776819681507
82778329297481
131304226085197
41913962081724
63607985783588
62304570430810
177152903953288
62863244545840
79625667340183
184041863279845
174832562276714
70959027701913
217618676974077
170387525898452
77142013272772
78849581872945
104823910574103
207197835576934
141414928512538
27404770859983
148659991156224
114264247447117
255084348271660
261391033546620
796544422399
111239121940310
17508688215880
254180825257496
105887829163691
147491148202594
85059671789634
