203000540209048
213912308753724
130851250116280
115055982515799
184456398822718
129221723482290
72475356961633
40254880437441
224588224076512
266583997614482
17924703695118
260921770713634
76262800543470
216686306958854
221539812525443
222895439906815
252084484874537
254846082389938
152182297080558
256561392932411
210025069225156
73046331477771
159791547251281
36711041311548
157737524366111
141414928512538
27404770859983
187825203670741
218387863118970
214307083820436
224720691839511
2816740180049
42526874296440
154726229348318
167195867982767
183265422769401
239033655227814
18350275249513
227728168309485
145141552859266
69260168246127
175076298283461
248899740518825
89749155742589
203748609580091
33663737187317
