203000540209048
248276906081953
70954855281558
117210907502290
149816571845360
8116052263025
72475356961633
86643973537715
224588224076512
206288872478624
17924703695118
222895439906815
235615274363669
187978469514237
132768416024159
89415193137663
236812774291239
229209715215904
95790199514243
276452417657830
206905386241491
235050559507314
137776141432179
76262800543470
268673490638755
121769125398103
252084484874537
254846082389938
135838508652267
62511473639566
263999751006732
271071975934724
152182297080558
193687385437362
74396247584940
19417056265757
129304634936465
115055982515799
184456398822718
103551587650793
221539812525443
130859082198105
268275792338021
246171109762169
242288302506578
200474441362416
91987558302410
40949139741232
190766636716021
96382871771313
4911707206442
278785473885528
63255481514408
200317706739470
5160258787779
71807969660685
62619359076013
220001831608486
147481017212907
256313142877844
50310384331934
3565046190840
147147985961269
174304987273842
54096599709003
135658204121169
141414928512538
27404770859983
137360158239559
242918521104940
213701364421685
114051785003920
127481579920448
121278146536304
18688869541634
182647304564788
65016826842096
95905032322038
152490816150604
1985253594875
215498565483086
273705263950685
242386690862940
162707033472052
108173844296171
5243181746176
103085675180984
23550055915243
119799526486535
48230816259398
139996296998640
93871273370550
107329767657033
