203000540209048
61760768247249
256561392932411
115055982515799
184456398822718
210025069225156
72475356961633
73046331477771
224588224076512
159791547251281
17924703695118
260921770713634
76262800543470
36711041311548
221539812525443
222895439906815
252084484874537
254846082389938
152182297080558
104110600175135
117210907502290
149816571845360
237340768074034
178812805837733
42966604832612
130851250116280
129221723482290
40254880437441
266583997614482
216686306958854
240765971259755
109914860787759
220818590399952
200204191661107
62042378652411
180706552080840
126821304205240
156150805310751
38752843202275
26749519005428
111905872992769
57924997806114
209382855670654
146359686958449
98086359774288
151398103684408
20598744086660
157737524366111
141414928512538
27404770859983
187825203670741
218387863118970
214307083820436
248899740518825
89749155742589
203748609580091
33663737187317
167195867982767
183265422769401
239033655227814
18350275249513
121056887993154
224691022910923
157145244283313
275928044758562
235112258060055
30102330766777
59336363793920
274882342126394
274828821713490
89639008298494
149580407458058
47888976791558
27733589824329
99886956043126
56917008762082
125414208188875
280101269458460
129446021300095
18583652203862
759709477782
227728168309485
145141552859266
69260168246127
175076298283461
258382745949560
174938893338921
48056652746307
165995098999654
145286199999119
41392815334582
35719387840192
259409237669232
3322714769767
165597135254086
225999618845512
237830192891641
