203000540209048
188375187991710
243847489371230
95525161490393
220485631647096
3808085799618
72475356961633
96195092038804
224588224076512
247557032616341
17924703695118
84042947148400
276452417657830
60128813599605
235050559507314
202175364727565
76262800543470
222895439906815
252084484874537
254846082389938
135838508652267
62511473639566
263999751006732
271071975934724
152182297080558
169398895374347
117210907502290
149816571845360
266883216789565
178260271529836
245536767246282
126864161110120
256766164938386
1495125765146
190267016053735
108448625764041
88722673587391
26749519005428
111905872992769
57924997806114
209382855670654
90773684580763
172957225422598
14945595999206
91487385803769
218533052354819
81285033063134
167555660800715
86888034065608
18973571178161
125092532269088
192611956767667
202912043517385
196484059071363
219278645256855
152868950939066
181000854983085
214225377615617
265553059281892
70079271336758
249432035909790
130543856196042
40110395233678
133528621278997
151558701900706
113051345320533
139945807358007
78743974714335
99497771553554
237385889553300
267037125098606
142893766660595
277477828235619
103653520375853
150934595576408
53956504200322
126225324397324
133341829774779
145942141324866
141414928512538
27404770859983
266578320227663
97929892712040
65632825518796
271184197735517
116328258541892
121326342301065
88477976803587
40738715643466
146359686958449
98086359774288
151398103684408
20598744086660
69448885462538
58923159812858
132566938580496
162648078035514
274772725197799
69627075927074
40410505610584
264376238675283
66901430704635
242298738382430
115810367106485
114766814815786
233406098677310
213976479229442
20425406444656
178844416063350
48638069927408
194351259321875
37119063787086
174295402062259
278773061269875
270075915579351
224449706740611
191614708518213
52643539300598
185451201784021
21321766245639
5774235295861
60731147605627
107512081957553
54208301299568
160972258446334
192163571392541
99077017417810
3553343885093
147525977425257
275669788107948
188740111582887
154237388590567
267130263663464
232945424004605
251966059569080
115231201648554
79799876973134
49807103723499
158904067847008
135194962082430
126197957873393
276210236200426
128812670311159
236183484911686
235112258060055
30102330766777
59336363793920
274882342126394
197834491055477
80602360639966
137478209137738
50781934601487
241441015680940
28616200563387
149580407458058
47888976791558
121056887993154
224691022910923
157145244283313
275928044758562
179369641833999
30125828747374
183254543391285
121526859502205
