203000540209048
72657762060843
142836335398783
18237425054918
258987313866084
171280851348644
185956948345420
78252905181705
30605119338480
50086737221669
94465738126769
277367319729588
268743131537715
156347536016462
236609840431554
209152203457028
109322784004146
98794417179252
70246966957697
82123926044864
135952047129710
49161086634689
265719572976537
58658734699332
260665928524655
105267948513465
117210907502290
149816571845360
98086359774288
72475356961633
151398103684408
224588224076512
20598744086660
17924703695118
222895439906815
221053490921844
115055982515799
184456398822718
270781744831170
640641357077
211977427993502
165141501491770
76262800543470
103551587650793
221539812525443
252084484874537
254846082389938
152182297080558
76605361494938
52120263503362
154221169245653
74969411115014
226780647548305
249422153533257
211470104983062
120197013927532
90807679210038
