203000540209048
86973673536604
130859082198105
115055982515799
184456398822718
268275792338021
72475356961633
246171109762169
224588224076512
242288302506578
17924703695118
200474441362416
76262800543470
103551587650793
221539812525443
222895439906815
252084484874537
254846082389938
152182297080558
236318153326149
141414928512538
27404770859983
187722248153231
99610486607812
272933633082294
197349114709466
198250358483608
242918521104940
213701364421685
20562435003773
88465832817163
54176110967577
280000917644542
