203000540209048
136502932302012
178018450412966
69814119602267
238998772081530
108304531892472
75049088191840
207881819892353
213160328573127
235786590496361
115055982515799
52120263503362
150473681987951
72475356961633
259014699981081
224588224076512
75583643680142
17924703695118
234578488745461
76262800543470
103551587650793
221539812525443
222895439906815
252084484874537
254846082389938
152182297080558
50648586626956
14993589248719
207702309653304
69104805139584
146359686958449
117210907502290
149816571845360
98086359774288
151398103684408
20598744086660
