203000540209048
153423979644221
254368082698150
169906180931203
63280236209374
181550171424344
72475356961633
250701319492685
224588224076512
200877377410309
17924703695118
82147318543593
156608164092037
222895439906815
136053984206967
254077487230734
221970782493094
239919776238996
117210907502290
149816571845360
219510125517062
184547037969004
196694575651087
229535589627076
103360465259828
31288370074640
269548358742799
224778718647006
64600771309059
115055982515799
184456398822718
43702561957606
107664476582614
159272458167421
260921770713634
76262800543470
179219727220246
221539812525443
252084484874537
254846082389938
152182297080558
25882864145356
116328258541892
39458077803284
81208624133958
274439461921724
133216865428991
141414928512538
27404770859983
161272105419143
53327579224729
46715432399941
179284972717285
