203000540209048
79294954133432
28862756503191
73229634085789
69856758469965
215669502804307
220895182721337
162388491356304
11387989593771
188957931756211
117210907502290
149816571845360
31492470253975
72475356961633
7369210853934
224588224076512
17846617758558
17924703695118
222895439906815
252762024616339
265553059281892
70079271336758
41059346163049
204839759930868
238895370010460
248811416008128
276452417657830
34478552606856
235050559507314
252084484874537
254846082389938
135838508652267
62511473639566
59151093725352
37930236595621
91421125497698
220398115917077
258612500427276
141414928512538
27404770859983
169114432793865
229956893042153
204949489755522
66155652249197
12257833910516
66430641600842
98000544411547
