203000540209048
154905697331070
106316700118694
268399746156070
173164125521389
244431455477800
115055982515799
184456398822718
83379708836715
72475356961633
196447488024902
224588224076512
70270113182715
17924703695118
160773256362030
76262800543470
18011545680716
221539812525443
222895439906815
252084484874537
254846082389938
152182297080558
251046001201519
110689369403626
211408748270371
93989221193502
250732576315599
115079717339151
117210907502290
149816571845360
175767465545930
158904067847008
155582688413176
209741214500135
90188122199226
126625057634298
