203000540209048
23846914795146
176286564675856
117210907502290
149816571845360
216772918112527
72475356961633
218353885367877
224588224076512
42540355021261
17924703695118
222895439906815
193006466022958
260668070949147
104597784660386
90388628486777
82778329297481
131304226085197
72656510792564
120549535302956
145979427922260
246084982787398
41913962081724
63607985783588
71127046540956
5309709865764
70959027701913
217618676974077
240389997927816
174832562276714
167367835996509
125157666256782
149960477488656
275131384972773
223366226410865
169439807060068
120708028056294
158949041499100
195191857436849
147982991244978
156778889859382
255905742908405
68560247370883
170976034506639
256170613518170
23215272091783
276716667463029
92336061504715
154955504463808
141414928512538
27404770859983
51846786317061
114264247447117
255084348271660
254180825257496
105887829163691
147491148202594
85059671789634
49256227155608
202818495849544
111239121940310
17508688215880
