203000540209048
745074689519
95080938782430
95525161490393
220485631647096
198860664293791
72475356961633
76513068663291
224588224076512
45462483446540
17924703695118
112790147516341
276452417657830
193947989172821
235050559507314
213484695568078
76262800543470
222895439906815
252084484874537
254846082389938
135838508652267
62511473639566
263999751006732
271071975934724
152182297080558
1956494838349
171494662399169
199285751710743
208287227657633
196964480181394
264338077038568
67605074564828
207826070762842
125982412968456
141414928512538
27404770859983
168708319789878
219824982107870
10621931959773
