203000540209048
244062042726643
232733371651018
103360465259828
149816571845360
259899220703497
72475356961633
78194324445482
224588224076512
176753002098272
17924703695118
222895439906815
236232014958039
115055982515799
184456398822718
95172174816899
169787648558827
196547540558255
160746651710237
76262800543470
215070994435705
221539812525443
252084484874537
254846082389938
152182297080558
14770686707785
173596431902315
276452484647807
191929367975923
160773256362030
216088860418319
261353087144553
45598515207319
27647267526844
183604330838423
237464838533947
219553704049186
96551951182880
156608164092037
232351040519789
108600778628565
136053984206967
254077487230734
221970782493094
119159040283710
45563455628067
203769199104096
152196128412022
200474441362416
33949415413761
30372207496080
163563277481189
353474872493
168681617193873
172248576027995
63874991500972
179821376588067
255152711997740
262205349359096
229830529662181
130101598980242
43639440372262
117210907502290
42519859973884
187185388820126
84912679525445
13024118563318
252469655697080
168061751910002
129236247026363
22006475923136
43740371350869
61149358123333
185932541236939
74863996271343
266600902263925
217539362283576
149638903590202
215220267078758
184354149779437
196184322666056
28489219556863
133157726176758
192941362504980
111736439044372
102166926152420
239063883213915
5879908546632
135340593615312
155405286394448
98150316350872
127246817960358
26539717110333
166715170516369
32519877750876
189175264655431
143586944843115
