203000540209048
224041922123392
130859082198105
115055982515799
184456398822718
268275792338021
72475356961633
246171109762169
224588224076512
242288302506578
17924703695118
200474441362416
76262800543470
103551587650793
221539812525443
222895439906815
252084484874537
254846082389938
152182297080558
202448125568887
265553059281892
70079271336758
245545037062909
246123319738194
44556439610786
197323828317837
276452417657830
130677919132583
235050559507314
135838508652267
62511473639566
156793122647462
174540412244147
51596460629571
117210907502290
149816571845360
139601683663767
187978469514237
132768416024159
71807969660685
62619359076013
220001831608486
147481017212907
256313142877844
50310384331934
268673490638755
121769125398103
263999751006732
271071975934724
193687385437362
74396247584940
19417056265757
70664089420236
8116052263025
86643973537715
206288872478624
135658204121169
141414928512538
27404770859983
137360158239559
242918521104940
213701364421685
242386690862940
65016826842096
95905032322038
152490816150604
5243181746176
103085675180984
23550055915243
119799526486535
162707033472052
127481579920448
121278146536304
18688869541634
1985253594875
48230816259398
139996296998640
93871273370550
107329767657033
221068001796368
