203000540209048
583528259254
277314084264706
24343855390210
238448593176160
264338077038568
72475356961633
60062037665826
224588224076512
196964480181394
17924703695118
36323548807270
276452417657830
173364899585801
235050559507314
207826070762842
76262800543470
222895439906815
252084484874537
254846082389938
135838508652267
62511473639566
263999751006732
271071975934724
152182297080558
254907507897205
115055982515799
184456398822718
222179716215989
11268400197514
260921770713634
276610276008356
221539812525443
266267538434769
117210907502290
149816571845360
237870922281529
150732230786228
226117965413542
264929971666181
103360465259828
93789528365976
115261906757902
246550963933192
272228190298895
5810746352686
58321691358178
56890023594486
252230522187233
32174706019346
124257179732915
102301328004065
146050190601900
270970870933798
269801421047185
125982412968456
141414928512538
27404770859983
168708319789878
219824982107870
10621931959773
46039325148901
98749969842079
153173677752426
25751301382425
77318644150973
126977322927694
262544453924986
86075335666652
179015086371149
187411909650325
245502878326143
159834559320422
274049528821226
51618455199230
40424399780991
240128176978172
278773061269875
270075915579351
224449706740611
191614708518213
181066719735063
