203000540209048
206184044511125
169398895374347
117210907502290
149816571845360
266883216789565
72475356961633
178260271529836
224588224076512
245536767246282
17924703695118
222895439906815
126864161110120
95525161490393
220485631647096
256766164938386
96195092038804
247557032616341
84042947148400
276452417657830
60128813599605
235050559507314
202175364727565
76262800543470
252084484874537
254846082389938
135838508652267
62511473639566
263999751006732
271071975934724
152182297080558
278773061269875
141414928512538
27404770859983
270075915579351
224449706740611
191614708518213
250976322913774
239755954185638
157145244283313
275928044758562
69354911790527
35950731526549
107512081957553
54208301299568
