203000540209048
90344552887703
265850743474652
117210907502290
149816571845360
146702801328573
72475356961633
8612165617904
224588224076512
30081320867158
17924703695118
222895439906815
117367966620470
22285496199998
162328856312953
201132725101386
255137990226392
693573093585
166040499179669
59449135375297
32174706019346
124257179732915
102301328004065
146050190601900
270970870933798
269801421047185
11384065029917
141414928512538
27404770859983
274590619497479
20424979271204
25329541935549
197349114709466
198250358483608
242918521104940
213701364421685
