203000540209048
264393054056482
158395023263544
115055982515799
184456398822718
156166850564038
72475356961633
59385478113468
224588224076512
196158916210693
17924703695118
200474441362416
76262800543470
20541377418857
221539812525443
222895439906815
252084484874537
254846082389938
152182297080558
48519839645183
108228991558494
110888548414069
271032752471238
116804330822530
29346460973864
51947688847603
99820852076354
117210907502290
149816571845360
261343902255617
181833599866704
210199121492927
25191409397463
190267016053735
108448625764041
88722673587391
