203000540209048
215252907670031
142756536641361
265553059281892
247691054698053
122567551240095
72475356961633
69999795600908
224588224076512
76851895105608
17924703695118
150841208266542
276452417657830
50904163940479
235050559507314
222895439906815
252084484874537
254846082389938
135838508652267
62511473639566
213055156039868
141414928512538
27404770859983
207949626289803
194245919095487
256086442401655
226173661703982
20382201890598
126819889000187
176847672997537
74146315962291
161598708116858
241648743566742
279017647094070
141594552856154
129787380379004
93122606953690
69508723724752
