203000540209048
276405843930534
96236422893056
221575634425454
108228991558494
52120263503362
266913464442381
72475356961633
62274768780147
224588224076512
60868752461142
17924703695118
160773256362030
76262800543470
28576280453698
221539812525443
222895439906815
252084484874537
254846082389938
152182297080558
102143602222086
117210907502290
149816571845360
99754195319844
53759132762406
128612633126828
18622043104220
184456398822718
246610103745792
14993589248719
207702309653304
106686294869409
69104805139584
76734154741389
141414928512538
27404770859983
8933666687717
163978293292536
229794432019334
