203000540209048
31812563445102
72010501849245
144092824577421
87125205018194
253840124047959
267147589252643
28678189896379
12607858374059
248321574167483
24422607134746
170433418243717
225243695018327
192855315153632
70881753257467
16397828376113
182220976625964
221664943261150
25789544013089
26511062512644
267225850343878
281002475223198
219883640607129
137230779209284
156938808637589
20844285309691
177402350706125
94037967468875
177834897973202
108221350817106
134456271856859
2698686011639
25669244745941
266367552584852
281413595306061
97259421750837
212046607477852
11768993056315
248866891755729
138970779250741
202125060294282
280448543410666
169906180931203
140266946700336
75307845161363
72475356961633
276826478462523
224588224076512
6345236838071
17924703695118
159670325400940
156608164092037
222895439906815
136053984206967
254077487230734
221970782493094
122596281689101
6605736223500
78001277890909
145936059528815
219488198798121
204651874601191
141414928512538
27404770859983
268762449191963
244849004322911
80582958170311
193250094491787
196599477999341
50337637463274
53988785605350
93989221193502
250732576315599
193599476210243
70653062694564
129659352883645
165438578957466
27941629131680
231599799490067
133100448151149
171770015972530
60657857964846
216092973297072
113911987152095
92068835346544
43547241148072
13082948773917
225945849775769
47896942887902
250906163552766
234671414924863
175242866760859
96184499762298
210757126172782
103360465259828
149816571845360
175956683624957
70751368267936
