203000540209048
260610944512619
196800087258727
185766774930972
184849692557090
23531113450011
40956508003033
268779080899750
188903810207789
132992347781283
260427619730371
169444238102848
215503402902965
255629052919189
63905674355967
65076531416372
274447553423952
191181185813812
113887269618745
48946007243213
211802802058289
190993267158794
12103676745934
173378701919638
176208864101603
185670760452528
83668211394157
123176609308964
22882524097674
234086551199886
249281704971288
239532082603830
124488182661419
72280365469855
12791640951718
207709691930399
40582540457722
204155011425751
105905759274105
216403855480351
95680921335890
25223309939852
228643552364874
270366115295149
99096971354856
57855304305752
124091272523430
250357271607345
80691426193965
236653824315332
247300858601484
109625663928306
160888246933011
226930115826017
90100397281109
208794754003659
84775896169142
259380914015916
175887026575278
20917191753699
59642259753252
123218954890671
271161475250418
116247470419171
87774770469927
216433361038945
208645654063077
54193546543576
193309346079964
272135959882993
192958505411814
108035254898215
245112553510130
262588642248969
31245950828464
79060616445325
219872815439965
47773145252055
123239418078280
110440659630421
192939005688470
34303162803613
120747248693897
229451985482929
144042754968714
248791796264134
86072323883058
13114163977164
226912312573988
168095338895110
187353882099941
132588036307232
49747984207090
272412266303808
96293069619714
126970772586954
63150848924535
47587704640954
229914590912551
61013066828391
88409125432727
50935915219048
60851117438056
15047041100665
262132481607908
85588934187872
228647287017184
165805933080383
239676051153031
106811212349930
12273075178524
8141276692971
167134790805152
253177365329272
242020080219231
104401914393419
59159634503418
158951761474990
49375314013096
114178046822821
110257206461541
183572002360158
20650746655910
130379473079412
120384738496629
265579440717175
249618483385331
11282117605712
111146567934755
105721645057646
156385977563006
178698361763040
64555011678869
123692451388439
126682284393039
78386376411303
67369289819398
200876243872438
160801068264876
208665558472536
280507265465993
111888159560217
238367292873959
64483702749399
114310480796354
169372905945638
240163365726246
194820469231873
274044968230810
202092210547852
97966698233157
60621702065905
63221203490112
92804769120589
57507531625645
149676729129836
280016017843568
233061425821890
52481191471860
236601282797586
269251842866521
206328908335084
39109779787238
29472073695183
149599391500834
184149668579875
45931149596213
78953731717284
211692387495580
269960630535862
100344186467618
86053755702769
129818498658395
246650590047933
184723361925497
128247721523386
184613706032485
115587439426589
16032351500764
36058030541339
121035842863494
227874969906556
246828295310136
250810208850172
178590574530940
255117744840406
253929859193491
119984435706406
202190862149068
120270760612510
244835221446562
218156423355872
101038941345065
182990262559578
23278352516925
90830427877514
257075118197811
97450771643871
98763276890649
129388946397339
52641529490446
155821610383739
21917462115615
121230072919013
104534675926212
147309286988698
55374041781904
94455317715577
135780097019914
22554503880550
30942444686268
118704311741151
21105509354940
147191309665081
93808124732873
180295091867546
160959052924263
180890815931217
251223835473977
97681178433669
167234184430554
250356477638328
2884125123717
156340372013949
188345501186821
161462999692285
203453262129383
246256887065646
102752556959699
171220102015849
52570649326475
280828897048505
72180389975013
253059483704530
43553702005864
9675407196815
172540363381186
260025659879720
232013570962250
24754247746198
155915267571192
234002173635400
65033102785449
228428961656802
241873976280371
260107483079123
17650481026546
209798178602374
181569269906685
120424872742658
249650846644963
71101714702222
135100065844418
29437951996221
103570131710320
264445648558636
239146255349012
239420818044641
224862642230425
264945051195459
263699482333650
69826072430731
216195937739185
102394651205470
167126635139036
110125532941424
221457666978886
46543792981372
143872110600164
187933191920107
182703586075422
245105569678518
64820087344818
91254232194687
254058507456962
280485411459146
146352388205510
41103611567771
64855013469278
6189346533361
184635829396966
177141176025753
71890557663190
65200264711044
180796573638284
272921224699223
3988092007935
117627248304070
154268094422482
120406280133733
39603513724781
210792124764127
277061913737804
160517250895345
250457164397573
37949757032197
161928739745146
193887270817325
97259421750837
6707294536961
113067052512590
276725188352416
114231377852928
77839231325606
16478276072359
43820995411176
14232411764698
204556726184957
60177055309216
72475356961633
94587682762452
224588224076512
33963865118962
17924703695118
245260224586465
179881237608202
168992652097891
204102776608642
194861482003569
249384536728693
237997694426699
21754573223559
222895439906815
194419157287275
101237705195786
123468314958255
73706326947846
234713742718154
166081480391738
264956536196812
224808509256890
138382661872898
158904067847008
17372885060911
6247958812576
105099926681291
156914211556396
227963197332978
181257063129983
31797646431249
260590826654917
139901563501948
66144995117029
254416636291227
10016961657493
101785491249786
263267856912923
265867836302377
141968050683684
46231698845222
223290280314156
138052504250836
106495869638342
45852840390353
103360465259828
149816571845360
188442986308616
147184200187182
150493109781907
18353399665538
14993589248719
207702309653304
175264531048347
69104805139584
127031885786798
141414928512538
27404770859983
275251638691360
188076518209921
177351269370278
245485687374362
181003978858871
9225869408115
128558393060492
210903349966811
159287702532639
