203000540209048
31812563445102
161914134760718
51720839024429
235942720911256
172382732995863
4567074883841
106457924030319
98584445873117
4270898747546
276481508621473
134234979986851
150752535744200
62488681245736
263310527456495
260462647773027
32244191009470
274742400671373
169548247895829
107204898427972
32532817565368
274869312064921
94436984109626
97259421750837
129465999810354
103360465259828
149816571845360
198003355418290
72475356961633
102519203061898
224588224076512
24631221446658
17924703695118
222895439906815
