203000540209048
99105293615167
91926021987862
172577124087781
151508070943428
234520716305333
274290097774951
60220108213051
96345662459179
186095902690375
256199147049634
24072122252884
131979655825354
108170957416094
275421524867070
8407921198549
107860653556069
134632255767227
110910461708803
222831778784984
164256606491139
28486853710333
81508944158916
25157446809521
97259421750837
195928113965505
248959507953002
84132886928816
262690433172277
72475356961633
167153901689462
224588224076512
34907387495141
17924703695118
17383409829056
179881237608202
12359164502776
225926486147192
139422022835214
171989690102685
158904067847008
17372885060911
105099926681291
222895439906815
156914211556396
227963197332978
181257063129983
31797646431249
260590826654917
61283525542306
199300774781395
87331563936803
39785799853926
251439297291296
113686626549311
51957812087122
7637723907678
255869162855533
253749333268381
