203000540209048
260610944512619
196800087258727
185766774930972
184849692557090
23531113450011
40956508003033
99105293615167
91926021987862
172577124087781
268779080899750
264933543810647
210054881892999
198583059039036
102980705489780
149463034143830
6284919522236
248676323253817
158695145906443
116967254640338
27951261050343
253636205088177
151508070943428
234520716305333
274290097774951
60220108213051
96345662459179
186095902690375
256199147049634
24072122252884
131979655825354
108170957416094
275421524867070
8407921198549
107860653556069
134632255767227
110910461708803
222831778784984
107971382030130
18182289702738
134831024351070
190900599810185
181698488001281
248518743889428
30245646697796
144165622202971
215931795752459
147778574245031
238860956046310
96060184499687
191879097109850
215500919135276
104628363092931
275347129693372
188903810207789
132992347781283
260427619730371
169444238102848
215503402902965
255629052919189
63905674355967
65076531416372
274447553423952
191181185813812
113887269618745
48946007243213
211802802058289
190993267158794
12103676745934
173378701919638
176208864101603
185670760452528
83668211394157
123176609308964
22882524097674
234086551199886
249281704971288
239532082603830
124488182661419
72280365469855
12791640951718
207709691930399
40582540457722
204155011425751
105905759274105
216403855480351
95680921335890
25223309939852
228643552364874
270366115295149
99096971354856
57855304305752
59633686556665
274186815956279
86661275570167
164256606491139
28486853710333
81508944158916
25157446809521
172372112972610
109114911489172
279534070033182
93158458168827
9865677370950
195999153617904
23539184035933
69849414435748
135432623945630
56300862397284
97364544454005
190275204724039
31232410136414
124091272523430
209335970639109
151302101753958
271556774784799
208953013455307
164316504766659
211429712558853
72031602804773
213625488744319
122605201885813
270049192956435
208895765476502
87267320384608
64058610865716
127638780174310
213591434611136
97259421750837
74059800293837
106495869638342
248959507953002
84132886928816
46750513495180
72475356961633
49038772610466
224588224076512
217931594700790
17924703695118
144573801642922
179881237608202
17383409829056
225926486147192
131920213119434
171989690102685
133528289181682
17372885060911
19845605543882
105099926681291
222895439906815
156914211556396
227963197332978
181257063129983
31797646431249
260590826654917
61283525542306
199300774781395
87331563936803
39785799853926
251439297291296
113686626549311
51957812087122
7637723907678
255869162855533
253749333268381
10016961657493
123468314958255
139901563501948
66144995117029
254416636291227
140980216267813
14232411764698
204556726184957
233684425613238
158904067847008
205228958380579
245260224586465
168992652097891
204102776608642
251986254879111
249384536728693
12425784388168
21754573223559
194419157287275
251151543270947
82425581608470
227759601358574
182383102556547
147184200187182
239709449209978
233949115684514
143655500502883
245485687374362
181003978858871
60420986900994
75191733088889
266707179113811
124977176286690
231476045011381
20200286312412
141414928512538
27404770859983
230995447418446
188076518209921
256516020643258
195749202787922
48869962475990
39382283402171
101619878812150
94267669482776
156851180242661
276371883754939
51470349012698
170537584159636
63751258523754
33731776147429
252084484874537
254846082389938
57399107965345
91543014834194
94880194779625
273186750411744
265620928519938
257720114510597
157187139326464
87111090976874
132425358688854
100794842504106
65199022815795
15291132383740
258717663911258
155431098234070
19378703137435
210050722825388
101643226644553
69835344142216
172265213500344
71736083357189
156608164092037
98919259163012
136053984206967
254077487230734
221970782493094
169330840126721
14993589248719
207702309653304
69104805139584
