203000540209048
260610944512619
196800087258727
185766774930972
184849692557090
23531113450011
40956508003033
99105293615167
91926021987862
172577124087781
268779080899750
264933543810647
210054881892999
198583059039036
102980705489780
149463034143830
6284919522236
248676323253817
158695145906443
116967254640338
27951261050343
253636205088177
151508070943428
234520716305333
274290097774951
60220108213051
96345662459179
186095902690375
256199147049634
24072122252884
131979655825354
108170957416094
275421524867070
8407921198549
107860653556069
134632255767227
110910461708803
222831778784984
107971382030130
18182289702738
134831024351070
190900599810185
181698488001281
248518743889428
30245646697796
144165622202971
215931795752459
147778574245031
238860956046310
96060184499687
191879097109850
215500919135276
104628363092931
275347129693372
188903810207789
132992347781283
260427619730371
169444238102848
215503402902965
255629052919189
63905674355967
65076531416372
274447553423952
191181185813812
113887269618745
48946007243213
211802802058289
190993267158794
12103676745934
173378701919638
176208864101603
185670760452528
83668211394157
123176609308964
22882524097674
234086551199886
249281704971288
239532082603830
124488182661419
72280365469855
12791640951718
207709691930399
40582540457722
204155011425751
105905759274105
216403855480351
95680921335890
25223309939852
228643552364874
270366115295149
99096971354856
57855304305752
59633686556665
274186815956279
86661275570167
164256606491139
28486853710333
81508944158916
25157446809521
172372112972610
109114911489172
279534070033182
93158458168827
9865677370950
195999153617904
23539184035933
69849414435748
135432623945630
56300862397284
97364544454005
190275204724039
31232410136414
124091272523430
216535744283084
137743111850113
248857833967748
66880926994472
138475063504307
116288950178472
41197240330508
97259421750837
61234135480845
67062400832929
275273675854934
237821678039310
94044274616175
242414638323560
78175524375189
139539659526884
112029885218085
161697179343439
5245124470188
38801723956866
109431878967223
166321360929492
10675925429215
213272328493776
29446399603949
202649084340849
74059800293837
224421829394410
87106255579717
103640913342753
239966912086768
120508482188481
146493439059101
268382080047134
261372160699971
129771935043792
10409766748955
89240773554083
209441497054134
213276114501413
6416336041145
164624146522935
25135293914300
96797200189564
213574790658146
69380057972754
193483988206836
238251585587900
17747599823830
114635456243018
126347098987371
274659947379320
257461776899122
98656475138669
202070095654079
44779053247372
57580258798479
215841420438498
144812115824869
189591884472029
96901796353877
149964703525867
152798639937333
82425581608470
227759601358574
201110351242294
72475356961633
122711649680610
224588224076512
176773394912871
17924703695118
231162550955012
179881237608202
222895439906815
156914211556396
227963197332978
190741445480252
245485687374362
181003978858871
70135365418127
76592161141915
216437499602008
171254140088601
251820401372914
105099926681291
35950398687243
14232411764698
204556726184957
200682254326926
94587682762452
33963865118962
245260224586465
276944374439089
204102776608642
194861482003569
249384536728693
82952939694905
21754573223559
194419157287275
14610912015950
53847426255349
158904067847008
54977363965887
236946468126993
37493188545981
164581344942454
260735532657552
226637798873472
281458568965362
162935561504423
14993589248719
207702309653304
200078220452600
69104805139584
124677920037047
78655922771668
128132214936972
54882867561387
133968198539333
184976586791391
160902040753819
276452417657830
103551587650793
235050559507314
261063410123129
76262800543470
252084484874537
254846082389938
135838508652267
62511473639566
263999751006732
271071975934724
152182297080558
62275518810789
24200342921709
273524447947364
158005559540186
91641750107814
55447854815673
63544928277528
263267856912923
265867836302377
105549507308373
11366747943814
159519980466622
262851925201973
117210907502290
149816571845360
63428799857493
163552954408295
83863152853939
170935086895246
5107010198609
225781607994246
58613994580838
28560698288927
277635411373134
191125905748575
53166626180296
137329817316395
180009953331048
240524388685234
159446629668117
77633061052916
