203000540209048
31812563445102
97259421750837
156734819187698
214824681287729
250038087687877
167902646785953
103360465259828
149816571845360
111588952937079
72475356961633
272885950389422
224588224076512
219725718843732
17924703695118
222895439906815
22090044242850
117210907502290
253052984641842
117154347610796
76528258525143
150393961057281
71452236587405
123186838342751
183940103241024
15546998145585
276452417657830
103551587650793
235050559507314
234948295090811
76262800543470
252084484874537
254846082389938
135838508652267
62511473639566
263999751006732
271071975934724
152182297080558
