203000540209048
31812563445102
97259421750837
203597265444641
17865513893554
153403950974466
275875984920584
72475356961633
172118673305412
224588224076512
230886085443516
17924703695118
173183101544409
105099926681291
222895439906815
250418771117954
107359441011680
277394709033443
217041716362567
256194312235791
192216524968337
84800993133648
97700678040320
133927539221121
219622166770261
261770184058811
28416690651472
1090546811496
259888073008602
232611790839105
170723172123644
148510502126675
67254457264555
28201089766062
62113718845134
103304637657635
