203000540209048
31812563445102
272100473490561
80846599994253
258722541329605
97259421750837
107236230573013
260666841521449
260234172343190
256449507559414
204794891629470
233225151751556
113556266283691
72475356961633
94551486253017
224588224076512
172771047123842
17924703695118
103551587650793
276452417657830
62687086116391
235050559507314
173183101544409
105099926681291
222895439906815
252084484874537
254846082389938
135838508652267
62511473639566
67254457264555
196599477999341
50337637463274
116154126806120
93989221193502
250732576315599
