203000540209048
6740705692454
239246584680403
34438145092498
117210907502290
149816571845360
114696304395474
72475356961633
182734849544099
224588224076512
17389981584113
17924703695118
222895439906815
84009241388996
86766878375837
93448742633868
267861585116047
201524185810796
161529575889996
257234997616808
172449319075538
241751350222215
214565945518715
254955493458936
26063396064268
173839748985791
67173359883356
7677710237465
94356117068889
126996654487494
123873527214385
89963342232117
141226859840079
14375889320388
21269718072976
22739276812731
198185820092551
135299711923687
36324184940521
183256354930314
250689976584997
242015343517971
111092292790726
264397582020292
243374469889841
103360465259828
199376950114841
47625980446294
76036972707636
201832141564353
158055453554836
227752362394409
3789740852142
109950830753024
199295954749928
35325677047949
74727088708038
76262800543470
253811604202805
118374955581342
99173536285810
33860715999465
252084484874537
254846082389938
244968942375562
152182297080558
220778125582511
156172103439067
141414928512538
27404770859983
273244782687205
70849898063871
109256320443176
61957651934867
211546863473621
135085924070541
120209424719562
145621127330728
98167804575572
253362502895738
250232100365108
215300216629474
98616205608931
86496483864011
247713950924860
98819638932617
264952887727597
213851059890952
89749155742589
203748609580091
33663737187317
