203000540209048
52659644579676
224890713409991
117210907502290
149816571845360
228118102226973
72475356961633
149768739863835
224588224076512
203400304220464
17924703695118
222895439906815
29844727958494
158055453554836
227752362394409
3789740852142
197925847546695
103360465259828
203743724303800
54341200344557
28983351021488
243374469889841
199376950114841
47625980446294
76036972707636
76622542859167
115055982515799
184456398822718
233755344072479
52567550835026
277792927496611
229830529662181
76262800543470
103551587650793
221539812525443
252084484874537
254846082389938
152182297080558
180343600443837
211510377796411
173839748985791
262818201415846
119190678365308
33302606159218
259285107904138
169843489360929
84470127707546
242015343517971
111092292790726
264397582020292
75422860385982
141414928512538
27404770859983
244644624727588
253362502895738
250232100365108
264428049057599
113392727554900
24699678886596
26539577152491
