203000540209048
100965332307744
241751350222215
214565945518715
254955493458936
26063396064268
72475356961633
173839748985791
224588224076512
67173359883356
17924703695118
222895439906815
257234997616808
172449319075538
34438145092498
117210907502290
149816571845360
114696304395474
182734849544099
17389981584113
7677710237465
94356117068889
126996654487494
123873527214385
116392384615039
275266858586164
267861585116047
201524185810796
161529575889996
250689976584997
242015343517971
111092292790726
264397582020292
201832141564353
158055453554836
227752362394409
3789740852142
243374469889841
103360465259828
199376950114841
47625980446294
76036972707636
145621127330728
141414928512538
27404770859983
98167804575572
253362502895738
250232100365108
