203000540209048
272092858322401
192423978670528
115055982515799
184456398822718
233755344072479
72475356961633
52567550835026
224588224076512
277792927496611
17924703695118
229830529662181
76262800543470
103551587650793
221539812525443
222895439906815
252084484874537
254846082389938
152182297080558
65565499734308
117210907502290
149816571845360
211510377796411
173839748985791
262818201415846
127652596098330
101829594715340
173432798769796
89027448985791
224539644062671
258364401356161
98459984381875
126100774902979
29844727958494
158055453554836
227752362394409
3789740852142
224890713409991
228118102226973
149768739863835
203400304220464
142094901107152
14993589248719
207702309653304
222176280654607
110689369403626
211408748270371
93989221193502
250732576315599
