203000540209048
128160313442261
179451978942244
117210907502290
149816571845360
170954788551358
72475356961633
98600323782480
224588224076512
238518958469913
17924703695118
222895439906815
175279519225103
166725281799205
276285016302585
193123344831191
167933780993305
2377390567886
71975994366300
69318670964097
90204145313916
72318539576901
168668087901900
150732409864878
278103682815667
224598467653418
179222258650239
40247515099599
54347086341461
164351043712351
258301947722251
226173973199635
84009241388996
86766878375837
93448742633868
267861585116047
201524185810796
161529575889996
257234997616808
172449319075538
150797583074398
171770015972530
103601546663443
96978232764483
113911987152095
108273349856869
43547241148072
13082948773917
225945849775769
99202129274767
141414928512538
27404770859983
203271878732670
155863842661144
235805347491555
21935277570464
227879732344372
267814375824013
82108975149105
