203000540209048
178264260864890
126195608578395
117210907502290
149816571845360
166940879942105
72475356961633
151197055085711
224588224076512
108676080623327
17924703695118
222895439906815
118581481957942
231862003144939
145064487347368
227940196113875
121242811515147
104913424080360
192376415329317
257430491111542
58885924794452
69046848308407
143109880484089
94953295076267
164691315306525
14119055666725
135605262883453
138310731949627
89354021792474
262188594422282
75714744195918
25349562552536
185831047015774
255170010203765
220694503545062
139944575100928
152755628628694
84095375583648
131329260547825
214670829761004
99399435595222
