203000540209048
162357419751926
186304787608216
117210907502290
149816571845360
114696304395474
72475356961633
182734849544099
224588224076512
17389981584113
17924703695118
222895439906815
84009241388996
86766878375837
93448742633868
267861585116047
201524185810796
161529575889996
257234997616808
172449319075538
241751350222215
214565945518715
254955493458936
26063396064268
173839748985791
67173359883356
273177592196170
94356117068889
126996654487494
123873527214385
182162212340933
143994520392696
67933675655569
82393966941639
22739276812731
141226859840079
14375889320388
21269718072976
201832141564353
158055453554836
227752362394409
3789740852142
94153760399555
273812437811880
280124160775300
13892135139628
191913854025123
18183962819372
27344712484711
124923198198751
173745587708109
231917347860127
86837090784708
279885065630374
17338029052372
250663796998455
11769690914572
5350695222968
260846952550454
250689976584997
242015343517971
111092292790726
264397582020292
243374469889841
103360465259828
199376950114841
47625980446294
76036972707636
278874965157585
141414928512538
27404770859983
12091685970970
158904067847008
34438145092498
156172103439067
273244782687205
70849898063871
109256320443176
145621127330728
98167804575572
253362502895738
250232100365108
