203000540209048
183017744725323
181089771526787
117210907502290
149816571845360
264608224207428
72475356961633
196403842198951
224588224076512
11017376183237
17924703695118
222895439906815
235882070877303
265553059281892
247691054698053
5266372336202
76933352542326
169399763639247
173471005499778
276452417657830
123332747691371
235050559507314
252084484874537
254846082389938
135838508652267
62511473639566
89538328067791
216541561893727
153278092881362
253893684091593
277981650087522
91652466194790
153858416826144
128450936363941
28775257143254
259332782148307
53241941756211
43190774772233
271272845208298
103360465259828
182526953858823
181637904984129
102818520712833
