203000540209048
129603603537112
277736436594289
169906180931203
63280236209374
110762196260066
72475356961633
174565463057199
224588224076512
268132443225825
17924703695118
118189249415524
156608164092037
222895439906815
136053984206967
254077487230734
221970782493094
137273240807051
115055982515799
184456398822718
267193418042086
261303743112070
17870575214365
268673490638755
76262800543470
105282557282261
221539812525443
252084484874537
254846082389938
152182297080558
71466048527083
117210907502290
149816571845360
66485664226901
184649760293382
109799993178680
175792215762432
74782944972509
76513068663291
19317028276417
