203000540209048
21791174396868
240362434024404
103360465259828
149816571845360
114696304395474
72475356961633
182734849544099
224588224076512
17389981584113
17924703695118
222895439906815
122400458832000
100634446050328
58244005089866
274845416232140
122879246155662
143899724070068
9594944163194
170382259725530
151888209255460
117210907502290
78898853086161
46588584054174
11768993364840
84095375583648
141414928512538
27404770859983
28435355514644
198243578253107
214794641913564
116245672876963
134808914411747
188808478804947
107614537465917
226884530166081
235172229883559
84999276724628
152895769528782
118562552673970
271060177780011
87627447407013
111539551834378
