203000540209048
254915718135209
76796079458572
122879246155662
103360465259828
149816571845360
143899724070068
72475356961633
9594944163194
224588224076512
170382259725530
17924703695118
222895439906815
122400458832000
100634446050328
58244005089866
274845416232140
151888209255460
117210907502290
78898853086161
46588584054174
11768993364840
240362434024404
114696304395474
182734849544099
17389981584113
84095375583648
141414928512538
27404770859983
28435355514644
198243578253107
214794641913564
116245672876963
134808914411747
188808478804947
107614537465917
226884530166081
235172229883559
84999276724628
152895769528782
118562552673970
271060177780011
87627447407013
111539551834378
22317213966488
178331825722654
171397426054532
261720309299446
203223009013236
112182324614946
27611744857377
225355967579570
240729341868105
227879732344372
267814375824013
82108975149105
245311195619221
264952887727597
86496483864011
247713950924860
121576558232899
98616205608931
230246937598420
