203000540209048
199107506696201
76796079458572
237727032698743
259961011561625
230576828779702
273473246765692
72475356961633
241231069076308
224588224076512
214626770533604
17924703695118
141694713584177
156608164092037
12317300904086
276452417657830
89608983091892
235050559507314
222895439906815
136053984206967
254077487230734
221970782493094
252084484874537
254846082389938
135838508652267
62511473639566
263999751006732
271071975934724
88610495047487
117210907502290
149816571845360
170954788551358
98600323782480
238518958469913
259888073008602
116328258541892
196499630178537
63618033880314
129500063122699
19260149276138
34577468558879
119391488098216
29495319616828
217718217248150
245311195619221
141414928512538
27404770859983
264952887727597
86496483864011
247713950924860
