203000540209048
268733409840385
92201257252784
278185507543133
131246903236904
193939850081733
251558319175646
127527577916084
114432940808932
246559207465657
140030633631065
117210907502290
149816571845360
90042110953212
72475356961633
209930643712429
224588224076512
175463774165694
17924703695118
222895439906815
151888209255460
78898853086161
46588584054174
11768993364840
84095375583648
141414928512538
27404770859983
28435355514644
198243578253107
214794641913564
226884530166081
235172229883559
84999276724628
152895769528782
