203000540209048
200590066945686
241751350222215
214565945518715
254955493458936
26063396064268
72475356961633
173839748985791
224588224076512
67173359883356
17924703695118
222895439906815
257234997616808
172449319075538
34438145092498
117210907502290
149816571845360
114696304395474
182734849544099
17389981584113
116392384615039
275266858586164
267861585116047
201524185810796
161529575889996
7677710237465
94356117068889
126996654487494
123873527214385
243374469889841
103360465259828
199376950114841
47625980446294
76036972707636
22739276812731
141226859840079
14375889320388
21269718072976
156172103439067
141414928512538
27404770859983
273244782687205
70849898063871
109256320443176
