203000540209048
150298712127573
122400458832000
103360465259828
149816571845360
100634446050328
72475356961633
58244005089866
224588224076512
274845416232140
17924703695118
222895439906815
122879246155662
143899724070068
9594944163194
170382259725530
22317213966488
141414928512538
27404770859983
178331825722654
171397426054532
261720309299446
240729341868105
227879732344372
267814375824013
82108975149105
203223009013236
112182324614946
27611744857377
225355967579570
116245672876963
134808914411747
188808478804947
107614537465917
