203000540209048
190415037095953
128528472285530
265553059281892
70079271336758
105645544114052
72475356961633
187149391994894
224588224076512
262093682653515
17924703695118
248864805203658
276452417657830
175527174247257
235050559507314
222895439906815
252084484874537
254846082389938
135838508652267
62511473639566
96095003735075
171800848002213
190818979324833
271808323804242
249032016428711
109637437044022
258825004048892
87485843040637
115918009564180
30125828747374
183254543391285
179249879080425
158904067847008
260431321385492
