203000540209048
93897494646792
27764706850954
108228991558494
122089627436088
118090116191124
72475356961633
6244057734564
224588224076512
114421024161843
17924703695118
200474441362416
76262800543470
234431067471025
221539812525443
222895439906815
252084484874537
254846082389938
152182297080558
79045203073117
117210907502290
68408945025809
181543386610173
204698870968773
79136499785169
120787510172557
158904067847008
137173894669549
171770015972530
240991481426951
30664699798167
113911987152095
257988753081281
43547241148072
13082948773917
225945849775769
221094581440005
141414928512538
169280738935556
258828682032312
