203000540209048
568068575907
110758647889508
142407937145654
220772288670732
103360465259828
149816571845360
39054980200320
72475356961633
267691989898783
224588224076512
52840384242840
17924703695118
222895439906815
263373089667636
116328258541892
211207711674721
161169013519704
240091062296086
237500356936565
165601740950010
27211783255043
73356169927106
7063463164424
171343862108151
193227639556783
101778149765282
251007782406819
252434506231862
61820855335802
236336433059886
122121633687509
130420413724697
160089110053871
186920548989320
1000984058523
218021424373719
202639777588718
112032483212879
1108411276460
26727910627008
193997618927810
