203000540209048
128676986249661
189595853419535
156631448616920
184940016883844
55317068947554
21712390915750
177758714934376
58840156956243
34778564372597
138598826381206
278339560389774
256480612502661
227215604125206
272048355385784
177095453862365
22110640939994
88219533002571
50532052911769
183443114627935
187982449707070
63233923177659
22279797975250
150452800547150
34635616685331
118477099532776
127731203770131
43922946621348
74525156158312
35818378656318
232705345880659
235498261443945
256426023797051
173086728413601
200801122428728
156007178609352
210153335815902
109073682094983
274107622008052
124148315186655
226584879950782
225573229302861
70517895649585
139634180797030
9175928122078
132850232498111
117210907502290
149816571845360
97022819837146
72475356961633
268324983419527
224588224076512
183215968287621
17924703695118
222895439906815
229818893649597
170954788551358
98600323782480
238518958469913
