203000540209048
117017693465677
55147604522415
169906180931203
63280236209374
65364647750861
72475356961633
172753285565104
224588224076512
86599046524760
17924703695118
43170044202415
156608164092037
222895439906815
136053984206967
254077487230734
221970782493094
112208222946466
117210907502290
149816571845360
255157735295968
138744159830534
88113630106049
146520462116597
275700230253595
182210904350671
29001778472789
128528472285530
265553059281892
70079271336758
105645544114052
187149391994894
262093682653515
248864805203658
276452417657830
175527174247257
235050559507314
252084484874537
254846082389938
135838508652267
62511473639566
