203000540209048
234222270992744
84470127707546
199295954749928
35325677047949
242015343517971
72475356961633
111092292790726
224588224076512
264397582020292
17924703695118
74727088708038
76262800543470
253811604202805
118374955581342
99173536285810
33860715999465
222895439906815
252084484874537
254846082389938
244968942375562
152182297080558
220778125582511
267547864554961
94356117068889
126996654487494
123873527214385
61663459937561
243374469889841
199376950114841
47625980446294
76036972707636
54347086341461
164351043712351
258301947722251
226173973199635
167933780993305
2377390567886
71975994366300
69318670964097
278103682815667
224598467653418
179222258650239
40247515099599
90204145313916
72318539576901
168668087901900
150732409864878
207683405683563
114696304395474
182734849544099
17389981584113
112684781300741
267861585116047
201524185810796
161529575889996
185383158308934
78898853086161
46588584054174
11768993364840
220469352457908
117210907502290
149816571845360
171800848002213
190818979324833
271808323804242
5665983809957
135299711923687
36324184940521
183256354930314
219730414689315
198185820092551
96095003735075
55489140990127
275266858586164
80895076950042
141226859840079
14375889320388
21269718072976
47383830331787
235172229883559
84999276724628
152895769528782
219341150943226
26063396064268
173839748985791
67173359883356
93714698183165
214565945518715
254955493458936
257234997616808
172449319075538
34438145092498
241751350222215
25727885072015
98167804575572
253362502895738
250232100365108
12656212084597
141414928512538
27404770859983
250893573468682
198243578253107
214794641913564
21935277570464
227879732344372
267814375824013
82108975149105
64219794482847
112182324614946
27611744857377
225355967579570
69689102864195
278229050562806
94651828678629
58249537606655
99202129274767
203271878732670
155863842661144
235805347491555
156172103439067
273244782687205
70849898063871
109256320443176
