203000540209048
39753561657184
34438145092498
117210907502290
149816571845360
114696304395474
72475356961633
182734849544099
224588224076512
17389981584113
17924703695118
222895439906815
84009241388996
86766878375837
93448742633868
267861585116047
201524185810796
161529575889996
257234997616808
172449319075538
241751350222215
214565945518715
254955493458936
26063396064268
173839748985791
67173359883356
7677710237465
94356117068889
126996654487494
123873527214385
22739276812731
141226859840079
14375889320388
21269718072976
