203000540209048
260610944512619
196800087258727
185766774930972
184849692557090
23531113450011
188903810207789
132992347781283
260427619730371
169444238102848
215503402902965
255629052919189
63905674355967
65076531416372
274447553423952
191181185813812
48946007243213
211802802058289
190993267158794
12103676745934
173378701919638
176208864101603
185670760452528
83668211394157
123176609308964
22882524097674
234086551199886
249281704971288
239532082603830
124488182661419
72280365469855
12791640951718
207709691930399
40582540457722
204155011425751
105905759274105
216403855480351
95680921335890
25223309939852
228643552364874
270366115295149
99096971354856
57855304305752
124091272523430
97259421750837
66144995117029
73706326947846
234713742718154
3939814540715
72475356961633
67779499362412
224588224076512
125241514302505
17924703695118
144156583257292
179881237608202
41715120358154
17372885060911
143602131401462
105099926681291
222895439906815
156914211556396
227963197332978
181257063129983
31797646431249
260590826654917
254416636291227
139901563501948
106495869638342
123468314958255
10016961657493
158143822674450
14232411764698
204556726184957
63836088579853
94587682762452
33963865118962
245260224586465
168992652097891
204102776608642
194861482003569
249384536728693
139763069095086
21754573223559
194419157287275
8503098298838
82425581608470
227759601358574
188442986308616
147184200187182
150493109781907
212896727051006
148806526412747
99393631219522
174163057528969
158904067847008
178612440733546
117210907502290
149816571845360
144823957791393
121522894213022
75676051629530
14993589248719
207702309653304
200078220452600
69104805139584
