203000540209048
260610944512619
196800087258727
185766774930972
226537931495001
173000310144383
84029808611720
139691670679721
40956508003033
99105293615167
91926021987862
172577124087781
263577774406529
268779080899750
264933543810647
210054881892999
198583059039036
196146111824950
102980705489780
149463034143830
6284919522236
248676323253817
158695145906443
116967254640338
27951261050343
253636205088177
35114112602712
95459914862583
141059095623106
212867027220831
268581886459962
188903810207789
191222827566100
139799187100640
93480003157392
255461005687563
208853448607164
274192375578638
204194414652645
190462169631593
13306242937183
224445013896438
96060893707141
148300232186019
222888691623979
154077612362572
181375124365316
168340663343889
3149067294382
144023701749168
200674278548722
112054343016917
203621786753293
212184202457177
22004096779783
50416867572283
187262432296245
145558520097647
272313524922766
37005067253285
107052447994168
133953065745049
281172983791116
117123549375331
91738577531536
165742851428986
45630308942709
168010242845990
114102960090670
7175732548939
3423819812560
43048000755776
2284333099441
40871061300692
14115681446212
250406095921024
53143079570815
60489244331219
58550681070717
157326664998555
164933052467796
121053583216243
260747214445822
77164548114528
247909615783740
242511146674711
75693337567169
192880370031053
14573635611127
76835963542830
83327976763519
71636286505427
215114828458573
240935425107780
274800011746529
97259421750837
213484206960721
142608116087965
78951679298322
45249734418505
14232411764698
204556726184957
85415722367470
72475356961633
94587682762452
224588224076512
33963865118962
17924703695118
245260224586465
179881237608202
168992652097891
204102776608642
194861482003569
249384536728693
191616407584966
21754573223559
222895439906815
194419157287275
13054079125254
245485687374362
181003978858871
37256273590831
166805684112309
224148875368289
44660790203194
195723853452461
105099926681291
156914211556396
227963197332978
86131217820855
270931167675216
20593226359346
50414508723320
161476726398649
261100054866335
30194003888785
125168365699978
137669832300635
27222260885642
52233807364461
125389948084298
41274477138777
12098070721314
56723662610701
196041158703495
238166705764447
151266587560836
118724489350462
205792642787811
276452417657830
201291875594942
18659648796028
102275745405210
213274378755467
18818385022326
138092230338529
275502640717851
