203000540209048
260610944512619
196800087258727
185766774930972
184849692557090
23531113450011
40956508003033
99105293615167
91926021987862
172577124087781
268779080899750
264933543810647
210054881892999
198583059039036
102980705489780
149463034143830
6284919522236
248676323253817
158695145906443
116967254640338
27951261050343
253636205088177
151508070943428
234520716305333
274290097774951
60220108213051
96345662459179
186095902690375
256199147049634
24072122252884
131979655825354
108170957416094
275421524867070
8407921198549
107860653556069
134632255767227
110910461708803
222831778784984
107971382030130
18182289702738
134831024351070
190900599810185
181698488001281
248518743889428
30245646697796
144165622202971
215931795752459
147778574245031
238860956046310
96060184499687
191879097109850
215500919135276
104628363092931
275347129693372
274585521013826
188903810207789
215503402902965
255629052919189
63905674355967
65076531416372
274447553423952
234086551199886
249281704971288
12791640951718
207709691930399
105905759274105
216403855480351
95680921335890
25223309939852
59633686556665
274186815956279
86661275570167
164256606491139
28486853710333
81508944158916
25157446809521
172372112972610
109114911489172
279534070033182
93158458168827
9865677370950
195999153617904
23539184035933
69849414435748
135432623945630
56300862397284
97364544454005
190275204724039
31232410136414
124091272523430
37424171936698
179137526613709
212613186387789
137342723355823
139698120846797
144229951871615
130274029752512
216643826739026
7602401116661
112242392666632
255586599050062
104842981716964
265093633966559
67944938176078
217161739223041
53980397777349
26980289144724
15094045810316
144100457986306
272561832234322
242497311050976
92622592873604
158537507533296
198498632407302
150219278419062
183957747233965
188927730155495
7461367812113
210871341900186
153878546889807
83517354654704
104578733226880
4144868121307
134589616339179
18061210507617
266885693639801
240854499437478
100018398406407
261971776090646
26645221821860
236579509518952
101063726302444
69296411263480
105706066212410
83741041005809
7099954135094
204467236407777
53947718090189
271783071303657
113916079214598
100237050227349
183350082724227
197979288882349
41017562680728
20832853425004
97259421750837
249528609073741
46229228145251
221181704228177
38254970062809
205693369659067
39863029131245
70244478092922
255963360853644
52668977253574
109263276289033
139091874427489
155947042472116
225359851036467
76056561573662
169107545288984
233336517934901
32545282181290
277079580612206
49755413150971
111791975353876
88095617669362
263267856912923
265867836302377
146395283006406
72475356961633
65645807654091
224588224076512
245525335257814
17924703695118
87755420104246
105099926681291
222895439906815
162935561504423
14993589248719
207702309653304
17383409829056
69104805139584
124751103992691
82425581608470
227759601358574
201110351242294
122711649680610
176773394912871
231162550955012
179881237608202
156914211556396
227963197332978
13054079125254
31737495518490
249355987923665
221839955347884
221795026458140
13304186574435
101495055829191
76262800543470
33330674449873
276452417657830
238109313881048
235050559507314
207430213955818
252084484874537
254846082389938
152182297080558
124289015743758
31884555062354
254687833681998
137347231663432
103551587650793
108670928258313
51570848049199
146612046164761
14091288412081
163630187209096
126422704684336
121746183953923
240955190533884
89510434331664
221539812525443
29202341109357
231238925671707
81724325203335
16310348059337
13020400758551
150228776651881
61627191786143
261002948197936
181290037200066
67677742398881
56261939820882
109061429759366
103360465259828
149816571845360
26692508127396
137843389210469
187442659801346
7134436188224
236766530251119
2886664291436
199525970646337
64464610517182
128584094185417
64996021053988
169906180931203
63280236209374
136275607530015
179992255985986
121757812853429
119187046148743
156608164092037
136053984206967
254077487230734
221970782493094
45249734418505
14232411764698
204556726184957
63836088579853
158904067847008
33963865118962
245260224586465
168992652097891
204102776608642
194861482003569
249384536728693
237997694426699
21754573223559
194419157287275
