203000540209048
260610944512619
196800087258727
185766774930972
184849692557090
23531113450011
40956508003033
268779080899750
188903810207789
132992347781283
260427619730371
169444238102848
215503402902965
255629052919189
63905674355967
65076531416372
274447553423952
191181185813812
113887269618745
48946007243213
211802802058289
190993267158794
12103676745934
173378701919638
176208864101603
185670760452528
83668211394157
123176609308964
22882524097674
234086551199886
249281704971288
239532082603830
124488182661419
72280365469855
12791640951718
207709691930399
40582540457722
204155011425751
105905759274105
216403855480351
95680921335890
25223309939852
228643552364874
270366115295149
99096971354856
57855304305752
59633686556665
172372112972610
124091272523430
97259421750837
63973063935810
76796079458572
99752364919555
234915204791000
245485687374362
181003978858871
48184173962158
72475356961633
61385874458566
224588224076512
208791714431251
17924703695118
192381932228419
179881237608202
17383409829056
105099926681291
222895439906815
156914211556396
227963197332978
114038204907953
179207672174154
115034758490634
245427321407079
29844546760610
273102426351087
117210907502290
149816571845360
50892710692571
263791833250794
153383241361475
14615112131379
14232411764698
204556726184957
63836088579853
94587682762452
33963865118962
245260224586465
276944374439089
204102776608642
194861482003569
249384536728693
271441449110133
21754573223559
194419157287275
19718513667727
124554941940488
8168039180538
78404986001952
113911987152095
154435054818831
271806725340252
14746426607000
86625929055569
76262800543470
103551587650793
221539812525443
214372399373945
215035772789646
63566602125155
25812710321133
152182297080558
252084484874537
254846082389938
135838508652267
62511473639566
227106022744665
214218896687146
51107997970792
44029389749024
275520385170228
96762046298509
