203000540209048
185766774930972
184849692557090
23531113450011
40956508003033
268779080899750
188903810207789
215503402902965
255629052919189
63905674355967
65076531416372
274447553423952
234086551199886
249281704971288
12791640951718
207709691930399
105905759274105
216403855480351
95680921335890
25223309939852
59633686556665
172372112972610
124091272523430
97259421750837
19300157878755
103360465259828
149816571845360
270669840184564
72475356961633
19070330992946
224588224076512
179982467272196
17924703695118
222895439906815
268161564146695
204682407420359
78087025984533
174061393387003
174721058666092
245485687374362
181003978858871
278259899163976
149043168344749
9469381652884
45537513281191
179881237608202
148190186433457
105099926681291
156914211556396
227963197332978
