203000540209048
97259421750837
194691034704611
247181504289216
169906180931203
140266946700336
72301352893986
72475356961633
245467421995207
224588224076512
222684884955684
17924703695118
258892419194196
156608164092037
222895439906815
136053984206967
254077487230734
221970782493094
201791889581680
275401506830731
156074819886993
93693138409723
28770949893397
15245450681020
242305157280067
278559342651155
276452417657830
131325861189750
235050559507314
252084484874537
254846082389938
135838508652267
62511473639566
263999751006732
271071975934724
