203000540209048
260610944512619
196800087258727
185766774930972
184849692557090
23531113450011
40956508003033
99105293615167
91926021987862
172577124087781
268779080899750
264933543810647
210054881892999
198583059039036
102980705489780
149463034143830
6284919522236
248676323253817
158695145906443
116967254640338
27951261050343
253636205088177
151508070943428
234520716305333
274290097774951
60220108213051
96345662459179
186095902690375
256199147049634
24072122252884
131979655825354
108170957416094
275421524867070
8407921198549
107860653556069
134632255767227
110910461708803
222831778784984
107971382030130
18182289702738
134831024351070
190900599810185
181698488001281
248518743889428
30245646697796
144165622202971
215931795752459
147778574245031
238860956046310
96060184499687
191879097109850
215500919135276
104628363092931
275347129693372
188903810207789
215503402902965
255629052919189
63905674355967
65076531416372
274447553423952
234086551199886
249281704971288
12791640951718
207709691930399
105905759274105
216403855480351
95680921335890
25223309939852
86661275570167
164256606491139
28486853710333
81508944158916
279534070033182
93158458168827
9865677370950
195999153617904
135432623945630
190275204724039
124091272523430
97259421750837
247181504289216
169906180931203
140266946700336
72301352893986
72475356961633
245467421995207
224588224076512
222684884955684
17924703695118
258892419194196
156608164092037
222895439906815
136053984206967
254077487230734
221970782493094
201791889581680
275401506830731
156074819886993
93693138409723
28770949893397
15245450681020
242305157280067
278559342651155
276452417657830
131325861189750
235050559507314
252084484874537
254846082389938
135838508652267
62511473639566
263999751006732
271071975934724
154992106854986
145784800117833
139151809709858
216462071468012
103551587650793
17383409829056
105099926681291
156914211556396
227963197332978
37897718123597
103360465259828
149816571845360
204682407420359
78087025984533
174061393387003
174721058666092
245485687374362
181003978858871
278259899163976
149043168344749
9469381652884
45537513281191
179881237608202
148190186433457
124751103992691
82425581608470
227759601358574
201110351242294
122711649680610
176773394912871
231162550955012
45249734418505
14232411764698
204556726184957
63836088579853
158904067847008
33963865118962
245260224586465
168992652097891
204102776608642
194861482003569
249384536728693
237997694426699
21754573223559
194419157287275
