203000540209048
260610944512619
196800087258727
185766774930972
184849692557090
23531113450011
40956508003033
99105293615167
91926021987862
172577124087781
268779080899750
264933543810647
210054881892999
198583059039036
102980705489780
149463034143830
6284919522236
248676323253817
158695145906443
116967254640338
27951261050343
253636205088177
151508070943428
234520716305333
274290097774951
60220108213051
96345662459179
186095902690375
256199147049634
24072122252884
131979655825354
108170957416094
275421524867070
8407921198549
107860653556069
134632255767227
110910461708803
222831778784984
107971382030130
18182289702738
134831024351070
190900599810185
181698488001281
248518743889428
30245646697796
144165622202971
215931795752459
147778574245031
238860956046310
96060184499687
191879097109850
215500919135276
104628363092931
275347129693372
274585521013826
154883243138291
188903810207789
132992347781283
260427619730371
169444238102848
215503402902965
255629052919189
63905674355967
65076531416372
274447553423952
191181185813812
113887269618745
48946007243213
211802802058289
190993267158794
12103676745934
173378701919638
176208864101603
185670760452528
83668211394157
123176609308964
22882524097674
234086551199886
249281704971288
239532082603830
124488182661419
72280365469855
12791640951718
207709691930399
40582540457722
204155011425751
105905759274105
216403855480351
95680921335890
25223309939852
228643552364874
270366115295149
99096971354856
57855304305752
59633686556665
274186815956279
86661275570167
164256606491139
28486853710333
81508944158916
25157446809521
172372112972610
109114911489172
279534070033182
93158458168827
9865677370950
195999153617904
23539184035933
69849414435748
135432623945630
56300862397284
97364544454005
190275204724039
31232410136414
124091272523430
70059961058756
147458435014019
26357099904809
270939107222212
187992892526694
256895100226402
214168814235360
162817478501248
83684052663657
118052008942983
150479764132064
261567140607799
61912405114301
125193871006161
131885046661828
190682214778855
186793479437019
181026900978386
246588936548120
7723044506436
90410659748690
192914589677232
36969935447309
231324610588712
183613853229101
227139857165519
102000597825481
32107144092689
90100397281109
208794754003659
84775896169142
259380914015916
97259421750837
280457507138356
182953290618746
70602367450921
200944943084050
160903676099980
41519489433980
45834971589716
73706326947846
234713742718154
151350909079337
72475356961633
125773596967136
224588224076512
228543237320001
17924703695118
17383409829056
179881237608202
195964530852904
17372885060911
261070448684511
105099926681291
222895439906815
156914211556396
227963197332978
181257063129983
31797646431249
260590826654917
267025579905725
91543014834194
94880194779625
32886083668690
193246073881074
231383658551480
260178567715914
166892986756012
28144776990375
245485687374362
181003978858871
194442127727695
240547253195197
52933529605257
223929091656063
260576265175986
10016961657493
103551587650793
158904067847008
29670395510832
123468314958255
139901563501948
66144995117029
254416636291227
106495869638342
