203000540209048
31812563445102
232719634532493
115186320199424
39456769480594
271563635562160
252290341190437
25469037623208
219423814864644
128172527249920
259033963911995
189221732145221
30570720715787
64418101907888
244292948717587
187118800752212
157794748385846
67390656224622
192149001377730
246922345747064
238484103881564
75389067897179
116470678416005
129630330954212
97259421750837
223764269044397
169906180931203
140266946700336
61813478742667
72475356961633
242491856810944
224588224076512
7510814164975
17924703695118
57782305349988
156608164092037
222895439906815
136053984206967
254077487230734
221970782493094
