203000540209048
31812563445102
40174189243339
108667579083483
47834106819144
200436064752671
196941493436220
131021399375098
63479201550256
51159968716615
16625239272084
148078061939663
216817701296033
36728062189236
19193057491078
233746437485151
193354386994135
95338717204880
166221010605895
97259421750837
171049320266832
167448723047318
169906180931203
140266946700336
273683596981912
72475356961633
196376099362335
224588224076512
80951229358994
17924703695118
26585573471732
156608164092037
222895439906815
136053984206967
254077487230734
221970782493094
31693347866016
103360465259828
149816571845360
96388296792264
223142348151874
132392444286243
4619903561011
171770015972530
60657857964846
94120899042427
113911987152095
199172929501630
43547241148072
13082948773917
225945849775769
242482286247511
70653062694564
68631372172926
123912368643790
267909823447280
182493422661891
237817063623089
182041429852950
