203000540209048
31812563445102
241567691915775
21101656119016
97259421750837
104275626760326
14340467007359
228218431651313
235228804678074
103551587650793
72475356961633
173639908438821
224588224076512
195021680951877
17924703695118
276452417657830
235050559507314
222895439906815
252084484874537
254846082389938
135838508652267
62511473639566
256449507559414
275401506830731
195157788916660
62390367683531
45971625443022
156608164092037
136053984206967
254077487230734
221970782493094
263999751006732
271071975934724
