203000540209048
52299650798004
104294837118322
117210907502290
149816571845360
66236141005229
72475356961633
131765576839888
224588224076512
207324407720848
17924703695118
222895439906815
134743331119268
116328258541892
119717818859013
187629679098601
123029669757796
137849141187493
45598515207319
146318973280755
33221552684351
14185226444976
108166401224961
86775517831577
156608164092037
200474441362416
76262800543470
93656696418308
221539812525443
136053984206967
254077487230734
221970782493094
252084484874537
254846082389938
152182297080558
229376681712359
108228991558494
122089627436088
63714969100849
191860839496120
254538815829533
160773256362030
157859088343531
126335211997259
228599030893174
218317140894200
93389880089273
