203000540209048
140923295867311
80282310855821
115055982515799
184456398822718
145183774050897
72475356961633
37065435856685
224588224076512
76196384637055
17924703695118
232351040519789
76262800543470
101527473634641
221539812525443
222895439906815
252084484874537
254846082389938
152182297080558
234806740023634
88316328193489
195916031750091
126616487086896
217025306259603
78326589115651
280742547276613
10477228289078
39063292915305
43315442572784
115305050066816
45598515207319
146318973280755
133557057772860
154169023618038
187616025693127
106119640828044
156608164092037
271440030598688
136053984206967
254077487230734
221970782493094
29206777142749
52120263503362
76657186332624
