203000540209048
256689457833966
30978312305116
57618201855328
78955044384478
141414928512538
27404770859983
38943406853093
72475356961633
158904067847008
224588224076512
199255009998097
17924703695118
222895439906815
232733371651018
117210907502290
149816571845360
259899220703497
78194324445482
176753002098272
267914067465649
172230927147976
70079271336758
10804070026103
263483681495779
236681313446489
253919251790262
276452417657830
87321669814201
235050559507314
252084484874537
254846082389938
135838508652267
62511473639566
264583031396939
275266858586164
16364957602564
151491578384426
130317205789426
129999828362131
8001898009871
245853498920682
187636308234823
234692752728727
183472540429167
230557269741795
6664114829124
