203000540209048
166910278902596
41631560790486
117210907502290
149816571845360
27260641080085
72475356961633
126996654487494
224588224076512
123873527214385
17924703695118
222895439906815
253796501946384
231887457377333
182734849544099
17389981584113
35608965063075
126349076039891
22252707297140
88649176377304
236232014958039
115055982515799
184456398822718
95172174816899
169787648558827
196547540558255
160746651710237
76262800543470
215070994435705
221539812525443
252084484874537
254846082389938
152182297080558
98833676603999
116328258541892
171967866100341
215824742321047
103010113110627
232733371651018
103360465259828
259899220703497
78194324445482
176753002098272
187918029540061
42039878305046
66427472538628
88620197352667
74863996271343
108228991558494
122089627436088
266600902263925
217539362283576
149638903590202
200474441362416
215220267078758
231122540185312
156400053158730
21149796206887
176130546090116
109722191890908
91971076013836
137157618488851
97538133787101
72588792581099
5224401370231
173845494022602
214315508567309
63874991500972
179821376588067
255152711997740
262205349359096
14770686707785
173596431902315
276452484647807
191929367975923
160773256362030
216088860418319
119159040283710
45563455628067
203769199104096
152196128412022
33949415413761
261353087144553
45598515207319
27647267526844
183604330838423
237464838533947
219553704049186
96551951182880
156608164092037
232351040519789
108600778628565
136053984206967
254077487230734
221970782493094
30372207496080
163563277481189
353474872493
168681617193873
172248576027995
13053169864323
176987444108571
54577438786279
127069784524846
223897896259357
276033108859101
249322928287692
78434758399617
234057510666399
108703418689751
144343487405966
141414928512538
27404770859983
131208965969210
158904067847008
52434875322668
115918009564180
179249879080425
260431321385492
242540821882092
31539296451678
20148131243463
85744139788915
83291244289177
11768359053708
128352393697706
