203000540209048
144363822765628
71018698396449
115055982515799
184456398822718
245850372075693
72475356961633
146543102666954
224588224076512
151497947122636
17924703695118
232351040519789
76262800543470
161104988949442
221539812525443
222895439906815
252084484874537
254846082389938
152182297080558
36510623493791
117210907502290
33807246593646
75967535152085
255001533478716
269176967660525
95340585960556
116328258541892
145262998225404
6079278568377
171744639421616
66458265015032
120670033750107
232579291307137
104883434597363
218798573017865
14993589248719
207702309653304
69104805139584
