203000540209048
208824848678439
129033070978726
48346665371261
50517105651294
146536771925555
5734545090185
95522092460173
113852735133007
267873987821195
143313801385017
207310456761415
234076034940328
279433972535519
230348214791798
246702802934772
129622578006609
80393362952336
52055970888192
103360465259828
116328258541892
34127574556451
72475356961633
19802632795622
224588224076512
7133621777923
17924703695118
222895439906815
184473775160238
68408945025809
63435412707806
179524503785309
120281843070561
241375582812544
30125828747374
36172691102064
122830511884011
249509786697399
125923027204306
117210907502290
33807246593646
31444765372408
195422272086640
59633538258517
244804086919116
109658404566381
239369093259179
249897638200262
276452417657830
103551587650793
235050559507314
252084484874537
254846082389938
135838508652267
62511473639566
52999427471397
33239985878161
