203000540209048
31812563445102
171043777931905
22800811807570
259503618202573
97259421750837
72259848125948
190322397100702
180836229084197
169906180931203
98734436089294
73625395235028
72475356961633
188571389739931
224588224076512
159855275161824
17924703695118
154800786718086
156608164092037
222895439906815
136053984206967
254077487230734
221970782493094
66776101766323
103360465259828
149816571845360
226007729242559
209235873379181
223529240857191
259888073008602
153086550512329
259052402077761
232918864901024
