203000540209048
31812563445102
171043777931905
274867279300636
97259421750837
72259848125948
198429312224810
193560817911421
169906180931203
70653062694564
87803901024033
72475356961633
113021592282439
224588224076512
111200988471359
17924703695118
264988104388028
156608164092037
222895439906815
136053984206967
254077487230734
221970782493094
242209573578374
103360465259828
149816571845360
25291547897156
243894281773978
82441138949887
259888073008602
117210907502290
153086550512329
259052402077761
232918864901024
