203000540209048
31812563445102
171043777931905
274867279300636
97259421750837
127210395382041
14340467007359
275401506830731
195157788916660
103551587650793
72475356961633
93079867895566
224588224076512
195021680951877
17924703695118
45971625443022
156608164092037
276452417657830
235050559507314
222895439906815
136053984206967
254077487230734
221970782493094
252084484874537
254846082389938
135838508652267
62511473639566
263999751006732
271071975934724
164101147420630
103360465259828
149816571845360
111598279105307
32574775615284
102900227286244
