203000540209048
31812563445102
37308557774653
233708281781365
47005418250019
189080703212440
97259421750837
85668403301957
196230713057692
127210395382041
256449507559414
275401506830731
156074819886993
103551587650793
72475356961633
136857491368910
224588224076512
195021680951877
17924703695118
45971625443022
156608164092037
276452417657830
235050559507314
222895439906815
136053984206967
254077487230734
221970782493094
252084484874537
254846082389938
135838508652267
62511473639566
263999751006732
271071975934724
196845326530642
195157788916660
163652084881161
219622166770261
117210907502290
149816571845360
17759526837236
153647118703713
235851856956615
