203000540209048
260610944512619
196800087258727
185766774930972
226537931495001
173000310144383
84029808611720
139691670679721
28591303553528
40956508003033
99105293615167
91926021987862
172577124087781
263577774406529
183827502803655
268779080899750
264933543810647
210054881892999
198583059039036
196146111824950
208663362495411
102980705489780
149463034143830
6284919522236
248676323253817
97473688619962
158695145906443
116967254640338
27951261050343
253636205088177
233039274589072
35114112602712
95459914862583
60748088055594
127554612442031
151764576582671
133976502146742
11579412128368
158515021234619
69782215752513
33002781633690
28568079453425
278139446622560
49892299410829
124441250337861
246631069062713
192023211215719
192236526130639
62154257254792
84841390284230
181269347556324
170746195861267
195655171566319
238188521667060
273178205870425
172985116642811
33576738951777
83337576835041
144273083182434
259657952785866
170290515459050
241244566464647
66448609055519
160793342947608
156394136078565
267932567656029
275146552507742
140991205666445
109035421338545
203507046357813
130430345148764
87118272923045
205362037775720
53681535019233
177460211082811
263794709895511
55680297213145
216505082093396
221295310754687
129459525032092
97259421750837
99712464768832
134667145079909
243447344838757
162648076283060
78714995051896
184948102481263
46824562469024
72475356961633
146310967882292
224588224076512
101203258370841
17924703695118
103551587650793
276452417657830
235050559507314
256521485527511
76262800543470
196377215575488
105099926681291
222895439906815
252084484874537
254846082389938
135838508652267
62511473639566
263999751006732
271071975934724
152182297080558
240104597356347
169906180931203
63280236209374
159205358583970
102854217751663
100668397801497
148567573959639
156608164092037
136053984206967
254077487230734
221970782493094
208119121333869
204794891629470
233225151751556
74158935986943
158904067847008
227811473145658
23807163548189
41575242050737
78655922771668
128132214936972
15527004693460
245227551237032
177831703858981
74713688393926
15161606006575
168099300964763
156914211556396
227963197332978
74797551153694
171770015972530
103601546663443
209264425689759
113911987152095
101555607444703
43547241148072
13082948773917
225945849775769
63544928277528
75220598168280
57683694696994
133961759516395
108395763894931
201797194978975
95305268368112
128971797075374
233218188352868
221539812525443
208016605031769
263518835156866
30125828747374
183254543391285
85330671983663
17203476210872
187477079250561
234578488745461
203500988377701
146612046164761
14091288412081
191851542414317
227460115904865
255855125423540
233587789146895
169678681690360
