203000540209048
260610944512619
196800087258727
185766774930972
226537931495001
173000310144383
84029808611720
139691670679721
28591303553528
40956508003033
99105293615167
91926021987862
172577124087781
263577774406529
183827502803655
268779080899750
264933543810647
210054881892999
198583059039036
196146111824950
208663362495411
102980705489780
149463034143830
6284919522236
248676323253817
97473688619962
158695145906443
116967254640338
27951261050343
253636205088177
233039274589072
35114112602712
95459914862583
60748088055594
127554612442031
151764576582671
133976502146742
11579412128368
158515021234619
69782215752513
33002781633690
28568079453425
278139446622560
49892299410829
124441250337861
246631069062713
192023211215719
192236526130639
62154257254792
84841390284230
181269347556324
170746195861267
195655171566319
160793342947608
156394136078565
267932567656029
275146552507742
140991205666445
109035421338545
203507046357813
130430345148764
87118272923045
205362037775720
53681535019233
177460211082811
263794709895511
55680297213145
216505082093396
221295310754687
129459525032092
97259421750837
166205272894130
82845622813582
9386194412852
144112806649397
103360465259828
149816571845360
129187800976590
72475356961633
158904067847008
224588224076512
13441460209476
17924703695118
222895439906815
83819199759687
146612046164761
14091288412081
122023604303471
128202756235258
100281123606014
76262800543470
103551587650793
221539812525443
183215753315270
105099926681291
252084484874537
254846082389938
152182297080558
36181229806816
236829333798024
184456398822718
106479614995766
126225245946378
263216130004586
268673490638755
154680623989155
159992225853797
233715923214076
82425581608470
227759601358574
17383409829056
179881237608202
156914211556396
227963197332978
83735924410396
264959733352559
74037051576406
