203000540209048
260610944512619
196800087258727
185766774930972
184849692557090
23531113450011
40956508003033
99105293615167
91926021987862
172577124087781
268779080899750
264933543810647
210054881892999
198583059039036
102980705489780
149463034143830
6284919522236
248676323253817
158695145906443
116967254640338
27951261050343
253636205088177
151508070943428
234520716305333
274290097774951
60220108213051
96345662459179
186095902690375
256199147049634
24072122252884
131979655825354
108170957416094
275421524867070
8407921198549
107860653556069
134632255767227
110910461708803
222831778784984
107971382030130
18182289702738
134831024351070
190900599810185
181698488001281
248518743889428
30245646697796
144165622202971
215931795752459
147778574245031
238860956046310
96060184499687
191879097109850
215500919135276
104628363092931
275347129693372
188903810207789
132992347781283
260427619730371
169444238102848
215503402902965
255629052919189
63905674355967
65076531416372
274447553423952
191181185813812
113887269618745
48946007243213
211802802058289
190993267158794
12103676745934
173378701919638
176208864101603
185670760452528
83668211394157
123176609308964
22882524097674
234086551199886
249281704971288
239532082603830
124488182661419
72280365469855
12791640951718
207709691930399
40582540457722
204155011425751
105905759274105
216403855480351
95680921335890
25223309939852
228643552364874
270366115295149
99096971354856
57855304305752
59633686556665
274186815956279
86661275570167
164256606491139
28486853710333
81508944158916
25157446809521
172372112972610
109114911489172
279534070033182
93158458168827
9865677370950
195999153617904
23539184035933
69849414435748
135432623945630
56300862397284
97364544454005
190275204724039
31232410136414
124091272523430
208640248985197
214868843651399
187992892526694
173845376748564
210730071708857
183067513560765
258543203813857
94657237738127
109428211770494
245605114369315
74418877435364
148987313104508
196019156243525
148511561497512
255610595137368
214757315285693
263321243081795
260612487554425
36422725061830
135677009202876
97259421750837
154571795591624
74059800293837
272283341806402
73706326947846
234713742718154
179971582074178
72475356961633
151138633326508
224588224076512
188246316157789
17924703695118
251932854597323
179881237608202
246162685445474
17372885060911
249110332273258
105099926681291
222895439906815
156914211556396
227963197332978
181257063129983
31797646431249
260590826654917
53290689853322
252124191267558
94855218815591
103360465259828
149816571845360
125154272543636
211199646898526
10358741729385
173733049882884
134834435486918
172621287527034
4452071637515
90309730762277
175809012355552
228077133974550
136992466122771
271871783787026
42096184016481
245485687374362
181003978858871
114869104589578
127203850500912
236434237427613
195221616790433
195865635957092
72128383969934
151007482655888
246819272364139
82425581608470
227759601358574
188442986308616
147184200187182
150493109781907
233949115684514
267740377847491
141414928512538
27404770859983
200575094339555
158904067847008
188076518209921
52915483839419
14232411764698
204556726184957
63836088579853
94587682762452
33963865118962
245260224586465
168992652097891
204102776608642
194861482003569
249384536728693
237997694426699
21754573223559
194419157287275
18667353181348
267805710226758
219338586696075
131405073919423
113794139099934
24849663573588
265341231705724
19378703137435
188995492530722
126286646434568
81656207338562
221334518087769
156574102000437
156608164092037
20819280066252
136053984206967
254077487230734
221970782493094
3161740709565
12098070721314
56723662610701
118247842299277
65904133233532
204454509540818
17383409829056
103551587650793
276452417657830
239548119628243
102480748352228
14993589248719
207702309653304
200078220452600
69104805139584
