203000540209048
31812563445102
161914134760718
51720839024429
235942720911256
99020600922051
67528769101673
136376031685134
104834970810880
53968567146738
94741524138923
1095252303009
261488029896858
197059613676984
274656787264415
54967200780953
233772020660041
239748730881927
96339352919742
176469670753949
104875497753124
166488651986101
233022548264993
27868821216060
211266583983154
200468520163115
249913867012702
73794737580158
148215102988673
230291034809656
4454955003352
154596176268748
108539738602551
260044486057130
97259421750837
25991973385003
26962793438057
137669832300635
96953172058558
72475356961633
212129797400534
224588224076512
29670395510832
17924703695118
222895439906815
156914211556396
227963197332978
114538287883241
249737905162989
197710784250529
265619900009098
53694679018702
113036287476916
195715097308245
115673095573063
84758088382774
