203000540209048
260610944512619
196800087258727
185766774930972
184849692557090
23531113450011
40956508003033
99105293615167
91926021987862
172577124087781
268779080899750
264933543810647
210054881892999
198583059039036
102980705489780
149463034143830
6284919522236
248676323253817
158695145906443
116967254640338
27951261050343
253636205088177
151508070943428
234520716305333
274290097774951
60220108213051
96345662459179
186095902690375
256199147049634
24072122252884
131979655825354
108170957416094
275421524867070
8407921198549
107860653556069
134632255767227
110910461708803
222831778784984
107971382030130
18182289702738
134831024351070
190900599810185
181698488001281
248518743889428
30245646697796
144165622202971
215931795752459
147778574245031
238860956046310
96060184499687
191879097109850
215500919135276
104628363092931
275347129693372
220553028234101
266576237176793
260886470732357
46759915029823
213379731914434
188903810207789
132992347781283
260427619730371
169444238102848
215503402902965
255629052919189
63905674355967
65076531416372
274447553423952
191181185813812
113887269618745
48946007243213
211802802058289
190993267158794
12103676745934
173378701919638
176208864101603
185670760452528
83668211394157
123176609308964
22882524097674
234086551199886
249281704971288
239532082603830
124488182661419
72280365469855
12791640951718
207709691930399
40582540457722
204155011425751
105905759274105
216403855480351
95680921335890
25223309939852
228643552364874
270366115295149
99096971354856
57855304305752
59633686556665
64963390489852
274186815956279
86661275570167
164256606491139
28486853710333
81508944158916
25157446809521
172372112972610
24616817412546
109114911489172
279534070033182
93158458168827
9865677370950
195999153617904
23539184035933
69849414435748
135432623945630
56300862397284
97364544454005
190275204724039
31232410136414
202535649458737
124091272523430
210310671816179
100463030874665
81876206068368
97663010040981
117288026223065
17954714860296
51146077629408
166216037446165
37276166137274
82986824999115
210660712517371
120674456636298
57365608271605
40208573819979
29777196588340
19947951065257
49121209848153
30513927867197
112242392666632
255586599050062
104842981716964
265093633966559
67944938176078
217161739223041
53980397777349
26980289144724
15094045810316
144100457986306
272561832234322
242497311050976
92622592873604
158537507533296
198498632407302
150219278419062
183957747233965
188927730155495
7461367812113
210871341900186
153878546889807
83517354654704
104578733226880
4144868121307
134589616339179
18061210507617
266885693639801
240854499437478
100018398406407
261971776090646
26645221821860
236579509518952
101063726302444
69296411263480
105706066212410
83741041005809
7099954135094
204467236407777
53947718090189
271783071303657
113916079214598
100237050227349
183350082724227
197979288882349
41017562680728
97259421750837
6707294536961
164725479834694
74059800293837
219925437714807
31737495518490
249355987923665
219946015105652
72475356961633
1417469106228
224588224076512
38465193589552
17924703695118
71562616375841
76262800543470
49662906034431
276452417657830
62266211392189
235050559507314
38762046353189
105099926681291
222895439906815
156914211556396
227963197332978
252084484874537
254846082389938
152182297080558
149188305913722
19378703137435
239612421177521
102089793386284
260897905872851
139026912484919
275899401850645
156608164092037
216430933831834
136053984206967
254077487230734
221970782493094
70538911739249
14993589248719
207702309653304
200078220452600
69104805139584
137001750674938
79954231500544
217437768758267
23207012826709
182920755274647
23229091886587
103551587650793
118993927884141
61270929965213
169906180931203
98734436089294
73625395235028
188571389739931
159855275161824
154800786718086
206630697209079
82425581608470
227759601358574
188442986308616
147184200187182
150493109781907
233949115684514
179881237608202
45249734418505
14232411764698
204556726184957
63836088579853
94587682762452
33963865118962
245260224586465
168992652097891
204102776608642
194861482003569
249384536728693
12425784388168
21754573223559
194419157287275
108673786551985
39622188923039
158904067847008
61902277357541
86856384792021
227849344718329
211775555642705
167066374947955
22641416977540
166458199649754
141414928512538
27404770859983
236290255775815
188076518209921
123468314958255
73706326947846
234713742718154
187894067036536
25284566733847
276250131774026
208515809885394
261464325621259
17372885060911
219105669301644
181257063129983
31797646431249
260590826654917
10016961657493
139901563501948
66144995117029
254416636291227
106495869638342
