203000540209048
260610944512619
196800087258727
185766774930972
184849692557090
40956508003033
99105293615167
91926021987862
172577124087781
268779080899750
102980705489780
149463034143830
158695145906443
116967254640338
27951261050343
151508070943428
234520716305333
274290097774951
60220108213051
96345662459179
186095902690375
256199147049634
24072122252884
131979655825354
108170957416094
275421524867070
8407921198549
107860653556069
134632255767227
110910461708803
222831778784984
235815611170506
207089214127083
235069075292572
236512737716367
154875694048709
224536314355354
263283731444876
166841325267764
28259080006942
93941721899346
54815450735624
274199877384055
256705694681172
59633686556665
64963390489852
274186815956279
86661275570167
164256606491139
28486853710333
81508944158916
25157446809521
172372112972610
69849414435748
135432623945630
56300862397284
97364544454005
190275204724039
31232410136414
124091272523430
86128114201578
23575509691620
202342613419723
48022580200758
201374511909661
51113874909055
232842103735380
198407815039337
101768220869940
176449588556934
251956984108483
189224313740885
57980015828784
164822374935792
250748025029055
190372998857523
57732034110373
93318873696067
166575962213339
7646087426402
53614328831269
92445977336908
120969357031087
4019530773849
107737741653267
116377614499374
72445715236081
242725351393153
139376107830896
43155635999323
165244946389606
219753111061352
276244498136384
109022550894979
85340289852165
18979452567538
178205210367049
49105732574606
237322040335943
116323133985766
147171360082257
68439272460059
129344500076685
17100278701878
128258229136092
85491271682595
94193549128713
240922151951648
97259421750837
55589903450297
73706326947846
234713742718154
42429601755243
72475356961633
262176797099395
224588224076512
129447260059014
17924703695118
210696348291132
179881237608202
126052324995756
17372885060911
150663325814807
105099926681291
222895439906815
156914211556396
227963197332978
181257063129983
31797646431249
260590826654917
56738515999517
158199093409307
257821711242356
206397047353966
46771200360143
273925616304137
112934150141977
76262800543470
216462071468012
276452417657830
103551587650793
235050559507314
252084484874537
254846082389938
152182297080558
