203000540209048
31812563445102
220165091787637
226447949552963
97259421750837
23237959955144
169906180931203
140266946700336
60052041687570
72475356961633
158904067847008
224588224076512
253590519614595
17924703695118
101817846278040
156608164092037
222895439906815
136053984206967
254077487230734
221970782493094
135935424082657
171770015972530
60657857964846
113911987152095
43547241148072
13082948773917
225945849775769
273296208943933
14993589248719
207702309653304
200078220452600
69104805139584
