203000540209048
79385446693043
190650322203003
115055982515799
184456398822718
54277267324151
72475356961633
100374169961474
224588224076512
38212470773754
17924703695118
15324493836157
76262800543470
111760379083127
221539812525443
222895439906815
252084484874537
254846082389938
152182297080558
62185322123112
117210907502290
149816571845360
27935447804546
47326557179115
47326610007799
134073616243695
10809204878753
106898674626972
13845599783174
161437288895110
198778340588479
61738496152394
179881237608202
