203000540209048
254804875134249
84059067600053
115055982515799
184456398822718
242398678083630
72475356961633
180169319928195
224588224076512
207610888707952
17924703695118
160773256362030
76262800543470
14954768559852
221539812525443
222895439906815
252084484874537
254846082389938
152182297080558
186759124400960
265553059281892
247691054698053
27826738655420
79316402847441
571373705247
59287793272396
276452417657830
536638752705
235050559507314
135838508652267
62511473639566
153637575038798
117210907502290
149816571845360
117629020746665
149586281672502
95155786978498
168901929250380
49954107351541
111842301247478
56616342875090
89039003487530
116328258541892
120670033750107
232579291307137
104883434597363
