203000540209048
72800649638492
214013253742462
117210907502290
149816571845360
142697538632323
72475356961633
218317140894200
224588224076512
93389880089273
17924703695118
222895439906815
128454333180577
114596801651387
166516959877350
98953920706371
66652578690513
187849014907952
149586281672502
95155786978498
253796501946384
231887457377333
182734849544099
17389981584113
41631560790486
27260641080085
126996654487494
123873527214385
277800982090001
202573327409521
258605096101545
146220771582364
117727674195240
158271258062141
273081440281582
207329600238722
141377150120128
115055982515799
184456398822718
144528252851947
12823855308138
1306161911079
200474441362416
76262800543470
263828710797738
221539812525443
252084484874537
254846082389938
152182297080558
119503698024540
11402898611200
187146245934382
180151301635580
190555048012384
1573175349934
22252707297140
88649176377304
258462412979055
135322376500411
1863132048991
228118079446812
74863996271343
108228991558494
122089627436088
266600902263925
217539362283576
149638903590202
215220267078758
43502512041469
103360465259828
45563455628067
203769199104096
152196128412022
135340593615312
141414928512538
27404770859983
155405286394448
98150316350872
127246817960358
67219242212729
169280738935556
112160067154267
261344153383903
82212484200095
