203000540209048
36204013258712
59813095523349
10809204878753
102660585821507
153494320602745
72475356961633
36934210192137
224588224076512
91267889904884
17924703695118
250583606300883
179881237608202
222895439906815
211636678409582
151761494927832
146049827585528
88037786558284
7063463164424
171343862108151
249577031801127
193227639556783
101778149765282
61820855335802
236336433059886
122121633687509
130420413724697
160089110053871
186920548989320
1000984058523
218021424373719
202639777588718
112032483212879
1108411276460
26727910627008
193997618927810
15136748662610
14993589248719
207702309653304
236115197768237
69104805139584
