203000540209048
69242297186802
9658955143106
240568229673836
208181145732495
80037453044575
10948505665923
115055982515799
184456398822718
72036791497229
72475356961633
191669527209231
224588224076512
76153408535376
17924703695118
207514320353061
76262800543470
232520686761924
221539812525443
222895439906815
252084484874537
254846082389938
152182297080558
20376211361968
117210907502290
149816571845360
37427320101325
54344639718537
79921010514731
9042348757211
141414928512538
27404770859983
205971368180681
94651828678629
58249537606655
