203000540209048
195877529806628
1417890033840
141414928512538
27404770859983
250133326655746
72475356961633
158904067847008
224588224076512
55640227823564
17924703695118
222895439906815
268961503105176
117210907502290
149816571845360
207552971712097
40374139212107
158367452080773
185001205253631
108228991558494
122089627436088
172360520955832
246512195187671
10888566268752
279444437867406
76262800543470
80167911805988
221539812525443
252084484874537
254846082389938
152182297080558
237570611113933
203136111411030
115378079397592
69073482406188
