203000540209048
182169575661957
234095964912346
103360465259828
149816571845360
95608259319130
72475356961633
46712090947616
224588224076512
193599411728604
17924703695118
222895439906815
53447703036017
266574950053285
92426661649004
13146174610058
83211953301229
117210907502290
261531240272836
219098503606603
172376861380175
153563774549299
203060300776894
244925458328539
199790680866422
225920019692508
187550097406358
15324904902513
202953832753016
108487001874840
258908688427198
236223302646113
34647770043030
259888073008602
14993589248719
207702309653304
69104805139584
187002885826308
141414928512538
27404770859983
199454393652706
122509097421023
106573432801282
147747487191956
141338553788463
158904067847008
161706743802744
