203000540209048
169872418879221
234812351928150
117210907502290
68408945025809
11631170896485
72475356961633
158340825805072
224588224076512
255623755687094
17924703695118
222895439906815
178309256111814
265553059281892
247691054698053
156400053158730
21149796206887
176130546090116
53966188718953
276452417657830
163849676938563
235050559507314
252084484874537
254846082389938
135838508652267
62511473639566
157945201329538
149816571845360
271096572432311
115055982515799
184456398822718
93095800734229
190147973113488
155782540301843
227053010293340
76262800543470
103551587650793
221539812525443
152182297080558
231122540185312
181093935437781
189332000794437
72314938049127
38883669063943
253292722957535
214670829761004
99399435595222
28161175081422
103360465259828
269187673658880
79318314386873
27514089406836
65319545113362
30125828747374
183254543391285
90587365530107
60333532655038
144559547121879
221927311306131
146160743732919
161485858133706
141414928512538
27404770859983
33072510198769
70865683236912
127341711994644
194293850795488
232648203770625
154299509886511
267876607136220
197391364002165
122333231343779
99003897689285
47067644429708
240270993434573
221964042579429
20425406444656
178844416063350
127211968640940
70285016366011
257146463243264
