203000540209048
175111857519612
226775121150253
117210907502290
149816571845360
21939945108043
72475356961633
106091063288071
224588224076512
68935590164511
17924703695118
222895439906815
51934883756676
230271830266900
69999795600908
76851895105608
179777611039819
162742884567871
86714137588014
58083177238503
262617551907610
68408945025809
124696398488422
262816123355021
95369376130036
27542562291242
275266858586164
120801391512832
168477192477108
38485472013107
122580214623824
25960330832878
225422540911300
58640259349957
190555048012384
1573175349934
22252707297140
88649176377304
65590549480129
250821642967128
20132532912180
41957281303374
192532617052826
162934376799837
158904067847008
16587543188897
174548941402332
115055982515799
184456398822718
41226525386424
46132414794896
200138053213156
232351040519789
76262800543470
500810130780
221539812525443
252084484874537
254846082389938
152182297080558
115918009564180
30125828747374
36172691102064
179249879080425
260431321385492
211101034624939
183254543391285
79316402847441
89027896740815
141414928512538
27404770859983
115583978451389
24699678886596
26539577152491
