203000540209048
111383235622687
118739729155154
190172451832524
83269567526068
198430044802837
169148266180624
145475319365627
132273708441755
117210907502290
116328258541892
90676783970729
72475356961633
52689393515593
224588224076512
79919438343853
17924703695118
222895439906815
220837537916144
108228991558494
184456398822718
115461532856723
201168874565810
254617851608992
274359852216552
76262800543470
40440587671653
221539812525443
252084484874537
254846082389938
152182297080558
173964616808138
52120263503362
179693751541068
207228855755130
147656449913019
1495963928281
13679429743921
3743759192321
14993589248719
207702309653304
69104805139584
