203000540209048
123851559834826
210835412903115
117210907502290
68408945025809
41452734921698
72475356961633
242806654539289
224588224076512
55056169002567
17924703695118
222895439906815
65066621112435
115055982515799
184456398822718
176837451906225
64732668736606
106604406154206
160773256362030
76262800543470
261753412223298
221539812525443
252084484874537
254846082389938
152182297080558
1321849889705
52120263503362
79440491541033
67469365717303
259880445104948
166653903699428
125687037703098
14993589248719
207702309653304
227200999829216
69104805139584
