203000540209048
273811393314066
275371889653726
117210907502290
116328258541892
145262998225404
72475356961633
6079278568377
224588224076512
171744639421616
17924703695118
222895439906815
76200267098639
120670033750107
232579291307137
104883434597363
84059067600053
115055982515799
184456398822718
242398678083630
180169319928195
207610888707952
160773256362030
76262800543470
14954768559852
221539812525443
252084484874537
254846082389938
152182297080558
237446495997132
275266858586164
165937038012577
132866582035235
56946273563143
