203000540209048
265055687549036
268961503105176
117210907502290
149816571845360
207552971712097
72475356961633
40374139212107
224588224076512
158367452080773
17924703695118
222895439906815
237570611113933
203136111411030
115378079397592
69073482406188
1417890033840
141414928512538
27404770859983
250133326655746
158904067847008
55640227823564
186409899577198
108228991558494
122089627436088
103543673915630
203919938249094
124400832945979
274359852216552
76262800543470
117977952812800
221539812525443
252084484874537
254846082389938
152182297080558
47934371633274
115055982515799
184456398822718
194771629632802
1850202408737
195611997039676
260921770713634
58824327104688
