203000540209048
114561651050853
176925290075451
117210907502290
68408945025809
12338235190862
72475356961633
61841449704144
224588224076512
192388982967634
17924703695118
222895439906815
62916337666270
115055982515799
184456398822718
112346879510083
126476135450692
29371001903618
279444437867406
76262800543470
25903042937753
221539812525443
252084484874537
254846082389938
152182297080558
234812351928150
103360465259828
11631170896485
158340825805072
255623755687094
154009080984765
33807246593646
