203000540209048
254235277250449
84095375583648
115055982515799
184456398822718
62967432810088
72475356961633
177160331352314
224588224076512
274354991508068
17924703695118
207514320353061
76262800543470
33621591044930
221539812525443
222895439906815
252084484874537
254846082389938
152182297080558
164691315306525
142338417323027
79307917956362
70416009894193
24003731196667
259888073008602
117210907502290
149816571845360
176668362794246
38899460747215
225250010556764
58885924794452
141414928512538
27404770859983
102610738925193
246220201188203
116427911033793
