203000540209048
279043227700330
106486430009425
115055982515799
184456398822718
143810131812362
72475356961633
84996549570180
224588224076512
213767516713231
17924703695118
160773256362030
76262800543470
123447820295328
221539812525443
222895439906815
252084484874537
254846082389938
152182297080558
257764586031499
117210907502290
149816571845360
16534879697630
99614840276957
231193756299942
215926347492150
169906180931203
63280236209374
246686228869859
150770337846036
244893237472854
247218008831334
156608164092037
136053984206967
254077487230734
221970782493094
166402741078492
12915148258616
110601165421777
251630324275057
192310076832070
141377150120128
144528252851947
12823855308138
1306161911079
200474441362416
263828710797738
