203000540209048
141279797624283
168484644789045
117210907502290
116328258541892
162953495742406
72475356961633
263683729128528
224588224076512
195452946369115
17924703695118
222895439906815
117063813596363
115055982515799
184456398822718
74357292440458
195855943502079
139898160121949
232351040519789
76262800543470
190895851008235
221539812525443
252084484874537
254846082389938
152182297080558
186178693746933
95525161490393
220485631647096
101509740217362
240292930501306
15530616978217
276452417657830
62746884937521
235050559507314
135838508652267
62511473639566
263999751006732
271071975934724
126105272485199
149816571845360
