203000540209048
263537949860512
215926347492150
169906180931203
63280236209374
246686228869859
72475356961633
150770337846036
224588224076512
244893237472854
17924703695118
247218008831334
156608164092037
222895439906815
136053984206967
254077487230734
221970782493094
106486430009425
115055982515799
184456398822718
143810131812362
84996549570180
213767516713231
160773256362030
76262800543470
123447820295328
221539812525443
252084484874537
254846082389938
152182297080558
169441270348913
117210907502290
149816571845360
250591259020270
254054224101795
233135227739599
35608965063075
126349076039891
22252707297140
88649176377304
141377150120128
144528252851947
12823855308138
1306161911079
200474441362416
263828710797738
215786322778831
65458673557892
109803417619810
138411954948312
166402741078492
12915148258616
110601165421777
251630324275057
192310076832070
277800982090001
202573327409521
258605096101545
146220771582364
135340593615312
141414928512538
27404770859983
155405286394448
98150316350872
127246817960358
119503698024540
11402898611200
187146245934382
180151301635580
