203000540209048
99377942805432
22388706388785
132510981910459
30978312305116
35498558093258
196599477999341
50337637463274
170765823086305
72475356961633
93989221193502
250732576315599
126195608578395
45598515207319
27647267526844
18449905094813
56654335203863
224588224076512
148990173671629
17924703695118
18134849700655
156608164092037
160773256362030
76262800543470
233109498979686
221539812525443
222895439906815
136053984206967
254077487230734
221970782493094
252084484874537
254846082389938
152182297080558
