203000540209048
111383235622687
118739729155154
190172451832524
83269567526068
198430044802837
169148266180624
42566490147299
69081972821062
117210907502290
116328258541892
90676783970729
72475356961633
52689393515593
224588224076512
79919438343853
17924703695118
222895439906815
246854345550746
108228991558494
184456398822718
25728586255051
207228855755130
147656449913019
274359852216552
76262800543470
1495963928281
221539812525443
252084484874537
254846082389938
152182297080558
103192052679835
52120263503362
153647048308986
14993589248719
207702309653304
69104805139584
