203000540209048
184868341817255
49486577553850
167869654063177
112152963619038
166626032830045
7109823545572
273362018442091
157451734707876
88896055926117
121482237186839
165094067749324
174771286277317
245282480523408
126999802048097
168661328950788
101857702244899
126606974568214
72749190225387
167262643799374
157602249456643
271844791907053
178223295203876
21998722959560
252361859711969
209232181922309
41328333001134
28040568736077
102644236740353
114383544267687
178705546476194
129599966778241
59132425862069
76254004251530
221170264772163
117210907502290
149816571845360
204469081107450
72475356961633
119600090022403
224588224076512
245492931713898
17924703695118
222895439906815
134918123060486
116328258541892
116565438783631
114812830058172
254947811191005
