203000540209048
144324294095330
3570786765711
141414928512538
27404770859983
251232673763929
72475356961633
149580407458058
224588224076512
47888976791558
17924703695118
222895439906815
240270993434573
221964042579429
20425406444656
178844416063350
161485858133706
33072510198769
70865683236912
127341711994644
66788275652471
30125828747374
183254543391285
70285016366011
21149796206887
257146463243264
221927311306131
146160743732919
60333532655038
144559547121879
139491289569903
117210907502290
33807246593646
204275907525833
256770766061903
190580238574848
227477365839269
116328258541892
162953495742406
263683729128528
195452946369115
234812351928150
68408945025809
11631170896485
158340825805072
255623755687094
178309256111814
265553059281892
247691054698053
156400053158730
176130546090116
53966188718953
276452417657830
163849676938563
235050559507314
252084484874537
254846082389938
135838508652267
62511473639566
157945201329538
149816571845360
235531966346253
270297660989991
100551930956783
163987743148954
115055982515799
184456398822718
101509740217362
240292930501306
15530616978217
232351040519789
76262800543470
244125203137235
221539812525443
152182297080558
