203000540209048
109013729069458
234095964912346
103360465259828
149816571845360
95608259319130
72475356961633
46712090947616
224588224076512
193599411728604
17924703695118
222895439906815
131441474271092
117210907502290
268172658748695
158876290555985
110556357622420
51235008802909
96668167515319
53447703036017
266574950053285
92426661649004
13146174610058
165859377913468
141196484675885
49743350938949
136206680410824
246217554654156
205316258558188
9497171475771
233118435797673
192390788214421
173316682753247
63587597090552
224254757749182
108487001874840
258908688427198
236223302646113
34647770043030
200971334673293
141414928512538
27404770859983
42293471075613
84022091179326
236693083422548
