203000540209048
68464825241810
15697699309428
214565945518715
254955493458936
61780790224932
72475356961633
2193071883436
224588224076512
28929582486707
17924703695118
222895439906815
257234997616808
172449319075538
254588120963483
166814243179165
128094967939788
233830611610509
135790142979241
95766305028290
117210907502290
149816571845360
244739583422966
71956706743878
35691918626699
58400721604097
17603805963368
66169779133311
137038199849826
227043121041350
124145153749179
275963079854248
94443662096866
223024624238724
100634446050328
58244005089866
274845416232140
54646948843132
164295727541949
121362244721457
234385951476853
167084535612704
128670773616130
106837431877597
243548154999515
45551091710999
141414928512538
169280738935556
213181296854035
52984650372320
90904290841451
269800799030225
27404770859983
225086887234584
11427995380568
160992846468281
99098159031703
68408945025809
97483865288792
117343952231282
211387115176474
