203000540209048
14631692129100
30978312305116
57618201855328
41737970746870
265553059281892
70079271336758
221565752596587
72475356961633
3517584841076
224588224076512
239565708971120
17924703695118
122794249586238
276452417657830
175527174247257
235050559507314
222895439906815
252084484874537
254846082389938
135838508652267
62511473639566
278519340732602
117210907502290
149816571845360
266736009440939
162328856312953
215573956081807
113266640731433
82121552415204
48474875827338
140083349873878
197244154381251
12011388324665
223069608862475
5278986558191
19441385025515
53401301374517
141414928512538
27404770859983
20713264604892
76893008569467
230954010032016
74946622082035
179249879080425
260431321385492
222799164416325
163364506278729
224449706740611
191614708518213
6088012924453
279237486013476
93690504444208
68442295372750
48827661691800
41846935160528
260135674457040
194155743273753
