203000540209048
226258147795924
187918029540061
103360465259828
149816571845360
42039878305046
72475356961633
66427472538628
224588224076512
88620197352667
17924703695118
222895439906815
98833676603999
117210907502290
116328258541892
171967866100341
215824742321047
103010113110627
202394033441563
26539717110333
115055982515799
184456398822718
166715170516369
32519877750876
189175264655431
200474441362416
76262800543470
143586944843115
221539812525443
252084484874537
254846082389938
152182297080558
259019991059272
77196947121204
1949126235896
20757672493806
35608965063075
126349076039891
22252707297140
88649176377304
14770686707785
173596431902315
276452484647807
191929367975923
160773256362030
216088860418319
236232014958039
95172174816899
169787648558827
196547540558255
160746651710237
215070994435705
174548941402332
41226525386424
46132414794896
200138053213156
232351040519789
500810130780
1047029307835
253865779437253
146894703159950
9403750386547
231122540185312
156400053158730
21149796206887
176130546090116
74863996271343
108228991558494
122089627436088
266600902263925
217539362283576
149638903590202
215220267078758
109722191890908
91971076013836
137157618488851
97538133787101
221103378049995
224401050598924
154406063348990
62044026675596
19343985806841
68408945025809
189447289360610
140214775980960
46309840358340
234786370596938
169906180931203
272237038418129
79347214900694
99381057498419
32044554192657
13681342485444
156608164092037
136053984206967
254077487230734
221970782493094
46423604404684
276867980649735
194597426078312
116838219923
168759578573129
144272575701473
52567550835026
277792927496611
214129936428824
25490495913682
149768739863835
203400304220464
119159040283710
45563455628067
203769199104096
152196128412022
33949415413761
30372207496080
163563277481189
353474872493
168681617193873
172248576027995
63874991500972
179821376588067
255152711997740
262205349359096
276033108859101
249322928287692
78434758399617
234057510666399
108703418689751
72588792581099
5224401370231
173845494022602
214315508567309
13053169864323
176987444108571
54577438786279
127069784524846
223897896259357
261353087144553
45598515207319
27647267526844
183604330838423
237464838533947
219553704049186
96551951182880
108600778628565
85744139788915
83291244289177
11768359053708
128352393697706
135340593615312
155405286394448
98150316350872
127246817960358
69448885462538
141414928512538
27404770859983
58923159812858
132566938580496
162648078035514
144343487405966
131208965969210
158904067847008
52434875322668
74946622082035
179249879080425
260431321385492
242540821882092
31539296451678
20148131243463
