203000540209048
229668929982935
95340585960556
115055982515799
184456398822718
54229041127185
72475356961633
254414176605537
224588224076512
228621142167575
17924703695118
232351040519789
76262800543470
28302199618642
221539812525443
222895439906815
252084484874537
254846082389938
152182297080558
219622166770261
83886030528459
131374859804968
25627237981681
275218763763762
240144783167840
27679748930596
276961067044979
278709377706886
153665126973270
63239713558373
103360465259828
149816571845360
20093728351879
98288398458836
40928557853890
