203000540209048
111486313031773
175034262517866
117210907502290
149816571845360
30687539133478
72475356961633
68518099831026
224588224076512
25629730106317
17924703695118
222895439906815
115858828893598
103360465259828
114915470959817
197512811507299
223769275758310
231225102060681
265553059281892
247691054698053
17154034301081
79316402847441
16587543188897
137200780965050
276452417657830
1172002806014
235050559507314
252084484874537
254846082389938
135838508652267
62511473639566
153637575038798
117629020746665
149586281672502
95155786978498
195680835511075
249997741005831
1863132048991
228118079446812
18757467091673
115055982515799
184456398822718
45753397877063
203769199104096
152196128412022
200474441362416
76262800543470
33949415413761
221539812525443
152182297080558
277800982090001
202573327409521
258605096101545
146220771582364
61658279741952
199307451412392
223200214907202
200431523510567
217389749451460
141377150120128
144528252851947
12823855308138
1306161911079
263828710797738
242540821882092
141414928512538
27404770859983
31539296451678
173845494022602
20148131243463
135340593615312
155405286394448
98150316350872
127246817960358
211101034624939
30125828747374
183254543391285
179249879080425
260431321385492
275699630236840
80698821129259
154299509886511
267876607136220
67219242212729
112160067154267
254251378542500
82212484200095
119961830084134
180149654279235
184397269256443
134907733202044
95283095820840
180800953805739
149580407458058
47888976791558
116245672876963
77236544413278
33065959502177
