203000540209048
247775805102989
141377150120128
115055982515799
184456398822718
144528252851947
72475356961633
12823855308138
224588224076512
1306161911079
17924703695118
200474441362416
76262800543470
263828710797738
221539812525443
222895439906815
252084484874537
254846082389938
152182297080558
26539717110333
166715170516369
32519877750876
189175264655431
143586944843115
236232014958039
95172174816899
169787648558827
196547540558255
160746651710237
215070994435705
13053169864323
176987444108571
54577438786279
127069784524846
223897896259357
276033108859101
249322928287692
78434758399617
234057510666399
108703418689751
253796501946384
117210907502290
149816571845360
231887457377333
182734849544099
17389981584113
231122540185312
156400053158730
21149796206887
176130546090116
74863996271343
266600902263925
217539362283576
149638903590202
215220267078758
119159040283710
45563455628067
203769199104096
152196128412022
33949415413761
35608965063075
126349076039891
22252707297140
88649176377304
30372207496080
163563277481189
353474872493
168681617193873
232351040519789
172248576027995
63874991500972
103360465259828
179821376588067
255152711997740
262205349359096
135340593615312
141414928512538
27404770859983
155405286394448
98150316350872
127246817960358
115918009564180
179249879080425
260431321385492
