203000540209048
202734334995321
254588120963483
214565945518715
166814243179165
128094967939788
72475356961633
233830611610509
224588224076512
135790142979241
17924703695118
222895439906815
257234997616808
172449319075538
58400721604097
17603805963368
66169779133311
137038199849826
15697699309428
254955493458936
61780790224932
2193071883436
28929582486707
95766305028290
117210907502290
149816571845360
244739583422966
71956706743878
35691918626699
9754354934669
196599477999341
50337637463274
71592234769819
93989221193502
250732576315599
227043121041350
124145153749179
275963079854248
94443662096866
54646948843132
164295727541949
121362244721457
234385951476853
223024624238724
100634446050328
58244005089866
274845416232140
103158083229860
186546087874605
269800799030225
141414928512538
27404770859983
225086887234584
11427995380568
160992846468281
167084535612704
128670773616130
106837431877597
243548154999515
99098159031703
68408945025809
97483865288792
117343952231282
211387115176474
203597265444641
14993589248719
207702309653304
69104805139584
