203000540209048
217083336442609
41737970746870
265553059281892
70079271336758
221565752596587
72475356961633
3517584841076
224588224076512
239565708971120
17924703695118
122794249586238
276452417657830
175527174247257
235050559507314
222895439906815
252084484874537
254846082389938
135838508652267
62511473639566
30579325524895
117210907502290
149816571845360
88489963995605
72804005789689
74089915008218
74946622082035
141414928512538
27404770859983
179249879080425
260431321385492
53401301374517
20713264604892
76893008569467
230954010032016
