203000540209048
260610944512619
91341212939582
83147641288343
144279864554579
184836850889633
40956508003033
99105293615167
91926021987862
172577124087781
13322039619048
149463034143830
6284919522236
248676323253817
93256061242372
116967254640338
27951261050343
253636205088177
132176807881918
211414089407674
229116675084186
103179051099029
131921145532596
221030629253436
178213254938018
263910186144172
133983686870933
97259421750837
88688407041838
241920777853937
46097705423682
263267856912923
265867836302377
264527889268095
72475356961633
17122840305609
224588224076512
174293585235313
17924703695118
90365779380246
105099926681291
222895439906815
82931919010435
140493971598657
133388594928002
257015578466390
