203000540209048
31812563445102
99054735450698
249936237727991
187554248491472
54171447822361
128752391693259
21535658046007
143584681077306
131021399375098
49469472431540
51159968716615
20543639696337
148078061939663
192742191200037
19193057491078
195875791549265
95338717204880
271946666218286
166221010605895
172323829330630
12599566960341
75018963203243
189169746958358
276848617775688
158494191715267
30963483077012
20065047848204
162415588085658
250873171248398
176539264583242
27997186376671
129102663248952
97259421750837
19585715333417
186354704859992
222508469835856
132571274734079
37504070345790
29594371070658
248866891755729
253712751477754
257494371033726
9470405662351
107236230573013
57394507994385
144262604086369
137385874751271
256449507559414
214377070854942
256257733106159
17663748193125
72475356961633
73192122044417
224588224076512
191266896143169
17924703695118
63589304990492
276452417657830
10729211409806
235050559507314
238364436178960
105099926681291
222895439906815
252084484874537
254846082389938
135838508652267
62511473639566
128502198544105
209398061228323
27802525508533
168582453786166
235739937071135
195039217901818
133927539221121
217245582415465
14340467007359
31437459280266
15480715062762
159221333918104
268608757592872
128700067468664
1823210312083
52454511366695
84191547137181
264597670846839
244956834270117
270178027434974
195715097308245
62474232811425
84758088382774
157833186313821
237817063623089
115032401967183
419048611836
113911987152095
232066334559538
181568528637518
227697175100909
93989221193502
257437619579273
43935066526100
25132202420616
127958680705279
165205592013746
111148650880415
236766530251119
2886664291436
199525970646337
29670395510832
145902899709869
238290011016772
