203000540209048
31812563445102
41121203830041
6549726768165
240205682935785
228611351928897
105804061857407
97259421750837
72259848125948
219278430059147
25036726876237
212540976966071
169906180931203
140266946700336
253439176596944
72475356961633
155300890526771
224588224076512
76561664235543
17924703695118
179113506085656
156608164092037
222895439906815
136053984206967
254077487230734
221970782493094
64996021053988
171770015972530
60657857964846
210589387188186
113911987152095
158904067847008
43547241148072
13082948773917
225945849775769
200782154247204
237817063623089
115032401967183
138094077523744
