203000540209048
31812563445102
51506233148514
151562659615362
265405530322633
260021263835786
42427635900942
41947017916859
157402054338947
236020746423326
175444268138392
211733891880142
100905380691490
31700578408683
170200015243144
101375535646269
98334132130808
269369774198199
10506787289629
173221213379495
87476545239822
208767589647001
255151361515109
110386706916472
97259421750837
259888073008602
17865513893554
153403950974466
88232278229018
72475356961633
195066993321516
224588224076512
185486087656708
17924703695118
173183101544409
105099926681291
222895439906815
31693347866016
126624284589994
