203000540209048
97259421750837
256449507559414
214377070854942
256257733106159
246818140364281
72475356961633
203757504309880
224588224076512
255221754139697
17924703695118
103551587650793
276452417657830
129640132208270
235050559507314
238364436178960
105099926681291
222895439906815
252084484874537
254846082389938
135838508652267
62511473639566
60860081531758
17865513893554
153403950974466
17992530445402
126624284589994
248366238264060
129046640231693
154573784874258
216252310181753
173392658184212
158837841906007
173183101544409
