203000540209048
31812563445102
97259421750837
236003114799882
14340467007359
214377070854942
256257733106159
1387628459111
72475356961633
278957622013125
224588224076512
146582460192835
17924703695118
3456570492907
276452417657830
148451514120100
235050559507314
133927539221121
105099926681291
222895439906815
252084484874537
254846082389938
135838508652267
62511473639566
4619903561011
171770015972530
103601546663443
103345680027065
113911987152095
132326535316872
43547241148072
13082948773917
225945849775769
248366238264060
129046640231693
154573784874258
152611532384176
173392658184212
158837841906007
173183101544409
123860383912675
237817063623089
182041429852950
