203000540209048
97259421750837
236003114799882
256449507559414
214377070854942
256257733106159
246818140364281
72475356961633
203757504309880
224588224076512
255221754139697
17924703695118
103551587650793
276452417657830
129640132208270
235050559507314
238364436178960
105099926681291
222895439906815
252084484874537
254846082389938
135838508652267
62511473639566
263231084191897
169906180931203
70653062694564
90583065624490
156608164092037
136053984206967
254077487230734
221970782493094
14340467007359
275665575388559
278957622013125
146582460192835
148451514120100
133927539221121
231076602338696
171770015972530
103601546663443
103345680027065
113911987152095
132326535316872
43547241148072
13082948773917
225945849775769
114946868259450
129046640231693
154573784874258
216252310181753
173392658184212
158837841906007
173183101544409
248366238264060
60860081531758
17865513893554
153403950974466
17992530445402
126624284589994
101027097572329
237817063623089
182041429852950
