203000540209048
31812563445102
248673222498788
136108206739234
14932272319764
279049734692688
109485171851147
26365527237399
16514277880548
173550737681190
141525338002950
125836292826355
198569435113501
148112852143684
154925411302791
135972441576812
224113999848808
91458154643729
39625293533595
53239955212101
56864784197262
73160617470576
142446123690713
48025590539734
110350724858879
120787280749128
41592786427101
242092115573699
97259421750837
194991413755717
269627266214289
204794891629470
233225151751556
247248255820740
72475356961633
69462522691720
224588224076512
198324414772897
17924703695118
117550693448203
276452417657830
152478016723230
235050559507314
238364436178960
105099926681291
222895439906815
252084484874537
254846082389938
135838508652267
62511473639566
32400149091601
209398061228323
27802525508533
33082977623468
158904067847008
209856644940267
259074356818762
51039330292463
65217937845098
103551587650793
148902462742169
61283525542306
199300774781395
