203000540209048
185766774930972
184849692557090
23531113450011
188903810207789
132992347781283
215503402902965
124091272523430
262169683644086
188266674910613
138921706557627
12091962054258
5640824813788
118924386934009
97259421750837
49531869095847
215494210008200
91618445338919
117357914097221
29182877831009
245485687374362
181003978858871
205444578660893
72475356961633
269039526039114
224588224076512
49032490522422
17924703695118
27609303295545
179881237608202
90365779380246
105099926681291
222895439906815
156914211556396
227963197332978
173141473336843
2373073909510
125880793690554
231983166937096
69104805139584
93989221193502
257437619579273
43935066526100
25132202420616
127958680705279
