203000540209048
185766774930972
184849692557090
23531113450011
188903810207789
132992347781283
215503402902965
124091272523430
262169683644086
188266674910613
138921706557627
12091962054258
5640824813788
118924386934009
97259421750837
117357914097221
163210396770637
245485687374362
181003978858871
191312005626909
72475356961633
280219651794295
224588224076512
226842557360560
17924703695118
139150858209068
179881237608202
103551587650793
105099926681291
222895439906815
156914211556396
227963197332978
267551905025990
268217380871304
27609303295545
