203000540209048
132529534815094
151907454488772
117210907502290
68408945025809
174261572224670
72475356961633
200520634696450
224588224076512
278968455113920
17924703695118
222895439906815
121247154858670
102308307098349
47263650963868
33705437124422
70060696279643
77195886438854
220027404725197
158189191261423
121018466712387
33807246593646
23127123505964
86031209689380
44140995460089
54023898286815
20670261714887
6128173806505
117250809113425
170782774578472
129886335021900
240768455406865
100571032645705
176453816745298
