203000540209048
264556397231380
155204060127433
117210907502290
68408945025809
181975655761964
72475356961633
273280814150871
224588224076512
99247825139481
17924703695118
222895439906815
269718940217465
233651040300107
146369808559810
209228566613181
74894821546047
177657403236139
204382305466942
199913106430616
189595130126850
115055982515799
184456398822718
250611581102525
34628819142504
251113043152028
160773256362030
76262800543470
140839331369102
221539812525443
252084484874537
254846082389938
152182297080558
47086658048559
82550326408501
247307343226476
146915215408153
186233234920925
56349318945284
226359117566435
97528821911698
10960206022387
279144760916257
168386587758044
276452417657830
185228433971935
235050559507314
44977848556318
251109157850429
121769125398103
135838508652267
62511473639566
263999751006732
271071975934724
193687385437362
74396247584940
19417056265757
157666312686022
209908654535858
7020025969844
27133225752143
146112744374198
141414928512538
169280738935556
151209266863757
52458724667838
179066235954789
223116790972012
128452468495240
278235724623874
153837886887590
204699797896279
237045261108147
244781460093210
180080510499714
66758344239012
27404770859983
146078037371344
158904067847008
280600217247105
22219539262947
20586001405023
