203000540209048
210702800395845
141355992042838
103360465259828
68408945025809
167691549074316
72475356961633
51067777363447
224588224076512
261944406892103
17924703695118
222895439906815
205823981959054
156808334906536
164629948128710
51294991391202
42255443667483
169906180931203
94747586246068
23959870662128
209564372051997
274633400138516
74987090166388
156608164092037
136053984206967
254077487230734
221970782493094
164186746732923
30125828747374
183254543391285
194383001932075
158904067847008
94868445912329
