203000540209048
161279322743417
243080055560459
117210907502290
68408945025809
151964675495204
72475356961633
6128173806505
224588224076512
167165493402957
17924703695118
222895439906815
186233234920925
97528821911698
44977848556318
279144760916257
121247154858670
102308307098349
47263650963868
33705437124422
87339830655122
149816571845360
106389981511363
123902207460517
151741051532304
95300872591073
182236643217289
189094773710625
191118018239436
155204060127433
181975655761964
273280814150871
99247825139481
253073958590583
119477015122656
38451577449493
5745732872254
47086658048559
82550326408501
247307343226476
146915215408153
7147224794590
257826476996866
110089602225457
38720805853492
86055194877470
258418189813696
116285880991805
249399883214434
204699797896279
237045261108147
244781460093210
180080510499714
74894821546047
177657403236139
206906357954874
199913106430616
189595130126850
115055982515799
184456398822718
250611581102525
34628819142504
251113043152028
160773256362030
76262800543470
140839331369102
221539812525443
252084484874537
254846082389938
152182297080558
151907454488772
141414928512538
27404770859983
174261572224670
25136058379902
278968455113920
223116790972012
169280738935556
128452468495240
278235724623874
153837886887590
106071718494875
146112744374198
151209266863757
52458724667838
179066235954789
