203000540209048
122358787175698
180211623147505
117210907502290
68408945025809
5754203200083
72475356961633
214653548705706
224588224076512
166858115220171
17924703695118
222895439906815
45361774027031
33807246593646
19090677242516
10758280226750
244391166083373
244549240990964
151906444355282
95005026829354
189167865327817
106369860542361
103360465259828
87791888275664
4842270494858
266155059293074
150088465313793
128202684119843
226054129585289
195060538418739
69279048608787
164108068262114
7020025969844
27133225752143
187773444745253
145600184408201
61754872639325
44475200058100
186233234920925
97528821911698
44977848556318
279144760916257
186979050421127
168597242065059
183055890770793
78496550008444
7539014151405
276438749068578
44960227893380
114318014887805
133304489112224
117123199463576
29742790838834
32651061522680
129950478097841
151290717307710
7924002782180
216094991584493
3983048602349
250530172055898
71935787127500
24295698092483
266872647263818
188288669192064
138752279475068
231273753000609
152845868177714
127131325378486
80233034258148
270891947561708
81668669881036
253073958590583
119477015122656
78264689767501
5745732872254
71707471904206
216035114027607
2263125347718
196345173115515
7147224794590
257826476996866
262771408689788
38720805853492
236121784394573
260458687012507
153286935844592
89100307327846
27609464705500
264358728664532
128962863544359
58090987923905
100901162104033
97643065410952
158340825805072
152928438730628
251397801215868
248997997732124
37511256147422
173275959860185
135632844063621
244740390990156
43944290547955
6187063185234
234156464207428
119257500247597
149081199050559
166432061068237
202452634097981
150079976630111
215049271944465
248235450190164
191675114326081
36067237901730
45594909201719
60762241450221
173517397307331
62354816972465
200159702878056
127999013897780
78277707917980
254330423011144
58910922658734
107996740184886
271353023112371
132772579612468
259341498614561
40856661052919
247777712048829
54842519097871
159747903062127
132817032285719
68101966655148
29732814868181
246065256679606
236870690275293
88255061405884
50627891058604
235694071609519
215190081447069
142224950617622
22585259570199
144676753142730
210942553705122
254303588521444
186772438429091
198936995691677
195904904900661
69363872977005
237589819883823
170939632586391
222881805776470
154185501003079
280763679100322
200260710570262
236087540813175
10240625507716
45332086760776
141414928512538
27404770859983
96093686948060
7569769586786
245787214313246
92122939563327
169280738935556
101579583781670
261150968003838
244751649301764
36316753413726
259114224967393
251782756842222
73604156012556
37304765062517
10905213269679
131935651655483
232012663760340
106859432394582
181568528637518
46723407015208
31652651698136
93989221193502
257437619579273
43935066526100
25132202420616
127958680705279
161911102919633
116676237681570
13601451416815
104321664443263
119250205430817
30125828747374
183254543391285
38939641084948
158904067847008
136648882733499
