203000540209048
47971609488363
150088465313793
103360465259828
33807246593646
128202684119843
72475356961633
226054129585289
224588224076512
195060538418739
17924703695118
222895439906815
244549240990964
117210907502290
151906444355282
95005026829354
189167865327817
180211623147505
68408945025809
5754203200083
214653548705706
166858115220171
269718940217465
233651040300107
146369808559810
209228566613181
150172820110230
271080936167415
125596019625127
103328505234046
276438749068578
44960227893380
114318014887805
133304489112224
234156464207428
119257500247597
149081199050559
166432061068237
204897275216872
89500272118244
87419934593721
146940323005517
191675114326081
36067237901730
45594909201719
60762241450221
202124421297550
261086624341812
47589105931643
187614750168334
241732854775808
123227060738548
153286935844592
7375363503774
27609464705500
264358728664532
128962863544359
58090987923905
7539014151405
271353023112371
132772579612468
259341498614561
40856661052919
29732814868181
246065256679606
236870690275293
88255061405884
202452634097981
150079976630111
215049271944465
248235450190164
151745455483784
160584979218628
139418772193570
224107992842709
228000570309685
168597242065059
183055890770793
78496550008444
94153760399555
273812437811880
280124160775300
13892135139628
191913854025123
18183962819372
27344712484711
124923198198751
173745587708109
231917347860127
86837090784708
279885065630374
17338029052372
250663796998455
11769690914572
5350695222968
260846952550454
186233234920925
97528821911698
44977848556318
279144760916257
82295077193184
29742790838834
32651061522680
129950478097841
22585259570199
144676753142730
210942553705122
254303588521444
186772438429091
198936995691677
195904904900661
69363872977005
68101966655148
78277707917980
254330423011144
58910922658734
107996740184886
192587422134142
39566550425
99390682856687
219576789481241
173517397307331
62354816972465
200159702878056
127999013897780
280763679100322
200260710570262
236087540813175
10240625507716
237589819883823
170939632586391
222881805776470
154185501003079
91623435186356
191844144430828
122949671527478
88207641223143
279843836444993
36172788910212
66424918172865
55632225901861
40649483397055
184986160061659
8285194626634
154208435188420
202859648795940
218360307772756
271165111201321
241236544373778
88778588283090
130954434781854
61841449704144
192388982967634
251397801215868
97643065410952
158340825805072
152928438730628
211275907825467
275863034143030
166776873800434
198642826883240
255023994532726
4242089277371
77298852872721
238226325293015
258513039973154
32621754767564
24478634780286
19090677242516
10758280226750
244391166083373
247972714171739
68798228127871
173664810337580
232030147720109
48985285881256
69888695153986
269652529266873
120943116163042
223116790972012
141414928512538
169280738935556
128452468495240
278235724623874
153837886887590
183436508589307
259249109297704
233826602841973
61707314893411
36316753413726
259114224967393
251782756842222
73604156012556
258470224614255
27404770859983
222820844614338
158904067847008
222891642918352
37304765062517
10905213269679
131935651655483
232012663760340
106859432394582
181568528637518
46723407015208
31652651698136
93989221193502
257437619579273
43935066526100
25132202420616
127958680705279
11498065929603
116676237681570
13601451416815
104321664443263
46834873730835
244411233377079
270309293595663
143322169535817
156262568132927
20148131243463
241375582812544
30125828747374
36172691102064
122830511884011
235397841949846
119250205430817
183254543391285
38939641084948
136648882733499
