203000540209048
194389264204171
192655328658130
117210907502290
68408945025809
172697108890868
72475356961633
214653548705706
224588224076512
166858115220171
17924703695118
222895439906815
155204060127433
181975655761964
273280814150871
99247825139481
47086658048559
82550326408501
247307343226476
146915215408153
269718940217465
233651040300107
146369808559810
209228566613181
71707471904206
216035114027607
2263125347718
196345173115515
77298852872721
238226325293015
258513039973154
32621754767564
150172820110230
103360465259828
271080936167415
125596019625127
103328505234046
7147224794590
257826476996866
262771408689788
38720805853492
186233234920925
56349318945284
226359117566435
97528821911698
34241324506266
279144760916257
168386587758044
276452417657830
130091719041803
235050559507314
44977848556318
76262800543470
251109157850429
121769125398103
252084484874537
254846082389938
135838508652267
62511473639566
263999751006732
271071975934724
152182297080558
193687385437362
74396247584940
19417056265757
146112744374198
141414928512538
27404770859983
151209266863757
28383818015449
179066235954789
223116790972012
169280738935556
128452468495240
278235724623874
153837886887590
