203000540209048
101987959808607
9347440805637
117210907502290
68408945025809
167266465326493
72475356961633
209508226998534
224588224076512
244226309640189
17924703695118
222895439906815
134241481776011
2370362708963
11770698516505
197382164612878
25499843371702
141414928512538
169280738935556
91168254254762
74309734629081
244695924129012
258040396068584
27404770859983
50002391143397
158904067847008
149363240869776
204897275216872
89500272118244
87419934593721
146940323005517
13493899215406
135458990713777
12070418474801
77487472758572
7236283180779
262684523751269
153546603269373
163669350624393
109725130469788
214565945518715
166814243179165
213501614869202
214485752966993
13341303789584
257234997616808
172449319075538
93447266140081
118634078838606
193407016043869
129416102538408
276438749068578
103360465259828
44960227893380
114318014887805
133304489112224
236913831534242
120410391188523
77984063581398
64897561011946
30782387074050
86766878375837
69906541709558
83334264983682
45910341351426
244549240990964
33807246593646
151906444355282
95005026829354
189167865327817
39125567338005
269998161664388
216094991584493
3983048602349
78277707917980
254330423011144
58910922658734
107996740184886
234786370596938
169906180931203
272237038418129
79347214900694
99381057498419
32044554192657
13681342485444
156608164092037
136053984206967
254077487230734
221970782493094
175828650350727
37511256147422
173275959860185
135632844063621
30943844611965
66385637149831
189427287443271
1668086368080
240608528704690
54023898286815
20670261714887
6128173806505
117250809113425
253073958590583
119477015122656
78264689767501
5745732872254
57231368434293
108228991558494
17158307228669
133021911874576
194597426078312
28970894760627
46699878408782
76262800543470
103551587650793
221539812525443
252084484874537
254846082389938
152182297080558
19343985806841
189447289360610
140214775980960
46309840358340
89587584324533
210770493389396
61841449704144
234466328767161
236205163590012
115411318405653
160619124296343
52043373930272
