203000540209048
165815025460820
196421063550638
103360465259828
33807246593646
87791888275664
72475356961633
4842270494858
224588224076512
266155059293074
17924703695118
222895439906815
265660073009679
90267575344473
226054129585289
195060538418739
187773444745253
68408945025809
145600184408201
61754872639325
44475200058100
135198285184116
157666312686022
209908654535858
7020025969844
27133225752143
186233234920925
95525161490393
86318293100829
97528821911698
44977848556318
279144760916257
78034550226021
276452417657830
208015025481540
235050559507314
41551258583606
76262800543470
252084484874537
254846082389938
135838508652267
62511473639566
263999751006732
271071975934724
152182297080558
