203000540209048
111070498387793
169430064540014
103360465259828
33807246593646
94001946913200
72475356961633
25009286088810
224588224076512
39296445693512
17924703695118
222895439906815
270768994158098
141414928512538
27404770859983
252337822860928
158904067847008
40668494993255
154058270520842
68408945025809
50786967383799
82174485941665
263649007614619
42513182628580
264941957639148
253341917201794
99780696425570
216894573469068
13184898161348
192128920147237
249968765145656
53465150152199
117210907502290
72488032826630
189427287443271
3456547053935
