203000540209048
198208635101345
215300216629474
141414928512538
27404770859983
98616205608931
72475356961633
86496483864011
224588224076512
247713950924860
17924703695118
222895439906815
27471369580827
169280738935556
13519326373981
199506481857219
81653467605516
76734154741389
8933666687717
163978293292536
229794432019334
55924931724578
30003468313896
132977370116417
53515157486106
230944879246545
82336881402829
180406485590045
174729078975225
17937995567544
125504396000931
172329312247245
248083663544750
175058765489302
34285770798726
122388223584470
233864594707284
220597327734147
