203000540209048
251957516049800
178513513211194
117210907502290
33807246593646
217724507797359
72475356961633
69589945039170
224588224076512
172264365541469
17924703695118
222895439906815
260330707669396
68408945025809
6769216315655
55146495840859
189646003849194
9864155342818
3648354464825
167243333896478
235176117948994
245011065071945
103360465259828
239686645257190
68591089685154
42472214584010
165167709099705
115055982515799
110231379056361
224800332087556
15592118586225
80749857829054
251010037881926
76262800543470
103551587650793
221539812525443
252084484874537
254846082389938
152182297080558
223116790972012
141414928512538
169280738935556
128452468495240
278235724623874
153837886887590
