203000540209048
258969406979736
155204060127433
117210907502290
68408945025809
181975655761964
72475356961633
273280814150871
224588224076512
99247825139481
17924703695118
222895439906815
192655328658130
172697108890868
214653548705706
166858115220171
26948158652029
241268161510817
139836335211842
112483232965866
88778588283090
33807246593646
130954434781854
61841449704144
192388982967634
77298852872721
238226325293015
258513039973154
32621754767564
269718940217465
233651040300107
146369808559810
209228566613181
74894821546047
177657403236139
204382305466942
199913106430616
47086658048559
82550326408501
247307343226476
146915215408153
146112744374198
141414928512538
27404770859983
151209266863757
28383818015449
179066235954789
223116790972012
169280738935556
128452468495240
278235724623874
153837886887590
204699797896279
237045261108147
244781460093210
180080510499714
186233234920925
56349318945284
226359117566435
97528821911698
135664994047020
279144760916257
168386587758044
276452417657830
232536038024385
235050559507314
44977848556318
76262800543470
251109157850429
121769125398103
252084484874537
254846082389938
135838508652267
62511473639566
263999751006732
271071975934724
152182297080558
193687385437362
74396247584940
19417056265757
7147224794590
257826476996866
262771408689788
38720805853492
182478418069364
235642401052007
72356838781787
129253344914728
54023898286815
20670261714887
6128173806505
117250809113425
