203000540209048
39309265214906
155204060127433
117210907502290
68408945025809
181975655761964
72475356961633
273280814150871
224588224076512
99247825139481
17924703695118
222895439906815
135962295828987
204040035237596
160619124296343
84995953828096
192655328658130
172697108890868
214653548705706
166858115220171
77298852872721
238226325293015
258513039973154
32621754767564
146899297334362
149816571845360
124982515809705
39395449269067
79071340171939
71707471904206
216035114027607
60222487073497
196345173115515
269718940217465
233651040300107
146369808559810
209228566613181
74894821546047
177657403236139
206906357954874
199913106430616
189595130126850
115055982515799
184456398822718
250611581102525
34628819142504
251113043152028
160773256362030
76262800543470
140839331369102
221539812525443
252084484874537
254846082389938
152182297080558
47086658048559
82550326408501
247307343226476
146915215408153
186233234920925
56349318945284
226359117566435
97528821911698
55511974810668
279144760916257
168386587758044
276452417657830
186762858529798
235050559507314
44977848556318
251109157850429
121769125398103
135838508652267
62511473639566
263999751006732
271071975934724
193687385437362
74396247584940
19417056265757
7147224794590
257826476996866
262771408689788
38720805853492
182478418069364
235642401052007
72356838781787
129253344914728
54023898286815
20670261714887
6128173806505
117250809113425
146112744374198
141414928512538
27404770859983
151209266863757
28383818015449
179066235954789
223116790972012
169280738935556
128452468495240
278235724623874
153837886887590
204699797896279
237045261108147
244781460093210
180080510499714
162557002368883
42894020537410
259286334692466
107015234365895
