203000540209048
59008660958392
108716942848570
117210907502290
68408945025809
185967130807308
72475356961633
21798309213636
224588224076512
163946040313158
17924703695118
222895439906815
96429116936279
117575201388748
205459836043892
27599463257972
118153395283317
242079261558569
267487490936913
37555593078267
87442036450688
33807246593646
109641510285556
43769762933514
101762215468207
15460180825606
236653976738360
57561310138699
271134706113502
51290939882322
281219173455157
149816571845360
121457733938938
158904067847008
38339500755814
