203000540209048
140588273598965
136650293895475
117210907502290
68408945025809
257589570604848
72475356961633
109758370213779
224588224076512
93209980052568
17924703695118
222895439906815
52391449507529
181975655761964
273280814150871
99247825139481
71707471904206
216035114027607
2263125347718
196345173115515
74894821546047
177657403236139
204382305466942
199913106430616
119396726048093
33807246593646
151906444355282
95005026829354
189167865327817
39125567338005
269998161664388
216094991584493
3983048602349
192587422134142
39566550425
99390682856687
219576789481241
176512094779183
28325059767789
181098820525974
125775405103469
276438749068578
44960227893380
114318014887805
133304489112224
150172820110230
271080936167415
125596019625127
103328505234046
231602075503709
56349318945284
226359117566435
97528821911698
270270188911327
279144760916257
168386587758044
276452417657830
10259867371614
235050559507314
44977848556318
76262800543470
251109157850429
121769125398103
252084484874537
254846082389938
135838508652267
62511473639566
263999751006732
271071975934724
152182297080558
193687385437362
74396247584940
19417056265757
234156464207428
119257500247597
149081199050559
166432061068237
191675114326081
36067237901730
45594909201719
60762241450221
204897275216872
89500272118244
87419934593721
146940323005517
202124421297550
261086624341812
47589105931643
187614750168334
7147224794590
257826476996866
262771408689788
38720805853492
146112744374198
141414928512538
169280738935556
151209266863757
52458724667838
179066235954789
238816016844900
128452468495240
278235724623874
153837886887590
