203000540209048
49287999301924
76625818416134
34314913143896
137274002706556
138237554673595
180568948571019
65262126821844
37108196697731
268123180760250
47177159357723
139564742508708
103360465259828
33807246593646
53406887509978
72475356961633
256770766061903
224588224076512
190580238574848
17924703695118
222895439906815
69960927123179
16981882760478
107679532769026
248150296747026
96627325701507
68408945025809
139404937110995
227456112958821
267627189438280
153756229707484
40158968590591
85721588409969
140899647627185
106738719746560
117210907502290
149816571845360
68116457761943
158904067847008
43001474247477
220966198816752
188485018728964
8919404911622
95323962251089
