203000540209048
202446617979945
144629668713791
117210907502290
68408945025809
71935787127500
72475356961633
24295698092483
224588224076512
266872647263818
17924703695118
222895439906815
94153760399555
273812437811880
280124160775300
13892135139628
191913854025123
18183962819372
27344712484711
124923198198751
173745587708109
231917347860127
86837090784708
279885065630374
17338029052372
250663796998455
11769690914572
5350695222968
260846952550454
247972714171739
103360465259828
33807246593646
68798228127871
173664810337580
232030147720109
163660429251076
258418189813696
128268880429153
249399883214434
186233234920925
95525161490393
86318293100829
97528821911698
44977848556318
279144760916257
78034550226021
276452417657830
208015025481540
235050559507314
41551258583606
76262800543470
252084484874537
254846082389938
135838508652267
62511473639566
263999751006732
271071975934724
152182297080558
120044800900343
44960227893380
114318014887805
133304489112224
145283017854310
198396290281100
76579926828926
205340602194300
81333548269351
106389981511363
22453261210741
151741051532304
18887112900655
140553040852286
215998611973572
19337750746642
87938870799654
204040035237596
160619124296343
84995953828096
240586559952853
175080053985720
169258152022258
41338753653780
91242399961415
125304553735783
27862856812006
88247420819448
182624733673146
183552488930868
27274944805814
273118053574781
184538465734361
191206102624294
85967181060525
58093154593757
229529560146791
86975973264928
117807598465398
44734325587752
258548378645213
19425258180144
109260633686588
275086605723004
209239707699882
161510579427303
101783137114707
108528538111533
26909397183811
251482715870523
12635363329511
123458060952009
85177112834667
89811615840359
171277420694679
240773304496340
187331147269275
235150972214019
182737477765667
141414928512538
169280738935556
141887220326676
267168517975153
118835507298414
80490158288333
133619918089544
129528508431303
43625657024654
22219539262947
27404770859983
20586001405023
158904067847008
280600217247105
66758344239012
146078037371344
251129227784848
86401661905983
46834873730835
244411233377079
270309293595663
152407547710
68398549449247
32367041512395
223116790972012
128452468495240
278235724623874
153837886887590
146112744374198
151209266863757
52458724667838
179066235954789
11498065929603
116676237681570
13601451416815
104321664443263
70538911739249
14993589248719
207702309653304
103551587650793
69104805139584
48985285881256
69888695153986
269652529266873
120943116163042
30981311103306
72488032826630
189427287443271
3456547053935
53465150152199
