203000540209048
168185342108688
30782387074050
86766878375837
166814243179165
69906541709558
72475356961633
83334264983682
224588224076512
45910341351426
17924703695118
222895439906815
257234997616808
172449319075538
109725130469788
214565945518715
213501614869202
214485752966993
13341303789584
145724885280023
117210907502290
68408945025809
107873114937415
47141253393207
54654681170703
93447266140081
118634078838606
193407016043869
129416102538408
9347440805637
167266465326493
209508226998534
244226309640189
68615446100497
24343855390210
23189622142615
7409791821530
21118401018316
72811249446957
135716427988696
276452417657830
247906547470519
235050559507314
86103794438355
76262800543470
252084484874537
254846082389938
135838508652267
62511473639566
263999751006732
271071975934724
152182297080558
134241481776011
2370362708963
11770698516505
197382164612878
210868046826128
141414928512538
169280738935556
3391381815196
168857227246464
228705261624621
