203000540209048
88081191948581
186979050421127
117210907502290
68408945025809
168597242065059
72475356961633
183055890770793
224588224076512
78496550008444
17924703695118
222895439906815
155235611527408
70838021548027
184857808028165
249845956083610
22585259570199
144676753142730
210942553705122
254303588521444
186772438429091
198936995691677
195904904900661
69363872977005
27609464705500
264358728664532
128962863544359
58090987923905
237589819883823
170939632586391
222881805776470
154185501003079
280763679100322
200260710570262
236087540813175
10240625507716
180211623147505
5754203200083
214653548705706
166858115220171
117123199463576
103360465259828
29742790838834
32651061522680
129950478097841
24478634780286
33807246593646
19090677242516
10758280226750
244391166083373
37304765062517
10905213269679
131935651655483
232012663760340
78251013358703
141414928512538
169280738935556
259565477162257
270575818663743
42310607233166
106859432394582
181568528637518
46723407015208
31652651698136
93989221193502
257437619579273
43935066526100
25132202420616
127958680705279
11498065929603
116676237681570
13601451416815
104321664443263
119250205430817
30125828747374
183254543391285
38939641084948
158904067847008
136648882733499
