203000540209048
182501205943085
155204060127433
117210907502290
68408945025809
181975655761964
72475356961633
273280814150871
224588224076512
99247825139481
17924703695118
222895439906815
192655328658130
172697108890868
214653548705706
166858115220171
269718940217465
233651040300107
146369808559810
209228566613181
74894821546047
149816571845360
177657403236139
206906357954874
199913106430616
189595130126850
115055982515799
184456398822718
250611581102525
34628819142504
251113043152028
160773256362030
76262800543470
140839331369102
221539812525443
252084484874537
254846082389938
152182297080558
77298852872721
238226325293015
258513039973154
32621754767564
47086658048559
82550326408501
247307343226476
146915215408153
186233234920925
56349318945284
226359117566435
97528821911698
132441895387457
279144760916257
168386587758044
276452417657830
11685702160698
235050559507314
44977848556318
251109157850429
121769125398103
135838508652267
62511473639566
263999751006732
271071975934724
193687385437362
74396247584940
19417056265757
191675114326081
103360465259828
36067237901730
45594909201719
60762241450221
54023898286815
20670261714887
6128173806505
117250809113425
236932775034175
264862837814780
95319508208338
33904282917986
146112744374198
141414928512538
27404770859983
151209266863757
28383818015449
179066235954789
223116790972012
169280738935556
128452468495240
278235724623874
153837886887590
204699797896279
237045261108147
244781460093210
180080510499714
