203000540209048
11317692943074
114434378982206
117210907502290
68408945025809
125296086323560
72475356961633
53257624747445
224588224076512
30227958279142
17924703695118
222895439906815
258986497478019
33807246593646
5754203200083
214653548705706
166858115220171
88054739422799
209210642156266
7601755874976
52174094625853
277258507686323
278717164289204
195841308591752
69290623857817
270142838582138
263149163463757
226866825040825
74139430941852
219823030066861
54023898286815
20670261714887
6128173806505
117250809113425
225723439601455
22290044942028
38004538781570
196523745817245
207596914700844
198070340245183
83706526442700
234272192286154
186233234920925
103360465259828
97528821911698
44977848556318
279144760916257
119488417747983
280297470032817
195488404957547
254382017525106
276438749068578
44960227893380
114318014887805
133304489112224
77298852872721
238226325293015
258513039973154
32621754767564
151907454488772
174261572224670
200520634696450
278968455113920
223116790972012
141414928512538
169280738935556
128452468495240
278235724623874
153837886887590
