203000540209048
278807172204642
192655328658130
117210907502290
68408945025809
172697108890868
72475356961633
214653548705706
224588224076512
166858115220171
17924703695118
222895439906815
45361774027031
103360465259828
33807246593646
19090677242516
10758280226750
244391166083373
1960226503588
5754203200083
189378823461796
196438586087286
256770766061903
190580238574848
150088465313793
128202684119843
226054129585289
195060538418739
244549240990964
151906444355282
95005026829354
189167865327817
236282899660149
197210826118165
61824169741627
187350101366257
180211623147505
77298852872721
238226325293015
258513039973154
32621754767564
150172820110230
271080936167415
125596019625127
103328505234046
269718940217465
233651040300107
146369808559810
209228566613181
155204060127433
181975655761964
273280814150871
99247825139481
74894821546047
177657403236139
204382305466942
199913106430616
106369860542361
87791888275664
4842270494858
266155059293074
69279048608787
164108068262114
7020025969844
27133225752143
197861872946880
145600184408201
61754872639325
44475200058100
27609464705500
264358728664532
128962863544359
58090987923905
236121784394573
260458687012507
153286935844592
89100307327846
244740390990156
43944290547955
6187063185234
68101966655148
150079976630111
215049271944465
248235450190164
117123199463576
29742790838834
32651061522680
129950478097841
276438749068578
44960227893380
114318014887805
133304489112224
234156464207428
119257500247597
149081199050559
166432061068237
191675114326081
36067237901730
45594909201719
60762241450221
173517397307331
62354816972465
200159702878056
127999013897780
78277707917980
254330423011144
58910922658734
107996740184886
241732854775808
123227060738548
7375363503774
7539014151405
237589819883823
170939632586391
222881805776470
154185501003079
123960241127945
115994582483413
97729203721682
259845025454489
186979050421127
168597242065059
183055890770793
78496550008444
186233234920925
56349318945284
226359117566435
97528821911698
104295296824909
279144760916257
168386587758044
276452417657830
102200818936408
235050559507314
44977848556318
76262800543470
251109157850429
121769125398103
252084484874537
254846082389938
135838508652267
62511473639566
263999751006732
271071975934724
152182297080558
193687385437362
74396247584940
19417056265757
151290717307710
7924002782180
216094991584493
3983048602349
22585259570199
144676753142730
210942553705122
254303588521444
186772438429091
198936995691677
195904904900661
69363872977005
29732814868181
246065256679606
236870690275293
88255061405884
202452634097981
50627891058604
235694071609519
215190081447069
142224950617622
247777712048829
54842519097871
159747903062127
132817032285719
271353023112371
132772579612468
259341498614561
40856661052919
41764688948240
39164913508578
195467028855784
166147877859843
224934073565979
67732751195056
210054609551108
65160703470507
110970911896736
1884606738338
133418062179399
180431870173320
224257379891827
146742970915200
184874967521585
199099557412376
154538742359762
33070494141452
110905974003572
35061357780501
131431624496745
194883018224317
99390682856687
130175780930155
233391546273589
162995061972221
40458797832474
218395142751799
239276611495158
37978520310890
122949671527478
222950604459414
139102176329165
215685026806624
66424918172865
169546803150294
37304765062517
10905213269679
131935651655483
232012663760340
132125375274727
141414928512538
169280738935556
208896192892918
25115077472853
169993797578428
223116790972012
128452468495240
278235724623874
153837886887590
216126400777100
257648897547723
274941171139712
20148131243463
143322169535817
156262568132927
11498065929603
116676237681570
13601451416815
104321664443263
106859432394582
181568528637518
46723407015208
31652651698136
93989221193502
257437619579273
43935066526100
25132202420616
127958680705279
241375582812544
30125828747374
36172691102064
122830511884011
113263456025100
119250205430817
183254543391285
38939641084948
158904067847008
136648882733499
114434378982206
125296086323560
53257624747445
30227958279142
206919810830383
83574895375481
158340825805072
152928438730628
248997997732124
37511256147422
173275959860185
135632844063621
88778588283090
130954434781854
61841449704144
192388982967634
209270335307598
160242803889610
272051100079279
170853170864876
23575241302886
