203000540209048
105519341007612
109232084833094
117210907502290
68408945025809
41348933442668
72475356961633
220704070678504
224588224076512
185237283170400
17924703695118
222895439906815
138507609131807
26777302398469
270407256645316
269565755625978
3300449512483
163330002520772
42651358504178
142126735375995
111279336930220
126274464691833
273518653998244
52270552006535
128727059686279
33807246593646
60214155506648
130954265540395
100186584646415
75884610328302
224356697414194
208711516927060
271666202547109
34591111159106
252137337078668
220599910983249
221282271325882
