203000540209048
218958949068362
27182410055679
117210907502290
68408945025809
35150201229645
72475356961633
210942553705122
224588224076512
254303588521444
17924703695118
222895439906815
182464574546717
244433326111746
128962863544359
58090987923905
40472571854331
123621915489817
214653548705706
166858115220171
117123199463576
103360465259828
29742790838834
32651061522680
129950478097841
186979050421127
168597242065059
183055890770793
78496550008444
192844030249876
134460049880401
184857808028165
249845956083610
159983324762074
183463792166727
222881805776470
154185501003079
280763679100322
200260710570262
236087540813175
10240625507716
47761258244296
114062473644734
195904904900661
69363872977005
265727162219092
33807246593646
77846446986667
10758280226750
244391166083373
37304765062517
10905213269679
131935651655483
232012663760340
78251013358703
141414928512538
169280738935556
259565477162257
270575818663743
42310607233166
106859432394582
181568528637518
46723407015208
31652651698136
93989221193502
257437619579273
43935066526100
25132202420616
127958680705279
11498065929603
116676237681570
13601451416815
104321664443263
119250205430817
30125828747374
183254543391285
38939641084948
158904067847008
136648882733499
