203000540209048
274306722920773
161510579427303
117210907502290
68408945025809
101783137114707
72475356961633
108528538111533
224588224076512
26909397183811
17924703695118
222895439906815
18887112900655
140553040852286
215998611973572
19337750746642
89811615840359
171277420694679
240773304496340
187331147269275
120044800900343
44960227893380
114318014887805
133304489112224
228063351251381
97509082932317
271126662819250
144243979025038
155204060127433
181975655761964
273280814150871
99247825139481
251397801215868
33807246593646
97643065410952
158340825805072
152928438730628
100901162104033
111867978222411
213059558716515
186502728598975
89060450933717
