203000540209048
31812563445102
99054735450698
249936237727991
187554248491472
54171447822361
128752391693259
21535658046007
143584681077306
131021399375098
49469472431540
51159968716615
20543639696337
148078061939663
192742191200037
19193057491078
195875791549265
95338717204880
271946666218286
166221010605895
172323829330630
12599566960341
75018963203243
189169746958358
276848617775688
158494191715267
30963483077012
20065047848204
162415588085658
250873171248398
176539264583242
27997186376671
129102663248952
97259421750837
260419897133064
175631610825919
57394507994385
137385874751271
248866891755729
29594371070658
37504070345790
132571274734079
222508469835856
186354704859992
19585715333417
253712751477754
107236230573013
144262604086369
85590655445118
257494371033726
9470405662351
14340467007359
214377070854942
256257733106159
141485430641145
72475356961633
173850495999202
224588224076512
153299182845373
17924703695118
36727287647809
276452417657830
275688742594850
235050559507314
173183101544409
105099926681291
222895439906815
252084484874537
254846082389938
135838508652267
62511473639566
256449507559414
255992664143480
113892775201786
138786081788606
3376730541133
238364436178960
128502198544105
209398061228323
27802525508533
88117849525604
262886242422474
171974102148717
133927539221121
217245582415465
143375846638602
181568528637518
227697175100909
419048611836
93989221193502
257437619579273
43935066526100
25132202420616
127958680705279
71232036454457
237817063623089
115032401967183
113911987152095
128700067468664
1823210312083
52454511366695
84191547137181
264597670846839
244956834270117
270178027434974
195715097308245
62474232811425
84758088382774
27067445051059
111148650880415
129046640231693
154573784874258
199525970646337
158904067847008
90815387309406
145902899709869
238290011016772
