203000540209048
260610944512619
196800087258727
185766774930972
184849692557090
23531113450011
40956508003033
99105293615167
91926021987862
172577124087781
268779080899750
264933543810647
210054881892999
198583059039036
102980705489780
149463034143830
6284919522236
248676323253817
158695145906443
116967254640338
27951261050343
253636205088177
151508070943428
234520716305333
274290097774951
60220108213051
96345662459179
186095902690375
256199147049634
24072122252884
131979655825354
108170957416094
275421524867070
8407921198549
107860653556069
134632255767227
110910461708803
222831778784984
107971382030130
18182289702738
134831024351070
190900599810185
181698488001281
248518743889428
30245646697796
144165622202971
215931795752459
147778574245031
238860956046310
96060184499687
191879097109850
215500919135276
104628363092931
275347129693372
42289013047471
163646560632218
188903810207789
132992347781283
260427619730371
169444238102848
215503402902965
255629052919189
63905674355967
65076531416372
274447553423952
191181185813812
113887269618745
48946007243213
211802802058289
190993267158794
12103676745934
173378701919638
176208864101603
185670760452528
83668211394157
123176609308964
22882524097674
234086551199886
249281704971288
239532082603830
124488182661419
72280365469855
12791640951718
207709691930399
40582540457722
204155011425751
105905759274105
216403855480351
95680921335890
25223309939852
228643552364874
270366115295149
99096971354856
57855304305752
59633686556665
274186815956279
86661275570167
164256606491139
28486853710333
81508944158916
25157446809521
172372112972610
109114911489172
279534070033182
93158458168827
9865677370950
195999153617904
23539184035933
69849414435748
135432623945630
56300862397284
97364544454005
190275204724039
31232410136414
124091272523430
145492350180276
89060205626138
344682470669
151023778549415
195060364647346
18447631644444
107277001615405
94771269749749
103100464706935
72953037681707
132759593340053
8362599127931
161993353071328
145532850520640
40866182221560
225996882436180
233694500894659
157240606689920
38873438489209
190259594624162
161552703125528
94365917540452
132049418316584
94325724850641
63733821149366
145732377640302
185694679951825
1422308364318
91041678592280
197862500338135
277697135027700
172816832621534
49648432964275
52080845414536
78831922006642
206923303299190
142208606034697
9445576955169
163337463226896
205418286330469
189146490585990
18789848302929
200031559072235
231754819988784
16666157458701
160472170636123
181198923382713
62396877389626
66907086435634
183718091195141
198075171742632
138459863481690
180101911165052
141656961780043
99266262342429
30755165922274
222935325263540
111828335706150
53588010475255
6037037644009
7191705379705
98264397604762
132636207724604
48920750803818
110981153443843
170441732223600
132736132369338
212822204871318
197525863116510
94283519031934
150494972403402
135556702781794
46170077623218
160452415697462
19893516348728
110486587353166
231892207903195
399833941593
214414665070275
107476554479469
228904388311407
219406662581297
178291299573435
181446174049334
227777010168254
101290231117145
962354423332
95194053312120
80833518081514
139266966571702
120153458857506
62959810525093
131892909994040
18539746123214
276624156126776
140928127833526
69541153862079
206435822402627
67141596750328
156928446774203
24182911376279
180880619759366
196117835476620
156749255100409
252666147291122
215977670079934
73171580426434
155127421784131
188039650324723
224428297886242
221644438925286
154581698236310
36688881456790
259220970241262
113295479124944
85573789336901
244138895182975
54867529216721
143053719687209
110182147834479
72826626644942
137691279436319
33209976650143
112183953403822
238137418236196
66653448791830
232900200451761
257417662573993
254560863433291
78568396761898
151821167453868
59474468780237
185057139175993
72590189032657
78170494414653
165570329490672
79923468346963
17502188784223
189178257762445
152850977264967
134526610573272
213282546570529
24339310315361
259854048908553
64461104297381
6662911063687
34328045359670
58750529791222
225568628115691
86865950892748
126672696711359
44026087456588
25168392541301
46994915936646
239256607695804
223428799256944
56747407125822
119928424291529
256552516465933
108631568091787
235200978827577
195145291622613
82377504533712
177703978822465
75555194414383
83542114052750
194464227783254
230359335573053
183580321927115
89750945564401
180077588895780
105041327707298
123390339736000
248712224313611
138993300828976
2510077992040
109480902692145
246670809756446
273154953931142
139225485852016
123023030103383
219008525407521
57161163403928
221341501590568
164216544207646
47352964255921
204348509388299
207392801323712
262294543534257
206637457848240
35854391497654
142392868494425
183120653370542
167382796141231
116190279650874
256914067842238
46174259780239
23189319815157
19250112103677
207374290973415
162054682464396
60455580442693
224379231579275
147722304994945
104500186440858
56357135223616
213743300872552
148195811685020
97259421750837
190741445480252
82425581608470
227759601358574
255595288286170
72475356961633
7844282051434
224588224076512
1012404411285
17924703695118
76192660453099
179881237608202
222895439906815
156914211556396
227963197332978
177355452842108
14232411764698
204556726184957
60177055309216
158904067847008
33963865118962
250350299722859
168992652097891
204102776608642
194861482003569
249384536728693
271441449110133
21754573223559
194419157287275
57906259825497
141414928512538
27404770859983
156687677507111
188076518209921
124206701525859
188442986308616
147184200187182
150493109781907
233949115684514
14610912015950
147820177268059
185227705108234
102670541632058
162935561504423
14993589248719
207702309653304
200078220452600
69104805139584
13054079125254
272394370598707
192726190770389
577640756244
21599145289740
143797307468037
158199093409307
30293706696315
22591925065247
143438286034932
214334390671450
157224564573167
76262800543470
103551587650793
276452417657830
235050559507314
252084484874537
254846082389938
152182297080558
244846591870405
103360465259828
149816571845360
269880552155509
25366356753550
47871172425771
196847327334714
220236400471410
248892982916262
164816171851154
