203000540209048
23531113450011
188903810207789
215503402902965
4424850248295
97259421750837
65739936167796
123816120000672
19378703137435
210050722825388
194120112599799
72475356961633
60732142247593
224588224076512
153535506457078
17924703695118
100291111935015
156608164092037
107078972957869
105099926681291
222895439906815
136053984206967
254077487230734
221970782493094
265656642102623
171770015972530
60657857964846
211015954182185
113911987152095
34254858043128
43547241148072
13082948773917
225945849775769
