203000540209048
97259421750837
53821423984432
220097796887964
78655922771668
128132214936972
111948272064344
72475356961633
260067876362170
224588224076512
202013010209754
17924703695118
103551587650793
276452417657830
235050559507314
158904067847008
76262800543470
270070003392032
105099926681291
222895439906815
252084484874537
254846082389938
135838508652267
62511473639566
263999751006732
271071975934724
152182297080558
156914211556396
227963197332978
214685218816836
103360465259828
149816571845360
119342803024331
65539412989524
205997829941753
