203000540209048
260610944512619
91341212939582
126719490309602
184849692557090
23531113450011
271893035990678
40956508003033
99105293615167
91926021987862
172577124087781
141315088026598
13322039619048
268779080899750
264933543810647
210054881892999
198583059039036
91141748613160
135552898293451
149463034143830
6284919522236
248676323253817
93256061242372
153963634866421
116967254640338
27951261050343
253636205088177
254772452183693
57560529056879
211414089407674
229116675084186
86553346092767
41641503344607
97259421750837
141349371062904
61627191786143
26962793438057
137669832300635
272628611942698
72475356961633
128787234736205
224588224076512
187940779297656
17924703695118
222895439906815
156914211556396
227963197332978
275066213619397
110486310543264
107659128261981
201596199926149
