203000540209048
260610944512619
196800087258727
185766774930972
184849692557090
23531113450011
40956508003033
99105293615167
91926021987862
172577124087781
268779080899750
264933543810647
210054881892999
198583059039036
102980705489780
149463034143830
6284919522236
248676323253817
158695145906443
116967254640338
27951261050343
253636205088177
151508070943428
234520716305333
274290097774951
60220108213051
96345662459179
186095902690375
256199147049634
24072122252884
131979655825354
108170957416094
275421524867070
8407921198549
107860653556069
134632255767227
110910461708803
222831778784984
107971382030130
18182289702738
134831024351070
190900599810185
181698488001281
248518743889428
30245646697796
144165622202971
215931795752459
147778574245031
238860956046310
96060184499687
191879097109850
215500919135276
104628363092931
275347129693372
188903810207789
132992347781283
260427619730371
169444238102848
215503402902965
255629052919189
63905674355967
65076531416372
274447553423952
191181185813812
113887269618745
48946007243213
211802802058289
190993267158794
12103676745934
173378701919638
176208864101603
185670760452528
83668211394157
123176609308964
22882524097674
234086551199886
249281704971288
239532082603830
124488182661419
72280365469855
12791640951718
207709691930399
40582540457722
204155011425751
105905759274105
216403855480351
95680921335890
25223309939852
228643552364874
270366115295149
99096971354856
57855304305752
59633686556665
274186815956279
86661275570167
164256606491139
28486853710333
81508944158916
25157446809521
172372112972610
109114911489172
279534070033182
93158458168827
9865677370950
195999153617904
23539184035933
69849414435748
135432623945630
56300862397284
97364544454005
190275204724039
31232410136414
124091272523430
120855605600290
280087744535169
28158755128698
20073708540712
105240746589847
239123887694409
85849849112901
142583837068383
64710631489631
79135405498967
276631051765540
64816850678990
277092013295200
148161910547332
109097098050277
154104289987387
167468520984238
181207216985582
246799222896866
93923308159474
112027780763267
97259421750837
243743396640786
8014007721544
123856813709398
94792294960869
30194003888785
82425581608470
227759601358574
201110351242294
72475356961633
122711649680610
224588224076512
176773394912871
17924703695118
231162550955012
179881237608202
222895439906815
156914211556396
227963197332978
190741445480252
63006009570115
59660883515396
132664249313706
149579995452278
75247879401793
14232411764698
204556726184957
63836088579853
94587682762452
33963865118962
245260224586465
276944374439089
204102776608642
194861482003569
249384536728693
12425784388168
21754573223559
194419157287275
13054079125254
109825109987372
181438992436921
225950114728530
231505557037919
105615453482817
115055982515799
184456398822718
102603902063547
196349807286801
188076518209921
165141501491770
76262800543470
103551587650793
221539812525443
252084484874537
254846082389938
152182297080558
