203000540209048
260610944512619
196800087258727
185766774930972
184849692557090
23531113450011
40956508003033
99105293615167
91926021987862
172577124087781
268779080899750
264933543810647
210054881892999
198583059039036
102980705489780
149463034143830
6284919522236
248676323253817
158695145906443
116967254640338
27951261050343
253636205088177
151508070943428
234520716305333
274290097774951
60220108213051
96345662459179
186095902690375
256199147049634
24072122252884
131979655825354
108170957416094
275421524867070
8407921198549
107860653556069
134632255767227
110910461708803
222831778784984
107971382030130
18182289702738
134831024351070
190900599810185
181698488001281
248518743889428
30245646697796
144165622202971
215931795752459
147778574245031
238860956046310
96060184499687
191879097109850
215500919135276
104628363092931
275347129693372
188903810207789
132992347781283
260427619730371
169444238102848
215503402902965
255629052919189
63905674355967
65076531416372
274447553423952
191181185813812
113887269618745
48946007243213
211802802058289
190993267158794
12103676745934
173378701919638
176208864101603
185670760452528
83668211394157
123176609308964
22882524097674
234086551199886
249281704971288
239532082603830
124488182661419
72280365469855
12791640951718
207709691930399
40582540457722
204155011425751
105905759274105
216403855480351
95680921335890
25223309939852
228643552364874
270366115295149
99096971354856
57855304305752
59633686556665
274186815956279
86661275570167
164256606491139
28486853710333
81508944158916
25157446809521
172372112972610
109114911489172
279534070033182
93158458168827
9865677370950
195999153617904
23539184035933
69849414435748
135432623945630
97364544454005
190275204724039
124091272523430
136402518458384
55365694342318
31884445471189
255062477985684
97259421750837
74059800293837
221181704228177
46229228145251
259952539948661
195183664496081
14232411764698
204556726184957
60177055309216
72475356961633
94587682762452
224588224076512
33963865118962
17924703695118
245260224586465
179881237608202
168992652097891
204102776608642
194861482003569
249384536728693
82952939694905
21754573223559
222895439906815
194419157287275
270008157016440
245485687374362
181003978858871
160422244977745
232419472912835
60915941227706
18495372024384
206942404671230
105099926681291
156914211556396
227963197332978
214732798772016
5258412604399
138092230338529
123826525439095
61983692135499
194218779857780
49454737737297
39175311191065
276452417657830
209341637188771
69191078801586
33044926919958
251232925677778
61338738896802
176296819478238
64598154227752
132546272076327
256556311852270
39382283402171
101619878812150
33893859579067
4973686945959
175264531048347
17383409829056
51470349012698
170537584159636
63751258523754
33731776147429
252084484874537
254846082389938
150354139080675
82425581608470
227759601358574
188442986308616
147184200187182
150493109781907
233949115684514
203597265444641
14993589248719
207702309653304
200078220452600
69104805139584
