203000540209048
260610944512619
196800087258727
185766774930972
184849692557090
23531113450011
40956508003033
99105293615167
91926021987862
172577124087781
268779080899750
264933543810647
210054881892999
198583059039036
102980705489780
149463034143830
6284919522236
248676323253817
158695145906443
116967254640338
27951261050343
253636205088177
151508070943428
234520716305333
274290097774951
60220108213051
96345662459179
186095902690375
256199147049634
24072122252884
131979655825354
108170957416094
275421524867070
8407921198549
107860653556069
134632255767227
110910461708803
222831778784984
107971382030130
18182289702738
134831024351070
190900599810185
181698488001281
248518743889428
30245646697796
144165622202971
215931795752459
147778574245031
238860956046310
96060184499687
191879097109850
215500919135276
104628363092931
275347129693372
188903810207789
215503402902965
255629052919189
63905674355967
65076531416372
274447553423952
234086551199886
249281704971288
12791640951718
207709691930399
105905759274105
216403855480351
95680921335890
25223309939852
59633686556665
274186815956279
86661275570167
164256606491139
28486853710333
81508944158916
25157446809521
172372112972610
109114911489172
279534070033182
93158458168827
9865677370950
195999153617904
23539184035933
69849414435748
135432623945630
97364544454005
190275204724039
124091272523430
265348879364360
96830087677882
7857845504027
154627024642107
262507389898152
235551212402021
97259421750837
117107974779077
162093861277344
174550717043688
6707294536961
229345057650984
20701441874774
61234135480845
217220116233598
154405790386286
55016242832158
33081950181188
25209572367598
109576855273427
192654326456210
79424741732220
61125564615170
140573690869194
217669653585816
245256525396790
37283274407508
157405242672160
80407303583511
190772716085577
57545903023846
41695764588154
188655165598329
35210778309442
231238925671707
245485687374362
181003978858871
214914734008875
72475356961633
178912736258344
224588224076512
252762148770001
17924703695118
164839553788545
179881237608202
23265859226379
105099926681291
222895439906815
156914211556396
227963197332978
140096438965508
263267856912923
265867836302377
57148691779654
45443033100916
247434003794920
21498020381381
162219169675589
78655922771668
128132214936972
213809342768042
229556723501134
168651427787296
196693213267357
276452417657830
103551587650793
235050559507314
35602155744819
76262800543470
142754904079364
252084484874537
254846082389938
135838508652267
62511473639566
263999751006732
271071975934724
152182297080558
177202809513255
268601744933485
168521213558837
199833422900628
102888976475879
82456340942088
99146993378318
151580523270477
9939064458351
49324675242407
190741445480252
62788128644718
267017849118686
221978580717347
38121875956035
69951085863844
45249734418505
14232411764698
204556726184957
60177055309216
158904067847008
33963865118962
245260224586465
168992652097891
204102776608642
194861482003569
249384536728693
76255658320767
21754573223559
194419157287275
46360361409992
82425581608470
227759601358574
201110351242294
122711649680610
176773394912871
231162550955012
987476624585
72387638395826
51416057820555
214506168604243
94855218815591
103360465259828
149816571845360
125154272543636
211199646898526
10358741729385
29182877831009
198243908529118
79571811894724
131643445632340
54484226616326
112464126884748
78630178725417
172747543343023
68331580298279
206737408002095
67860137670473
