203000540209048
31812563445102
97259421750837
181411880651204
3650215397309
67913376803080
171770015972530
60657857964846
103551587650793
113911987152095
10428582851830
224588224076512
222895439906815
43547241148072
13082948773917
225945849775769
264887557493530
174474549452414
148806526412747
99393631219522
2244161573335
72475356961633
4619903561011
85357492642480
203597265444641
181568528637518
46723407015208
114914874557475
93989221193502
257437619579273
43935066526100
25132202420616
127958680705279
