203000540209048
31812563445102
209491297356261
81671944697182
216064519912663
96314815898542
55640619164809
224027568749162
64004971506200
129498085446864
225207429120179
74277219576128
242786796224364
97851076449043
274383749473104
268585427932377
172501886224886
97259421750837
135891938338194
158199093409307
30293706696315
207170652507565
72475356961633
131345523249869
224588224076512
102381967850297
17924703695118
158904067847008
76262800543470
216462071468012
276452417657830
103551587650793
235050559507314
222895439906815
156914211556396
227963197332978
252084484874537
254846082389938
152182297080558
