203000540209048
260610944512619
196800087258727
185766774930972
184849692557090
23531113450011
40956508003033
99105293615167
91926021987862
172577124087781
268779080899750
264933543810647
210054881892999
198583059039036
102980705489780
149463034143830
6284919522236
248676323253817
158695145906443
116967254640338
27951261050343
253636205088177
151508070943428
234520716305333
274290097774951
60220108213051
96345662459179
186095902690375
256199147049634
24072122252884
131979655825354
108170957416094
275421524867070
8407921198549
107860653556069
134632255767227
110910461708803
222831778784984
107971382030130
18182289702738
134831024351070
190900599810185
181698488001281
248518743889428
30245646697796
144165622202971
215931795752459
147778574245031
238860956046310
96060184499687
191879097109850
215500919135276
104628363092931
275347129693372
188903810207789
132992347781283
260427619730371
169444238102848
215503402902965
255629052919189
63905674355967
65076531416372
274447553423952
191181185813812
113887269618745
48946007243213
211802802058289
190993267158794
12103676745934
173378701919638
176208864101603
185670760452528
83668211394157
123176609308964
22882524097674
234086551199886
249281704971288
239532082603830
124488182661419
72280365469855
12791640951718
207709691930399
40582540457722
204155011425751
105905759274105
216403855480351
95680921335890
25223309939852
228643552364874
270366115295149
99096971354856
57855304305752
59633686556665
274186815956279
86661275570167
164256606491139
28486853710333
81508944158916
25157446809521
172372112972610
109114911489172
279534070033182
93158458168827
9865677370950
195999153617904
23539184035933
135432623945630
56300862397284
190275204724039
31232410136414
124091272523430
275464295779612
119863483903848
70100923903762
226732005861980
34674458466918
161197761706010
196757924186730
227655922089153
224803824756393
214330317815197
97259421750837
148271358914359
74059800293837
92550159679911
66032165020818
265740375880050
2500061199994
87502056420945
137293367786279
63836088579853
72475356961633
158904067847008
224588224076512
33963865118962
17924703695118
245260224586465
179881237608202
168992652097891
204102776608642
194861482003569
249384536728693
58693576340892
21754573223559
225926486147192
222895439906815
194419157287275
61283525542306
199300774781395
87331563936803
39785799853926
251439297291296
113686626549311
51957812087122
7637723907678
255869162855533
253749333268381
123468314958255
248959507953002
84132886928816
256173538452989
91822590564714
252328736962932
68010922736379
251974540274137
203485180867251
171989690102685
137918997472562
17372885060911
76468167494761
105099926681291
156914211556396
227963197332978
181257063129983
31797646431249
260590826654917
139901563501948
66144995117029
254416636291227
106495869638342
12220542063778
10016961657493
280564646217681
188442986308616
147184200187182
150493109781907
233949115684514
137894766418394
17383409829056
243802292879938
183807455064821
158722038335983
84960717143623
89700703633992
51058691683592
251174368905767
61983087320267
127045674904835
70606255229321
242278958908103
152987506221213
139422022835214
211471583385779
189059733988271
83878554550843
20534441219664
266154171263329
198264149146049
122823093921178
192854062532222
89892800398882
104003439228759
279939703584469
269734265522606
52946066334496
158537568637690
220771299226849
181932822637818
180117409890406
188076518209921
103551587650793
49830042663271
49771727142725
197568969594948
22364521622670
12359164502776
63017040246875
14993589248719
207702309653304
200078220452600
69104805139584
155411598746167
190333461197355
74720678528960
109761930607384
196432112285889
25004145708047
170537584159636
63751258523754
