203000540209048
260610944512619
196800087258727
185766774930972
184849692557090
23531113450011
40956508003033
99105293615167
91926021987862
172577124087781
268779080899750
264933543810647
210054881892999
198583059039036
102980705489780
149463034143830
6284919522236
248676323253817
158695145906443
116967254640338
27951261050343
253636205088177
151508070943428
234520716305333
274290097774951
60220108213051
96345662459179
186095902690375
256199147049634
24072122252884
131979655825354
108170957416094
275421524867070
8407921198549
107860653556069
134632255767227
110910461708803
222831778784984
107971382030130
18182289702738
134831024351070
190900599810185
181698488001281
248518743889428
30245646697796
144165622202971
215931795752459
147778574245031
238860956046310
96060184499687
191879097109850
215500919135276
104628363092931
275347129693372
188903810207789
132992347781283
260427619730371
169444238102848
215503402902965
255629052919189
63905674355967
65076531416372
274447553423952
191181185813812
113887269618745
48946007243213
211802802058289
190993267158794
12103676745934
173378701919638
176208864101603
185670760452528
83668211394157
123176609308964
22882524097674
234086551199886
249281704971288
239532082603830
124488182661419
72280365469855
12791640951718
207709691930399
40582540457722
204155011425751
105905759274105
216403855480351
95680921335890
25223309939852
228643552364874
270366115295149
99096971354856
57855304305752
59633686556665
274186815956279
86661275570167
164256606491139
28486853710333
81508944158916
25157446809521
172372112972610
109114911489172
279534070033182
93158458168827
9865677370950
195999153617904
23539184035933
69849414435748
135432623945630
56300862397284
33967597654507
97364544454005
190275204724039
31232410136414
61648044453989
194830124850560
53195415459040
124091272523430
43845669491040
215440055917206
235612636468769
250738599830038
54928368461464
59435671384828
279889667556556
36813500181619
7246651165929
203252259709485
239670444338237
67625051319574
35135804700451
110288425872268
98264324174243
274014218175079
166490300322064
70100923903762
210336242586925
23188563432652
183791507958163
226732005861980
34674458466918
161197761706010
196757924186730
227655922089153
224803824756393
71640418781208
117868707039345
214330317815197
97259421750837
265740375880050
148271358914359
74059800293837
158537568637690
220771299226849
181932822637818
180117409890406
72475356961633
158904067847008
224588224076512
188076518209921
17924703695118
139422022835214
225926486147192
103551587650793
171989690102685
17383409829056
105099926681291
222895439906815
61283525542306
199300774781395
87331563936803
39785799853926
251439297291296
113686626549311
51957812087122
7637723907678
255869162855533
253749333268381
2500061199994
87502056420945
137293367786279
60177055309216
33963865118962
245260224586465
179881237608202
168992652097891
204102776608642
194861482003569
249384536728693
58693576340892
21754573223559
194419157287275
243802292879938
248959507953002
84132886928816
1282907316154
190293023448458
93144766851228
43455243233241
82465038494196
17372885060911
256790637010173
156914211556396
227963197332978
181257063129983
31797646431249
260590826654917
89892800398882
261002948197936
181290037200066
67677742398881
56261939820882
61983087320267
261224698119680
163157492872108
39951162598887
152987506221213
115839056463889
189059733988271
73507413326927
166501943585206
124531052334497
59292086383816
46972206074537
96588807753307
59250398483981
123468314958255
59506809161353
91822590564714
252328736962932
68010922736379
260198843658128
203485180867251
137918997472562
76468167494761
139901563501948
66144995117029
254416636291227
106495869638342
10016961657493
280564646217681
188442986308616
147184200187182
150493109781907
233949115684514
137894766418394
155411598746167
190333461197355
74720678528960
170307827838595
135451141717457
25004145708047
109761930607384
170537584159636
63751258523754
49830042663271
49771727142725
197568969594948
22364521622670
12359164502776
201493870583334
14993589248719
207702309653304
200078220452600
69104805139584
