203000540209048
260610944512619
196800087258727
185766774930972
23531113450011
64976315022243
194780423707019
144996425317155
125603110367288
102980705489780
204991904595866
158695145906443
47190061015009
35114112602712
95459914862583
60748088055594
97259421750837
98135735827821
179724770349725
126982424500843
242972830234958
105322189869214
245485687374362
181003978858871
116996625254415
72475356961633
95271975190216
224588224076512
259756260304630
17924703695118
137184269316923
179881237608202
90365779380246
105099926681291
222895439906815
156914211556396
227963197332978
135648688083309
78655922771668
128132214936972
28959948423656
244414591267234
96872288706944
103551587650793
276452417657830
235050559507314
76262800543470
252084484874537
254846082389938
135838508652267
62511473639566
263999751006732
271071975934724
152182297080558
132281019547502
275251787874542
73061445745200
26763712707305
271920934031702
