203000540209048
31812563445102
118681609017209
7097666086697
64401953602388
108857784781340
77497371566623
234195309182843
3857269266548
35358069752079
80263406465331
18643826429788
32166197974642
36700136698094
202491178366165
241884573711685
104970117488965
247537858635867
125496267038897
63974828459349
32151424409338
105081679960713
97259421750837
4275650100866
175763401124675
29037808003149
169643811457513
103949270836
231263404669439
124372787342761
16149329155407
275495624777865
263267856912923
265867836302377
28555792701770
72475356961633
244447251658187
224588224076512
66966696311737
17924703695118
238364436178960
105099926681291
222895439906815
212801290065203
30968746906792
248723388273813
266921437984307
4619903561011
171770015972530
103601546663443
148960946892464
113911987152095
158904067847008
43547241148072
13082948773917
225945849775769
103866057120359
237817063623089
182041429852950
237920071375905
148806526412747
99393631219522
139133995685347
254776042470963
11388582259583
126625057634298
