203000540209048
31812563445102
229667623361183
274867279300636
97259421750837
259076056277960
274384454392067
85668403301957
13077697080703
99830056849421
243191445748439
38196949944620
275401506830731
218938485452249
103551587650793
72475356961633
159902622633376
224588224076512
195021680951877
17924703695118
45971625443022
156608164092037
276452417657830
235050559507314
222895439906815
136053984206967
254077487230734
221970782493094
252084484874537
254846082389938
135838508652267
62511473639566
263999751006732
271071975934724
203597265444641
169906180931203
70653062694564
111751210199222
142216891431339
32626015812195
88957919684597
