203000540209048
31812563445102
173639311733060
141984551895880
109446273351414
174660219374866
97259421750837
85668403301957
256449507559414
275401506830731
195157788916660
103551587650793
72475356961633
187179244859389
224588224076512
195021680951877
17924703695118
45971625443022
156608164092037
276452417657830
235050559507314
222895439906815
136053984206967
254077487230734
221970782493094
252084484874537
254846082389938
135838508652267
62511473639566
263999751006732
271071975934724
102143589961949
169906180931203
63280236209374
246450648256585
183532844270397
126176142067298
82571698573022
