203000540209048
31812563445102
37308557774653
227255696292296
97259421750837
66458265015032
277682274593942
62111893456529
161612741882928
72475356961633
123537310063421
224588224076512
273230660764784
17924703695118
28920402366879
156608164092037
101754348827758
171989690102685
222895439906815
136053984206967
254077487230734
221970782493094
204269173985624
263475005420705
61283525542306
199300774781395
87331563936803
39785799853926
251439297291296
113686626549311
51957812087122
7637723907678
255869162855533
253749333268381
259888073008602
63826523191605
249561744171440
159177021912398
94796908806643
79793133882604
5091750126517
61065207358853
255214384984654
142757496614308
