203000540209048
31812563445102
52171764819359
274867279300636
97259421750837
72259848125948
198429312224810
25036726876237
19845110116319
169906180931203
70653062694564
22880355285541
72475356961633
268142146510852
224588224076512
53655925738113
17924703695118
154324786200254
156608164092037
222895439906815
136053984206967
254077487230734
221970782493094
64996021053988
171770015972530
60657857964846
210589387188186
113911987152095
158904067847008
43547241148072
13082948773917
225945849775769
244577324705644
237817063623089
115032401967183
138094077523744
