203000540209048
31812563445102
52171764819359
274867279300636
97259421750837
216936163548542
127210395382041
85668403301957
256449507559414
275401506830731
195157788916660
103551587650793
72475356961633
12800108868554
224588224076512
195021680951877
17924703695118
45971625443022
156608164092037
276452417657830
235050559507314
222895439906815
136053984206967
254077487230734
221970782493094
252084484874537
254846082389938
135838508652267
62511473639566
263999751006732
271071975934724
66458265015032
103360465259828
149816571845360
132623660015821
256096197342785
214243295877204
196845326530642
228218431651313
235228804678074
214984031748019
