203000540209048
31812563445102
52171764819359
274867279300636
97259421750837
44805798293559
277682274593942
101792046214029
36341340211706
72475356961633
114229877220327
224588224076512
38972892065321
17924703695118
96165639282715
156608164092037
101754348827758
171989690102685
222895439906815
136053984206967
254077487230734
221970782493094
204269173985624
263475005420705
61283525542306
199300774781395
87331563936803
39785799853926
251439297291296
113686626549311
51957812087122
7637723907678
255869162855533
253749333268381
250418771117954
130255134039472
46750831015110
248907254698065
239708307122455
279999288801368
107494052409988
194682650460784
71805115430052
223697823200785
