203000540209048
31812563445102
52171764819359
274867279300636
189080703212440
97259421750837
72259848125948
256449507559414
275401506830731
218938485452249
95647275849256
72475356961633
194682650460784
224588224076512
71805115430052
17924703695118
223697823200785
156608164092037
17383409829056
276452417657830
235050559507314
222895439906815
136053984206967
254077487230734
221970782493094
252084484874537
254846082389938
135838508652267
62511473639566
263999751006732
271071975934724
79807779011412
169906180931203
63280236209374
102570366657246
252211971706282
52013969973105
143036277242742
