203000540209048
185766774930972
184849692557090
23531113450011
154883243138291
188903810207789
132992347781283
260427619730371
169444238102848
215503402902965
255629052919189
63905674355967
65076531416372
274447553423952
191181185813812
113887269618745
48946007243213
211802802058289
190993267158794
12103676745934
173378701919638
176208864101603
185670760452528
83668211394157
123176609308964
22882524097674
234086551199886
249281704971288
239532082603830
124488182661419
72280365469855
12791640951718
207709691930399
40582540457722
204155011425751
105905759274105
216403855480351
95680921335890
25223309939852
228643552364874
270366115295149
99096971354856
57855304305752
124091272523430
246588936548120
7723044506436
90410659748690
192914589677232
36969935447309
231324610588712
183613853229101
227139857165519
102000597825481
32107144092689
90100397281109
208794754003659
84775896169142
259380914015916
97259421750837
6707294536961
16478276072359
55430307642320
106495869638342
73706326947846
234713742718154
72500448002618
72475356961633
238509843183521
224588224076512
194542950036378
17924703695118
201784587415235
179881237608202
103478238978724
17372885060911
176656357246499
105099926681291
222895439906815
156914211556396
227963197332978
181257063129983
31797646431249
260590826654917
139901563501948
66144995117029
123468314958255
254416636291227
10016961657493
124263516080572
245485687374362
181003978858871
203879130958891
94587682762452
173176725566898
215698184130965
120316055077803
183092270054251
109271616964933
158904067847008
160284818222696
98003366758518
265341231705724
19378703137435
188995492530722
126286646434568
81656207338562
221334518087769
156574102000437
156608164092037
20819280066252
136053984206967
254077487230734
221970782493094
43820995411176
14232411764698
204556726184957
63836088579853
33963865118962
245260224586465
168992652097891
204102776608642
194861482003569
249384536728693
210178256351851
21754573223559
194419157287275
101237705195786
188076518209921
12425784388168
6318640936115
141414928512538
27404770859983
190962783629330
198259661589710
150354139080675
82425581608470
227759601358574
188442986308616
147184200187182
150493109781907
233949115684514
154286779024695
152815396598972
11596238299252
259782549794904
49408100675201
235982220772746
261640958631235
177351269370278
39382283402171
101619878812150
264928125383178
205414095510918
245494951398347
175264531048347
51470349012698
170537584159636
63751258523754
33731776147429
252084484874537
254846082389938
57631768108218
91543014834194
94880194779625
68877648977008
226476617469139
241318878782308
