203000540209048
260610944512619
196800087258727
185766774930972
184849692557090
23531113450011
40956508003033
99105293615167
91926021987862
172577124087781
268779080899750
264933543810647
210054881892999
198583059039036
102980705489780
149463034143830
6284919522236
248676323253817
158695145906443
116967254640338
27951261050343
253636205088177
151508070943428
234520716305333
274290097774951
60220108213051
96345662459179
186095902690375
256199147049634
24072122252884
131979655825354
108170957416094
275421524867070
8407921198549
107860653556069
134632255767227
110910461708803
222831778784984
107971382030130
18182289702738
134831024351070
190900599810185
181698488001281
248518743889428
30245646697796
144165622202971
215931795752459
147778574245031
238860956046310
96060184499687
191879097109850
215500919135276
104628363092931
275347129693372
274585521013826
91215615775706
277191446508970
91254886006672
189586078581178
154883243138291
188903810207789
132992347781283
260427619730371
169444238102848
215503402902965
255629052919189
63905674355967
65076531416372
274447553423952
191181185813812
113887269618745
48946007243213
211802802058289
190993267158794
12103676745934
173378701919638
176208864101603
185670760452528
83668211394157
123176609308964
22882524097674
234086551199886
249281704971288
239532082603830
124488182661419
72280365469855
12791640951718
207709691930399
40582540457722
204155011425751
105905759274105
216403855480351
95680921335890
25223309939852
228643552364874
270366115295149
99096971354856
57855304305752
59633686556665
274186815956279
86661275570167
164256606491139
28486853710333
81508944158916
25157446809521
172372112972610
109114911489172
279534070033182
93158458168827
9865677370950
195999153617904
23539184035933
69849414435748
135432623945630
56300862397284
97364544454005
190275204724039
31232410136414
77866647012532
131164223008176
116322316279314
124091272523430
30916128849339
40294479961879
70059961058756
37424171936698
52604472657472
246588936548120
7723044506436
90410659748690
192914589677232
36969935447309
231324610588712
183613853229101
227139857165519
102000597825481
32107144092689
7602401116661
229004904594943
90100397281109
208794754003659
84775896169142
259380914015916
18230156679249
207903238687168
140836860487689
208594860770820
198793310134391
133128345604776
110895079597540
6805232122974
199815451779468
69568360289355
108558382108611
119455511269452
280457507138356
200944943084050
277621708359353
41519489433980
50598376540047
279523692169391
225359851036467
41083771125741
135286971553458
160903676099980
214734017053899
73706326947846
206970767075490
26205684743920
72475356961633
169069866910235
224588224076512
85427338708444
17924703695118
17383409829056
179881237608202
102013380723058
17372885060911
181930385202895
105099926681291
222895439906815
156914211556396
227963197332978
181257063129983
31797646431249
260590826654917
13054079125254
245485687374362
105969600109094
99320012372015
165028626750214
10016961657493
234713742718154
158904067847008
188076518209921
123468314958255
139901563501948
66144995117029
254416636291227
106495869638342
140817732328842
19378703137435
188995492530722
156258790207030
92571952375755
20955640794963
89823171720099
156608164092037
136053984206967
254077487230734
221970782493094
99577408013509
5499439484201
249408927123954
45763975740165
33875281571030
202237097315680
241041125378543
190571178230529
265382200001290
165259971480282
71062888101697
7134436188224
236766530251119
2886664291436
199525970646337
175571860407499
64464610517182
128584094185417
86750065623784
181003978858871
257733058585793
181796204684328
