203000540209048
260610944512619
196800087258727
185766774930972
184849692557090
23531113450011
154883243138291
188903810207789
132992347781283
260427619730371
169444238102848
215503402902965
255629052919189
63905674355967
65076531416372
274447553423952
191181185813812
113887269618745
48946007243213
211802802058289
190993267158794
12103676745934
173378701919638
176208864101603
185670760452528
83668211394157
123176609308964
22882524097674
234086551199886
249281704971288
239532082603830
124488182661419
72280365469855
12791640951718
207709691930399
40582540457722
204155011425751
105905759274105
216403855480351
95680921335890
25223309939852
228643552364874
270366115295149
99096971354856
57855304305752
124091272523430
246588936548120
7723044506436
90410659748690
192914589677232
36969935447309
231324610588712
183613853229101
227139857165519
102000597825481
32107144092689
90100397281109
208794754003659
84775896169142
259380914015916
97259421750837
6707294536961
254416636291227
248959507953002
84132886928816
217119130590405
72475356961633
166033950242046
224588224076512
21931876415508
17924703695118
145058444291493
179881237608202
205861712245307
225926486147192
140249563679142
171989690102685
62327819075779
17372885060911
176656357246499
105099926681291
222895439906815
156914211556396
227963197332978
181257063129983
31797646431249
260590826654917
61283525542306
199300774781395
87331563936803
39785799853926
251439297291296
113686626549311
51957812087122
7637723907678
255869162855533
253749333268381
66144995117029
139901563501948
10016961657493
123468314958255
106495869638342
31458529405597
207406367472890
263669699031043
90109658992054
17383409829056
114238585647993
225861887368843
158904067847008
103551587650793
142786825015993
141414928512538
27404770859983
53574492420268
50268062241055
124206701525859
82425581608470
227759601358574
188442986308616
147184200187182
150493109781907
233949115684514
179322935527784
14232411764698
204556726184957
63836088579853
33963865118962
245260224586465
168992652097891
204102776608642
194861482003569
249384536728693
237997694426699
21754573223559
194419157287275
155501746132415
39382283402171
101619878812150
149741344187465
203665325545406
29491551138339
34600861604217
51470349012698
170537584159636
63751258523754
33731776147429
252084484874537
254846082389938
