203000540209048
184849692557090
23531113450011
188903810207789
132992347781283
260427619730371
169444238102848
215503402902965
255629052919189
63905674355967
65076531416372
274447553423952
191181185813812
113887269618745
48946007243213
211802802058289
190993267158794
12103676745934
173378701919638
176208864101603
185670760452528
83668211394157
123176609308964
22882524097674
234086551199886
249281704971288
239532082603830
124488182661419
72280365469855
12791640951718
207709691930399
40582540457722
204155011425751
105905759274105
216403855480351
95680921335890
25223309939852
228643552364874
270366115295149
99096971354856
57855304305752
246588936548120
7723044506436
90410659748690
192914589677232
36969935447309
231324610588712
183613853229101
227139857165519
102000597825481
32107144092689
90100397281109
208794754003659
84775896169142
259380914015916
97259421750837
207602099170400
182165424580220
37366071270228
165510727609929
124554941940488
8168039180538
257687935548205
113911987152095
271864753872906
224588224076512
108046229790775
14746426607000
236783769648200
76262800543470
43029301157545
221539812525443
17972115538136
215035772789646
222895439906815
63566602125155
25812710321133
156914211556396
152182297080558
252084484874537
254846082389938
135838508652267
62511473639566
