203000540209048
260610944512619
196800087258727
185766774930972
184849692557090
23531113450011
40956508003033
99105293615167
91926021987862
172577124087781
268779080899750
264933543810647
210054881892999
198583059039036
102980705489780
149463034143830
6284919522236
248676323253817
158695145906443
116967254640338
27951261050343
253636205088177
151508070943428
234520716305333
274290097774951
60220108213051
96345662459179
186095902690375
256199147049634
24072122252884
131979655825354
108170957416094
275421524867070
8407921198549
107860653556069
134632255767227
110910461708803
222831778784984
107971382030130
18182289702738
134831024351070
190900599810185
181698488001281
248518743889428
30245646697796
144165622202971
215931795752459
147778574245031
238860956046310
96060184499687
191879097109850
215500919135276
104628363092931
275347129693372
274585521013826
154883243138291
188903810207789
132992347781283
260427619730371
169444238102848
215503402902965
255629052919189
63905674355967
65076531416372
274447553423952
191181185813812
113887269618745
48946007243213
211802802058289
190993267158794
12103676745934
173378701919638
176208864101603
185670760452528
83668211394157
123176609308964
22882524097674
234086551199886
249281704971288
239532082603830
124488182661419
72280365469855
12791640951718
207709691930399
40582540457722
204155011425751
105905759274105
216403855480351
95680921335890
25223309939852
228643552364874
270366115295149
99096971354856
57855304305752
59633686556665
274186815956279
86661275570167
164256606491139
28486853710333
81508944158916
25157446809521
172372112972610
109114911489172
279534070033182
93158458168827
9865677370950
195999153617904
23539184035933
69849414435748
135432623945630
56300862397284
97364544454005
190275204724039
31232410136414
77866647012532
124091272523430
246588936548120
7723044506436
90410659748690
192914589677232
36969935447309
231324610588712
183613853229101
227139857165519
102000597825481
32107144092689
7602401116661
229004904594943
90100397281109
208794754003659
84775896169142
259380914015916
97259421750837
6707294536961
41519489433980
280457507138356
274420669141957
254416636291227
73706326947846
234713742718154
217119130590405
72475356961633
166033950242046
224588224076512
21931876415508
17924703695118
145058444291493
179881237608202
62327819075779
17372885060911
176656357246499
105099926681291
222895439906815
156914211556396
227963197332978
181257063129983
31797646431249
260590826654917
66144995117029
139901563501948
10016961657493
123468314958255
106495869638342
171770890153166
125168365699978
137669832300635
273660606822233
77988012250727
44725520221313
6318640936115
141414928512538
27404770859983
53574492420268
88702102636381
187529776720519
150354139080675
82425581608470
227759601358574
188442986308616
147184200187182
150493109781907
233949115684514
73178792609328
124206701525859
140709434140754
39382283402171
101619878812150
149741344187465
203665325545406
29491551138339
175264531048347
51470349012698
170537584159636
63751258523754
33731776147429
252084484874537
254846082389938
179322935527784
14232411764698
204556726184957
63836088579853
33963865118962
245260224586465
168992652097891
204102776608642
194861482003569
249384536728693
237997694426699
21754573223559
194419157287275
229376673169727
217335021533512
68574233824825
8156335994444
173209727842324
233292841424693
41597457534111
167971719713287
100739771429632
80459126393180
19378703137435
210050722825388
164704566317174
214107813036804
229672428359397
233888667220235
156608164092037
136053984206967
254077487230734
221970782493094
79735504886663
86052971204027
275173645493633
20673598512446
8476767557500
10360939992030
232017910140277
276452417657830
22891167310541
38687699284877
256659808307733
54522322050481
103360465259828
149816571845360
18647796622727
105084500312065
35448832984311
26962793438057
168523633073164
245532990845097
71844484051801
70177678509813
246109830828586
55029989281395
113911987152095
141073963075584
202432746809269
43547241148072
13082948773917
225945849775769
234478912661349
158904067847008
45880715090205
225790211928405
266072845280032
245485687374362
181003978858871
51591894096702
182981035112274
270107099361614
228571330848970
21946480095569
