203000540209048
260610944512619
196800087258727
185766774930972
184849692557090
23531113450011
40956508003033
99105293615167
91926021987862
172577124087781
268779080899750
264933543810647
210054881892999
198583059039036
102980705489780
149463034143830
6284919522236
248676323253817
158695145906443
116967254640338
27951261050343
253636205088177
151508070943428
234520716305333
274290097774951
60220108213051
96345662459179
186095902690375
256199147049634
24072122252884
131979655825354
108170957416094
275421524867070
8407921198549
107860653556069
134632255767227
110910461708803
222831778784984
107971382030130
18182289702738
134831024351070
190900599810185
181698488001281
248518743889428
30245646697796
144165622202971
215931795752459
147778574245031
238860956046310
96060184499687
191879097109850
215500919135276
104628363092931
275347129693372
274585521013826
154883243138291
188903810207789
215503402902965
255629052919189
63905674355967
65076531416372
274447553423952
234086551199886
249281704971288
12791640951718
207709691930399
105905759274105
216403855480351
95680921335890
25223309939852
274186815956279
86661275570167
164256606491139
28486853710333
81508944158916
25157446809521
109114911489172
279534070033182
93158458168827
9865677370950
195999153617904
23539184035933
69849414435748
135432623945630
56300862397284
97364544454005
190275204724039
31232410136414
124091272523430
70059961058756
147458435014019
120819460414000
280192859254957
256690286933345
67765822663302
220198717878902
189405103335982
30049350011253
7602401116661
97259421750837
41519489433980
16854591389554
252395890589637
41083771125741
160903676099980
6707294536961
49755413150971
111791975353876
280457507138356
210953837868820
156446060870441
225359851036467
277621708359353
83474655577463
263267856912923
265867836302377
214076837231655
72475356961633
57138459614783
224588224076512
91283847209
17924703695118
157850334497380
105099926681291
222895439906815
100226882018709
103360465259828
149816571845360
26692508127396
137843389210469
187442659801346
263934308780881
171721365075577
149740481815862
270776113558234
73075028023191
144724768534698
113355762362441
105955867418271
224977793219413
20594414762857
86750065623784
261002948197936
181290037200066
67677742398881
128584094185417
7134436188224
236766530251119
2886664291436
199525970646337
64464610517182
124751103992691
82425581608470
227759601358574
201110351242294
122711649680610
176773394912871
231162550955012
179881237608202
156914211556396
227963197332978
162935561504423
14993589248719
207702309653304
17383409829056
69104805139584
45249734418505
14232411764698
204556726184957
60177055309216
94587682762452
33963865118962
245260224586465
168992652097891
204102776608642
194861482003569
249384536728693
82952939694905
21754573223559
194419157287275
152562502423789
125718566294649
201961583901761
103253407297018
56261939820882
140817732328842
19378703137435
188995492530722
156258790207030
92571952375755
20955640794963
89823171720099
156608164092037
136053984206967
254077487230734
221970782493094
