203000540209048
260610944512619
196800087258727
185766774930972
184849692557090
23531113450011
40956508003033
99105293615167
91926021987862
172577124087781
268779080899750
264933543810647
210054881892999
198583059039036
102980705489780
149463034143830
6284919522236
248676323253817
158695145906443
116967254640338
27951261050343
253636205088177
151508070943428
234520716305333
274290097774951
60220108213051
96345662459179
186095902690375
256199147049634
24072122252884
131979655825354
108170957416094
275421524867070
8407921198549
107860653556069
134632255767227
110910461708803
222831778784984
107971382030130
18182289702738
134831024351070
190900599810185
181698488001281
248518743889428
30245646697796
144165622202971
215931795752459
147778574245031
238860956046310
96060184499687
191879097109850
215500919135276
104628363092931
275347129693372
274585521013826
91215615775706
277191446508970
91254886006672
189586078581178
154883243138291
188903810207789
132992347781283
260427619730371
169444238102848
215503402902965
255629052919189
63905674355967
65076531416372
274447553423952
191181185813812
113887269618745
48946007243213
211802802058289
190993267158794
12103676745934
173378701919638
176208864101603
185670760452528
83668211394157
123176609308964
22882524097674
234086551199886
249281704971288
239532082603830
124488182661419
72280365469855
12791640951718
207709691930399
40582540457722
204155011425751
105905759274105
216403855480351
95680921335890
25223309939852
228643552364874
270366115295149
99096971354856
57855304305752
59633686556665
274186815956279
86661275570167
164256606491139
28486853710333
81508944158916
25157446809521
172372112972610
109114911489172
279534070033182
93158458168827
9865677370950
195999153617904
23539184035933
69849414435748
135432623945630
56300862397284
97364544454005
190275204724039
31232410136414
124091272523430
70059961058756
147458435014019
120819460414000
280192859254957
256690286933345
67765822663302
220198717878902
246588936548120
7723044506436
90410659748690
192914589677232
36969935447309
231324610588712
183613853229101
227139857165519
102000597825481
32107144092689
7602401116661
90100397281109
208794754003659
84775896169142
259380914015916
97259421750837
160903676099980
41519489433980
279523692169391
50598376540047
41083771125741
277621708359353
225359851036467
280457507138356
210953837868820
30697743008714
152562502423789
263267856912923
265867836302377
125718566294649
72475356961633
201961583901761
224588224076512
103253407297018
17924703695118
56261939820882
105099926681291
222895439906815
274685054415889
24504643104161
44375537177496
91283847209
157850334497380
86750065623784
261002948197936
181290037200066
67677742398881
128584094185417
7134436188224
236766530251119
2886664291436
199525970646337
64464610517182
204408505406936
55266428592597
100226882018709
103360465259828
149816571845360
26692508127396
137843389210469
187442659801346
263934308780881
171721365075577
149740481815862
270776113558234
43591254035399
144724768534698
113355762362441
105955867418271
224977793219413
20594414762857
140817732328842
19378703137435
188995492530722
156258790207030
92571952375755
20955640794963
89823171720099
156608164092037
136053984206967
254077487230734
221970782493094
