203000540209048
185766774930972
184849692557090
23531113450011
40956508003033
268779080899750
188903810207789
215503402902965
255629052919189
63905674355967
65076531416372
274447553423952
234086551199886
249281704971288
12791640951718
207709691930399
105905759274105
216403855480351
95680921335890
25223309939852
59633686556665
172372112972610
124091272523430
101364689801590
237588969952634
60679150549523
120407145299098
228933343790540
266366785226783
69187713556199
97259421750837
174721058666092
245485687374362
181003978858871
63328843978604
72475356961633
250256048587966
224588224076512
24350779271315
17924703695118
41728284273932
179881237608202
26161440161283
105099926681291
222895439906815
156914211556396
227963197332978
76385241766656
82425581608470
227759601358574
201110351242294
122711649680610
176773394912871
231162550955012
45249734418505
14232411764698
204556726184957
63836088579853
158904067847008
33963865118962
245260224586465
168992652097891
204102776608642
194861482003569
249384536728693
110479100093976
21754573223559
194419157287275
14610912015950
39382283402171
101619878812150
229956463203659
279294670201689
252641726309253
175264531048347
51470349012698
170537584159636
63751258523754
33731776147429
252084484874537
254846082389938
