203000540209048
185766774930972
184849692557090
23531113450011
40956508003033
268779080899750
188903810207789
215503402902965
255629052919189
63905674355967
65076531416372
274447553423952
234086551199886
249281704971288
12791640951718
207709691930399
105905759274105
216403855480351
95680921335890
25223309939852
59633686556665
172372112972610
124091272523430
97259421750837
174721058666092
245485687374362
181003978858871
193289220946605
72475356961633
127299177074240
224588224076512
143566237841938
17924703695118
45537513281191
179881237608202
148190186433457
105099926681291
222895439906815
156914211556396
227963197332978
14610912015950
39382283402171
101619878812150
148784231532032
192648621859033
267010368723865
175264531048347
51470349012698
170537584159636
63751258523754
33731776147429
252084484874537
254846082389938
