203000540209048
31812563445102
40174189243339
227255696292296
240205682935785
97259421750837
72259848125948
25036726876237
42075384478825
169906180931203
140266946700336
25570475203975
72475356961633
162381716118478
224588224076512
19633658731333
17924703695118
24765167327880
156608164092037
222895439906815
136053984206967
254077487230734
221970782493094
31693347866016
70653062694564
241282059081295
147578839844524
263330864593606
73576735923398
4619903561011
171770015972530
60657857964846
210589387188186
113911987152095
158904067847008
43547241148072
13082948773917
225945849775769
165210065454403
237817063623089
115032401967183
138094077523744
