203000540209048
31812563445102
40174189243339
227255696292296
240205682935785
97259421750837
13077697080703
14340467007359
275401506830731
218938485452249
103551587650793
72475356961633
217187661003711
224588224076512
195021680951877
17924703695118
45971625443022
156608164092037
276452417657830
235050559507314
222895439906815
136053984206967
254077487230734
221970782493094
252084484874537
254846082389938
135838508652267
62511473639566
263999751006732
271071975934724
259852608371119
228218431651313
235228804678074
156127529662059
196845326530642
10579602349900
