203000540209048
31812563445102
52171764819359
233708281781365
240205682935785
97259421750837
72259848125948
259888073008602
169906180931203
140266946700336
198657226194088
72475356961633
72024888686943
224588224076512
123094477435962
17924703695118
270116478172234
156608164092037
222895439906815
136053984206967
254077487230734
221970782493094
196845326530642
275401506830731
195157788916660
26064522177178
60267825813387
272752666605030
122928384963279
17383409829056
276452417657830
235050559507314
252084484874537
254846082389938
135838508652267
62511473639566
263999751006732
271071975934724
66458265015032
117210907502290
149816571845360
269258537312145
171682912995663
117894624711100
