203000540209048
31812563445102
52171764819359
233708281781365
240205682935785
97259421750837
72259848125948
126980111264138
169906180931203
140266946700336
248287016225101
72475356961633
128450237887252
224588224076512
70143422685062
17924703695118
69604972131028
156608164092037
222895439906815
136053984206967
254077487230734
221970782493094
196845326530642
275401506830731
156074819886993
78629255150266
105113381786742
180726452564018
63777928743248
103551587650793
276452417657830
235050559507314
252084484874537
254846082389938
135838508652267
62511473639566
263999751006732
271071975934724
