203000540209048
31812563445102
52171764819359
233708281781365
240205682935785
97259421750837
72259848125948
259888073008602
169906180931203
140266946700336
174950498822653
72475356961633
174362417213267
224588224076512
9786019719922
17924703695118
163373457793705
156608164092037
222895439906815
136053984206967
254077487230734
221970782493094
196845326530642
275401506830731
156074819886993
191637218347164
105113381786742
180726452564018
63777928743248
17383409829056
276452417657830
235050559507314
252084484874537
254846082389938
135838508652267
62511473639566
263999751006732
271071975934724
