203000540209048
31812563445102
52171764819359
233708281781365
240205682935785
97259421750837
157432342461290
13077697080703
243191445748439
14340467007359
275401506830731
195157788916660
103551587650793
72475356961633
234110908957491
224588224076512
195021680951877
17924703695118
45971625443022
156608164092037
276452417657830
235050559507314
222895439906815
136053984206967
254077487230734
221970782493094
252084484874537
254846082389938
135838508652267
62511473639566
263999751006732
271071975934724
256449507559414
232843428149487
259852608371119
228218431651313
235228804678074
246902661804760
