203000540209048
31812563445102
53410182374686
227255696292296
240205682935785
97259421750837
14340467007359
275401506830731
156074819886993
103551587650793
72475356961633
167855569780283
224588224076512
195021680951877
17924703695118
45971625443022
156608164092037
276452417657830
235050559507314
222895439906815
136053984206967
254077487230734
221970782493094
252084484874537
254846082389938
135838508652267
62511473639566
263999751006732
271071975934724
198136455658902
103360465259828
149816571845360
88401538799117
69355947729314
123700398522001
