203000540209048
31812563445102
112665663248463
97259421750837
85668403301957
13077697080703
127210395382041
256449507559414
275401506830731
195157788916660
103551587650793
72475356961633
196248768542927
224588224076512
195021680951877
17924703695118
45971625443022
156608164092037
276452417657830
235050559507314
222895439906815
136053984206967
254077487230734
221970782493094
252084484874537
254846082389938
135838508652267
62511473639566
263999751006732
271071975934724
14340467007359
228218431651313
235228804678074
10579602349900
259888073008602
103360465259828
149816571845360
35137062862538
251981361914941
169862652614133
