203000540209048
31812563445102
97259421750837
25036726876237
232180652744257
259888073008602
169906180931203
63280236209374
179435780737437
72475356961633
173821542755472
224588224076512
130842947232263
17924703695118
16815517675801
156608164092037
222895439906815
136053984206967
254077487230734
221970782493094
4619903561011
171770015972530
60657857964846
210589387188186
113911987152095
158904067847008
43547241148072
13082948773917
225945849775769
165210065454403
237817063623089
115032401967183
138094077523744
