203000540209048
260610944512619
91341212939582
83147641288343
144279864554579
184836850889633
40956508003033
99105293615167
91926021987862
172577124087781
112159263286333
13322039619048
149463034143830
6284919522236
248676323253817
93256061242372
116967254640338
27951261050343
253636205088177
132176807881918
211414089407674
229116675084186
116095061527999
140147455398897
103179051099029
131921145532596
221030629253436
178213254938018
244720175117252
263910186144172
281158456750476
257797155674913
133983686870933
97259421750837
89183153223290
91543014834194
94880194779625
231088678689047
72475356961633
86301607896924
224588224076512
273252558628113
17924703695118
210418752135298
105099926681291
222895439906815
156914211556396
227963197332978
