203000540209048
260610944512619
196800087258727
185766774930972
184849692557090
23531113450011
40956508003033
99105293615167
91926021987862
172577124087781
268779080899750
264933543810647
210054881892999
198583059039036
102980705489780
149463034143830
6284919522236
248676323253817
158695145906443
116967254640338
27951261050343
253636205088177
151508070943428
234520716305333
274290097774951
60220108213051
96345662459179
186095902690375
256199147049634
24072122252884
131979655825354
108170957416094
275421524867070
8407921198549
107860653556069
134632255767227
110910461708803
222831778784984
107971382030130
18182289702738
134831024351070
190900599810185
181698488001281
248518743889428
30245646697796
144165622202971
215931795752459
147778574245031
238860956046310
96060184499687
191879097109850
215500919135276
104628363092931
275347129693372
188903810207789
215503402902965
255629052919189
63905674355967
65076531416372
274447553423952
234086551199886
249281704971288
12791640951718
207709691930399
105905759274105
216403855480351
95680921335890
25223309939852
86661275570167
164256606491139
28486853710333
81508944158916
279534070033182
93158458168827
9865677370950
195999153617904
135432623945630
190275204724039
253193084462813
154269207841629
135945213904908
97259421750837
210723153637825
185020171378601
150765017420387
236297111736417
120262788888728
142655143087722
45348644926731
186408716278318
113486258209988
82227128403795
19378703137435
210050722825388
54769782260336
72475356961633
103701773869893
224588224076512
133082811100442
17924703695118
216307395919198
156608164092037
224455457524343
105099926681291
222895439906815
136053984206967
254077487230734
221970782493094
61676753811291
75220598168280
19485597679762
248237231210728
275926352045912
34221647608603
217908507686768
39462279091420
76262800543470
229396403532884
221539812525443
73075028023191
252084484874537
254846082389938
152182297080558
156914211556396
227963197332978
1105453714350
78655922771668
128132214936972
207298482699540
196092898351000
19911429047105
103551587650793
276452417657830
183208479235948
235050559507314
274567805107687
190452783135811
135838508652267
62511473639566
263999751006732
271071975934724
264854391302278
57683694696994
214222317501381
76314195095671
8270393294770
157811794422635
178575545209902
