203000540209048
97259421750837
116329412738742
280389704356560
210573741451514
31670403236217
130543426238132
109279831660242
156190484209058
131810863917176
214339040188190
262243753059333
56155556023783
31952145523982
223094240109697
31537549565533
103360465259828
149816571845360
229484246129622
72475356961633
222153328893344
224588224076512
143630439357418
17924703695118
222895439906815
250361844078729
186689137901499
94747586246068
160594731114185
233354809447340
107426216530000
92810533728651
156608164092037
136053984206967
254077487230734
221970782493094
240144783167840
71281609158475
270425586694324
9199145320469
59686508039209
181568528637518
46723407015208
93354245281521
93989221193502
257437619579273
43935066526100
25132202420616
127958680705279
113232569035352
119153559512212
9812826456473
42257021664913
173375081172994
116328258541892
177582989741060
136902946705730
212270530190850
170295234584866
45598515207319
27647267526844
208025149218772
99507903886681
11656555024170
187597448523699
126028062034190
76262800543470
33244622114880
221539812525443
252084484874537
254846082389938
152182297080558
218135711189180
213694228103722
110154292899435
22382518511459
126980111264138
169906180931203
70653062694564
278967957115795
55934431993996
158181853028662
208341276591437
4619903561011
171770015972530
103601546663443
144825536765055
113911987152095
158904067847008
43547241148072
13082948773917
225945849775769
67254457264555
117210907502290
126760309942161
183681055236297
215439371621644
14340467007359
204794891629470
233225151751556
264102434241296
263574194373975
241174190278136
278752674219700
276452417657830
279616601809173
235050559507314
218912332838908
105099926681291
135838508652267
62511473639566
120341764814925
249737905162989
197710784250529
84191547137181
264597670846839
244956834270117
270178027434974
195715097308245
62474232811425
84758088382774
141555603942398
276049341423622
218522311107912
955427793177
52836708309015
258010035983046
38397733867006
74513238145590
162117664600679
218228549325163
195296428728724
40994103069307
77059773052162
133194154428717
98872890148792
99719450926113
45665432006882
29670395510832
242355208322315
263267856912923
265867836302377
248562874842509
140358661161508
129308834057188
133927539221121
114700976583534
2373073909510
256344726820397
419048611836
69104805139584
71314306293929
79419298094656
234397458422915
217301193736416
51354149273080
96626024465566
275563712886726
194419157287275
259888073008602
56343081149618
165482451656689
170095827190457
251633990902382
