203000540209048
31812563445102
172743933860518
98061135183451
144099600211262
159788057974871
220534027927920
212891469197759
60816007876420
2274606260186
218288700394487
187646966529546
66769418110004
111569433942599
145572497455590
199629759169089
220963776251947
155497789080013
273080058621409
97259421750837
157376506181217
25206865246849
45675763573209
116329412738742
45825037976304
231045528885227
155137994432858
50078315798964
32412975013549
256449507559414
176900999916818
277974509465616
52836708309015
72475356961633
258010035983046
224588224076512
38397733867006
17924703695118
278752674219700
276452417657830
139790170895790
235050559507314
207514320353061
76262800543470
135915896207504
225926486147192
238364436178960
105099926681291
222895439906815
252084484874537
254846082389938
263999751006732
271071975934724
245228501879543
120437213067972
204269173985624
263475005420705
61283525542306
199300774781395
87331563936803
39785799853926
251439297291296
113686626549311
51957812087122
7637723907678
255869162855533
253749333268381
14340467007359
264102434241296
263574194373975
241174190278136
185137222448625
250361844078729
97444622922108
64858831512744
160594731114185
16263471707164
107426216530000
43400339617052
13168794549775
2373073909510
256344726820397
93354245281521
69104805139584
93989221193502
257437619579273
43935066526100
25132202420616
127958680705279
127656108202407
238290359202218
205335202353439
243038082232572
113911987152095
158904067847008
176417529941004
171989690102685
43547241148072
13082948773917
225945849775769
77059773052162
133194154428717
98872890148792
99719450926113
276207621598152
