203000540209048
260610944512619
196800087258727
185766774930972
184849692557090
23531113450011
40956508003033
99105293615167
91926021987862
172577124087781
268779080899750
264933543810647
210054881892999
198583059039036
102980705489780
149463034143830
6284919522236
248676323253817
158695145906443
116967254640338
27951261050343
253636205088177
151508070943428
234520716305333
274290097774951
60220108213051
96345662459179
186095902690375
256199147049634
24072122252884
131979655825354
108170957416094
275421524867070
8407921198549
107860653556069
134632255767227
110910461708803
222831778784984
107971382030130
18182289702738
134831024351070
190900599810185
181698488001281
248518743889428
30245646697796
144165622202971
215931795752459
147778574245031
238860956046310
96060184499687
191879097109850
215500919135276
104628363092931
275347129693372
188903810207789
215503402902965
255629052919189
63905674355967
65076531416372
274447553423952
234086551199886
249281704971288
12791640951718
207709691930399
105905759274105
216403855480351
95680921335890
25223309939852
59633686556665
274186815956279
86661275570167
164256606491139
28486853710333
81508944158916
25157446809521
172372112972610
109114911489172
279534070033182
93158458168827
9865677370950
195999153617904
23539184035933
69849414435748
135432623945630
56300862397284
97364544454005
190275204724039
31232410136414
124091272523430
249706725936899
35931428618899
220012002423440
210084516200853
10668522410855
8184831472396
121166026135172
559270515880
13517222099107
19755684320172
97697384422146
253222904105015
26693080583789
99192937222313
8519229342969
29384591510806
257201536946932
44020906117479
9357710373785
61739699437132
232825387963451
126132107613448
17770785391201
2972572170871
102719568563547
129313970171429
204025197206640
24901136394720
91354061073245
188679136469483
213602082397437
45719722724523
177621695298126
262622859309675
268237414840033
83293737388042
89621055809475
259718020271642
76095456070911
140070350773082
279640000503245
80917278337850
196430587742035
207665268814865
235997605555948
141933605906340
126870991668312
41763694782936
196957555036213
248220888157676
236137838742934
10920973399791
36694285037985
74837695614632
237508463229611
279788906488667
197045475962232
97259421750837
35725897390158
45958732497245
60839100063213
65468404042549
192319505144811
84604892626886
209320895970098
280968728061598
259744303635249
162990128691726
19378703137435
210050722825388
32480500309536
72475356961633
116531624786484
224588224076512
258648318560028
17924703695118
78262167700720
156608164092037
174481670597088
105099926681291
222895439906815
136053984206967
254077487230734
221970782493094
30627750506529
145784800117833
25041263724765
195388775371004
280034612631142
118004175764897
184673322163882
136315007676649
276452417657830
103551587650793
235050559507314
275248910963911
252084484874537
254846082389938
135838508652267
62511473639566
156914211556396
227963197332978
258835812846199
196599477999341
50337637463274
78091784252599
93989221193502
250732576315599
35521580941655
91543014834194
94880194779625
120339153525807
28152007634868
232705642366965
14282679025125
10349359402498
25633276489825
228940090820064
241276507684813
79433426785324
265333462121296
98571999222282
156405933102333
19343393481565
69104805139584
118878278670364
274524636447106
208984040683315
74890452596961
152778513288921
65665201567302
137406412065214
123788098198037
268580241434249
140218296988696
31737495518490
70256723225567
253337705199086
126852500203047
154765624899901
237648368927796
76262800543470
193155376151621
53364144527541
152182297080558
192872107835489
239612421177521
260551343619756
57433426207924
221787249098793
93594321753053
86753775010738
93223978037057
164636116302973
