203000540209048
112950312718998
169740678158591
158839612808682
49673113288170
184238821105934
203835601993330
123267299581855
156522433303278
203674168175074
220058619038138
3883343680961
42897260940875
220665378090278
172779816177198
117181054082587
84983872972939
56152630374175
176098687897549
98005344675213
143490070765044
220943481476708
192023211215719
151691405176768
9786605474515
35441630314930
217537226003222
97259421750837
157292088549610
108228991558494
184456398822718
245270859875152
72475356961633
74345742435491
224588224076512
63419152918909
17924703695118
191157732656085
76262800543470
103551587650793
221539812525443
222895439906815
252084484874537
254846082389938
152182297080558
46493220247771
82425581608470
227759601358574
250490224628442
165773483529011
146667792263390
179881237608202
156914211556396
227963197332978
138265251509117
196599477999341
50337637463274
179525266221789
93989221193502
250732576315599
