203000540209048
260610944512619
196800087258727
185766774930972
184849692557090
23531113450011
40956508003033
99105293615167
91926021987862
172577124087781
268779080899750
264933543810647
210054881892999
198583059039036
102980705489780
149463034143830
6284919522236
248676323253817
158695145906443
116967254640338
27951261050343
253636205088177
151508070943428
234520716305333
274290097774951
60220108213051
96345662459179
186095902690375
256199147049634
24072122252884
131979655825354
108170957416094
275421524867070
8407921198549
107860653556069
134632255767227
110910461708803
222831778784984
107971382030130
18182289702738
134831024351070
190900599810185
181698488001281
248518743889428
30245646697796
144165622202971
215931795752459
147778574245031
238860956046310
96060184499687
191879097109850
215500919135276
104628363092931
275347129693372
274585521013826
188903810207789
215503402902965
255629052919189
63905674355967
65076531416372
274447553423952
234086551199886
249281704971288
12791640951718
207709691930399
105905759274105
216403855480351
95680921335890
25223309939852
59633686556665
274186815956279
86661275570167
164256606491139
28486853710333
81508944158916
25157446809521
172372112972610
109114911489172
279534070033182
93158458168827
9865677370950
195999153617904
23539184035933
69849414435748
135432623945630
56300862397284
97364544454005
190275204724039
31232410136414
124091272523430
7602401116661
229004904594943
55829387459701
87758948992390
73576493746246
61528470215051
97259421750837
247349842864689
181059358422760
88528075908946
95504493340292
131741996252305
5952878752988
202209768430525
187243723892527
248959507953002
256422807306090
111122020110543
72475356961633
254952516954419
224588224076512
243557384259977
17924703695118
17383409829056
179881237608202
142588355997767
225926486147192
131920213119434
171989690102685
54654917412498
17372885060911
103551587650793
105099926681291
222895439906815
156914211556396
227963197332978
181257063129983
31797646431249
260590826654917
61283525542306
199300774781395
87331563936803
39785799853926
251439297291296
113686626549311
51957812087122
7637723907678
255869162855533
253749333268381
162561585853685
120062977664339
136852662780010
127206860479234
257096915485563
87502056420945
137293367786279
25505111661647
158904067847008
33963865118962
245260224586465
168992652097891
204102776608642
194861482003569
249384536728693
21754573223559
194419157287275
179744920977897
181568528637518
46723407015208
162912946955259
93989221193502
257437619579273
43935066526100
25132202420616
127958680705279
235885927028435
56066212776685
254399411104020
123364116008676
27782330078563
225318775843443
76887095898516
101725300877376
24532719140930
173130165769132
262263170149907
88394138642906
78484225746588
204555240643755
94610863554430
255185157882241
143282118046401
177637183581660
179756097769154
156813492312948
