203000540209048
260610944512619
196800087258727
185766774930972
184849692557090
23531113450011
40956508003033
99105293615167
91926021987862
172577124087781
268779080899750
264933543810647
210054881892999
198583059039036
102980705489780
149463034143830
6284919522236
248676323253817
158695145906443
116967254640338
27951261050343
253636205088177
151508070943428
234520716305333
274290097774951
60220108213051
96345662459179
186095902690375
256199147049634
24072122252884
131979655825354
108170957416094
275421524867070
8407921198549
107860653556069
134632255767227
110910461708803
222831778784984
107971382030130
18182289702738
134831024351070
190900599810185
181698488001281
248518743889428
30245646697796
144165622202971
215931795752459
147778574245031
238860956046310
96060184499687
191879097109850
215500919135276
104628363092931
275347129693372
188903810207789
215503402902965
255629052919189
63905674355967
65076531416372
274447553423952
234086551199886
249281704971288
12791640951718
207709691930399
105905759274105
216403855480351
95680921335890
25223309939852
59633686556665
274186815956279
86661275570167
164256606491139
28486853710333
81508944158916
25157446809521
172372112972610
109114911489172
279534070033182
93158458168827
9865677370950
195999153617904
23539184035933
69849414435748
135432623945630
56300862397284
97364544454005
190275204724039
31232410136414
240687601396086
50592559961664
248316319164044
102173724970085
98264324174243
210336242586925
71640418781208
117868707039345
145739801048304
97259421750837
247349842864689
181059358422760
88528075908946
74059800293837
131741996252305
35316832420528
19245949512980
147960122836059
24757609313703
202209768430525
187243723892527
248959507953002
256422807306090
111122020110543
72475356961633
254952516954419
224588224076512
243557384259977
17924703695118
17383409829056
179881237608202
142588355997767
225926486147192
131920213119434
171989690102685
54654917412498
17372885060911
103551587650793
105099926681291
222895439906815
156914211556396
227963197332978
181257063129983
31797646431249
260590826654917
61283525542306
199300774781395
87331563936803
39785799853926
251439297291296
113686626549311
51957812087122
7637723907678
255869162855533
253749333268381
162561585853685
141609157145628
159953034156956
65568708130848
60303321447227
257096915485563
87502056420945
137293367786279
63836088579853
158904067847008
33963865118962
245260224586465
168992652097891
204102776608642
194861482003569
249384536728693
148128698724190
21754573223559
25505111661647
194419157287275
80962542339984
14993589248719
207702309653304
200078220452600
69104805139584
167451467083227
143282118046401
177637183581660
179756097769154
156813492312948
255185157882241
209396651477538
279470115828022
25127296255793
261344458145948
207266779916728
95078423719341
251785137598284
116909080742701
156427956448920
235885927028435
219608949595176
96424741269947
190013227111094
181596115086207
118919027285896
225318775843443
1477697329852
177623629681985
6729152893710
128074407672035
248789725157000
262263170149907
105724441770665
180102094355224
200199336485723
280303744946830
123931276021968
