203000540209048
260610944512619
196800087258727
185766774930972
184849692557090
23531113450011
40956508003033
99105293615167
91926021987862
172577124087781
268779080899750
264933543810647
210054881892999
198583059039036
102980705489780
149463034143830
6284919522236
248676323253817
158695145906443
116967254640338
27951261050343
253636205088177
151508070943428
234520716305333
274290097774951
60220108213051
96345662459179
186095902690375
256199147049634
24072122252884
131979655825354
108170957416094
275421524867070
8407921198549
107860653556069
134632255767227
110910461708803
222831778784984
107971382030130
18182289702738
134831024351070
190900599810185
181698488001281
248518743889428
30245646697796
144165622202971
215931795752459
147778574245031
238860956046310
96060184499687
191879097109850
215500919135276
104628363092931
275347129693372
188903810207789
132992347781283
260427619730371
169444238102848
215503402902965
255629052919189
63905674355967
65076531416372
274447553423952
191181185813812
113887269618745
48946007243213
211802802058289
190993267158794
12103676745934
173378701919638
176208864101603
185670760452528
83668211394157
123176609308964
22882524097674
234086551199886
249281704971288
239532082603830
124488182661419
72280365469855
12791640951718
207709691930399
40582540457722
204155011425751
105905759274105
216403855480351
95680921335890
25223309939852
228643552364874
270366115295149
99096971354856
57855304305752
59633686556665
274186815956279
86661275570167
164256606491139
28486853710333
81508944158916
172372112972610
109114911489172
279534070033182
93158458168827
9865677370950
195999153617904
69849414435748
135432623945630
56300862397284
97364544454005
190275204724039
31232410136414
124091272523430
206031335119494
230682560189573
50630680344080
207167925186336
138697205411478
228117414395277
112242392666632
255586599050062
26980289144724
15094045810316
272561832234322
242497311050976
92622592873604
158537507533296
198498632407302
150219278419062
183957747233965
188927730155495
7461367812113
153878546889807
83517354654704
104578733226880
4144868121307
134589616339179
18061210507617
266885693639801
240854499437478
100018398406407
26645221821860
236579509518952
101063726302444
69296411263480
105706066212410
83741041005809
7099954135094
204467236407777
53947718090189
113916079214598
100237050227349
183350082724227
197979288882349
41017562680728
20832853425004
74582086047032
104940292632163
72662148368
97259421750837
224186496207995
252140658687756
175316592165155
74059800293837
3743759192321
158199093409307
30293706696315
268575246724323
72475356961633
197008470307401
224588224076512
124078566705218
17924703695118
147870168739287
76262800543470
103551587650793
276452417657830
33929708625058
235050559507314
222895439906815
156914211556396
227963197332978
252084484874537
254846082389938
152182297080558
36144599576878
169906180931203
63280236209374
88565812236162
116787175693313
210234778049926
119543381409574
156608164092037
136053984206967
254077487230734
221970782493094
254416636291227
217335021533512
68574233824825
37630523014699
225917612087507
80912285726130
250106185947362
179881237608202
46302865176315
17372885060911
181257063129983
31797646431249
260590826654917
180262947556449
106495869638342
10016961657493
123468314958255
139901563501948
66144995117029
150354139080675
82425581608470
227759601358574
62796894900161
147184200187182
42152124614344
233949115684514
257411738560490
14232411764698
204556726184957
7169998385499
158904067847008
33963865118962
245260224586465
168992652097891
204102776608642
194861482003569
249384536728693
259932631333728
21754573223559
194419157287275
154743913316734
141414928512538
27404770859983
256272976728559
252162261862762
263195708533689
113639436755030
238999258894858
143488974318034
205734516689856
132151943481529
80530118158724
169422775676442
139030576785530
255497386077892
26962793438057
137669832300635
241679874641043
91624974223691
87316641108137
215719477225837
14993589248719
207702309653304
200078220452600
69104805139584
