203000540209048
31812563445102
205581345022168
36646480613246
73693940949382
97259421750837
186883504131244
158199093409307
30293706696315
156316882811292
72475356961633
104284911804215
224588224076512
44754534041131
17924703695118
158904067847008
76262800543470
103551587650793
276452417657830
235050559507314
222895439906815
156914211556396
227963197332978
252084484874537
254846082389938
152182297080558
210428747306026
110689369403626
211408748270371
200078220452600
69104805139584
93989221193502
250732576315599
