203000540209048
260610944512619
91926021987862
172577124087781
210054881892999
198583059039036
151508070943428
234520716305333
274290097774951
60220108213051
96345662459179
186095902690375
256199147049634
24072122252884
131979655825354
108170957416094
275421524867070
8407921198549
107860653556069
134632255767227
110910461708803
222831778784984
107971382030130
18182289702738
134831024351070
190900599810185
181698488001281
248518743889428
30245646697796
144165622202971
215931795752459
147778574245031
238860956046310
96060184499687
191879097109850
215500919135276
104628363092931
275347129693372
28486853710333
81508944158916
9865677370950
195999153617904
97259421750837
1873598790216
75220598168280
183176950768586
216289628082996
72475356961633
131426492724694
224588224076512
47560604109772
17924703695118
98461865553128
156608164092037
125401896773487
76262800543470
34734119373657
221539812525443
204773492528079
105099926681291
222895439906815
136053984206967
254077487230734
221970782493094
252084484874537
254846082389938
152182297080558
156914211556396
227963197332978
