203000540209048
97259421750837
86867028388358
169906180931203
140266946700336
69629700013323
72475356961633
126642545809677
224588224076512
182816503677498
17924703695118
127494195346027
156608164092037
222895439906815
136053984206967
254077487230734
221970782493094
108644690009926
246109830828586
27162325770133
239275484645220
113911987152095
254978281219276
181799247443074
202432746809269
43547241148072
13082948773917
225945849775769
108203019800615
141414928512538
27404770859983
13423364537349
144362336499274
206806200229619
207060129211762
120689901186020
230792626260123
145784800117833
25041263724765
167049194511096
133262503045730
157964658942888
64350237267307
249843512197220
276452417657830
103551587650793
235050559507314
73861590046591
105099926681291
252084484874537
254846082389938
135838508652267
62511473639566
156914211556396
227963197332978
