1003869264
1052723263
1117887321
1118411551
1118447545
1276757192
1286441659
1291572880
1304841183
144463686
1445765250
1492636565
1563310839
1580111005
1607237881
1640208675
1672501310
1789074328
1860517538
1874618109
1898163142
1971492361
2015320966
208334357
2188172122
221554412
2300201654
234842036
264818110
2752015587
2842686233
2870295867
290363679
2920196203
3084870099
3162693627
329455742
3306596561
3376936252
3398339379
3413272821
3436353261
3474620963
3492200369
3503359127
3536408509
3572235755
3588105004
3605339577
3639896380
3683007896
3711888576
3894102070
3902181136
3909880832
3950527410
3969571613
400263043
42676111
670793508
762068686
80861580
80982648
923169363
