1008980215
102411244
1025204547
1039434867
1040401657
1064024058
1094129363
1096339478
113032366
1143597198
1153604551
1164527057
1172931579
1180931645
1184497788
1221034915
1225599567
1229425012
1232342482
1239598793
1241789212
1254591063
1258370750
1260080366
1275609287
128218140
1284130882
1292520007
1296651534
1297925472
1299855683
1314192726
1329934210
1337025631
1357220374
1360558880
136265543
1366198600
1370278848
1383696910
1385296051
1398299361
1402492338
1409714856
1414476929
1417228220
1419822594
1425007770
1425545971
1430327178
1450906434
1454834137
1455318334
1456024774
1459191877
1466255308
1471720892
1473219765
1474255307
1495112357
1515702307
1520381537
152765848
1529363277
1539221614
1540433199
1547677901
1564467379
1568260697
1570514774
1576165321
157780356
1578294942
157868607
1588648856
1590914884
1592542580
1604723053
1613705158
1627773851
1628928633
1631740071
1633304645
1638924410
1639088509
1639233698
1644997394
1677903639
1681114018
1686164447
1688418130
1705888534
1714833296
1722465619
1731294702
173799283
1743952016
1745600095
175289147
1774372811
1783447033
1786087661
1794957396
180124331
181407801
1822029746
1822487070
1824493520
1851686996
1872466333
1875653171
1897810147
1901129459
1902053558
1912883980
1920954946
1924942133
1929727303
1930124131
1942543140
1943198914
1960562049
1962481131
1973441955
1991248263
201252428
2023942621
2036842273
2044829820
204566849
2054349516
2059765126
2071679217
2072997638
2075970505
207695276
2080986255
2083621515
2086273213
2086407701
2104520335
2117158437
2135178642
2141753025
2147846881
2157047924
2169620881
2173304299
219626726
220797766
2210476664
2220772062
2243839750
2246171386
2259652325
2264272161
2274921616
2275135183
2282627198
2285585542
2286785345
2311516120
2320941819
2337127672
2347261747
2358291513
2385065359
2386416197
2386706827
2395133293
2395308870
2402161845
2405706167
2406738514
2410778939
2413252393
2414492111
2420639033
2428984827
245525322
2459394576
2470162311
2471903246
2480532928
2492471894
24965332
2499842008
2508549703
2519828829
2522480979
2523260004
252463751
252550512
2528443830
2533357294
2552720679
2558444612
2560487877
2564055002
2579195023
2596220263
2602775788
2614852755
2634427886
2646686147
2663908679
266551461
2694517079
2748940090
2762953467
2766626032
2772702027
278872470
2800574801
2815540563
2847148468
2856038413
2859391360
2876230986
2876272899
2894418736
2899572892
2906270444
2907466798
29216544
2926850103
29395453
2952265982
2982157986
2985624868
2992075331
2992604319
3007279098
3014511274
3020394716
3021856886
3046616944
3058754135
3060592309
3073903665
3078136068
309872303
3103358464
3107901369
3115628430
3116871952
3120763835
3130008717
3138127946
3149529563
3158726020
3166164210
3167548771
3168513852
3178182382
3196747546
3197826062
3203162703
3203594720
3211001499
3212771950
3214516681
3219698640
3220671997
3236347515
3239371156
3244666413
3257510573
3258546884
3261892866
3273617594
329428222
3317913976
3339026302
334015238
3341554810
3345084402
3371031347
3394880675
3397645431
3404895171
3408131952
3413270903
3416948210
3421128101
3421982866
3424467706
343591366
3439464208
3487398565
3493548934
349591317
3515827366
3529272259
3541455870
3543810581
3567919914
3573542737
3609109366
361320312
3616961192
362696733
3656199577
3659393000
3664574398
3665479059
3675781662
370237749
3716126100
3724114945
3727668313
3760230556
3765049269
3772232495
3773214440
3777054287
3787760869
379064308
3793326381
3807736762
3813857101
3831766430
3833680140
3842130158
3845250373
3854345378
3858305960
3867494825
3875320385
3875701841
388020409
3880494398
3894089940
3916523584
3920695529
3928583106
3932843802
3942569696
3953566883
3955753256
3968780931
3971937870
3974633180
3999980881
4014318981
4020727037
4027739549
4034105666
4052333462
4057356270
4063361819
406717889
4069692190
4084881593
4113257255
4116065748
4119980453
4125976433
413031448
4131031300
4145662565
4147284872
4181284171
4197206616
4204568148
4215720137
4230286712
4240671081
4244286760
4251011044
4257270622
4285196611
4289000992
449326769
459261827
460681901
461849426
465350444
470182162
481322336
490153400
494387039
543081076
556207034
560637594
561018506
579051063
579608928
581152043
58887225
595037669
601849222
603635605
609047011
610984793
614265753
631468611
636998280
644266175
657230155
664167994
66605095
670691315
673865725
701544498
705466578
727690101
730157517
741995193
750178411
750478261
767103691
776193751
777116593
785523448
799216006
800371682
812269317
815673747
850481711
856381818
863329538
867560274
88268196
887776707
894376712
922253009
937871159
937906124
940709617
944060334
953531624
967269219
985643584
992779976
