1008295215
1011838887
1023529474
1024965017
1027817392
1029746648
1031714173
103918203
1040209465
1053020773
1056767812
1067741370
1099835372
1109513298
111120511
1117189552
111914281
1128833506
11300169
1149069626
1153635226
1165693377
1172533479
1176978406
1178228270
1193155667
1207376160
1213589577
1218109108
1220387726
1221742955
1229938455
1232113457
1232626487
1237355956
1252662757
1257309496
127453595
1283183232
1284993204
1300983325
1308719363
1313636808
1344934047
1362250577
1366659916
1376874959
1378695369
1383551591
1401711411
1404155560
1408895778
141656293
1428634094
1440026933
1442318121
1451150942
1456388968
1468653463
1478039512
1479207163
1480445089
1482201221
1494683052
1495295196
1499076350
1506134617
1522060231
152676606
1536427410
1544234271
1560599483
1570350097
1591457492
159603241
1599795492
1601489096
1651113150
1657272712
1663981422
1681093124
1683082612
1713273283
1720154907
1728608993
1729941186
1740937555
1748560562
1764186924
1770466836
177126416
1777288700
1787820772
1795824408
1802075180
1802994240
1883422227
1892101082
1906754249
1915776751
1926515489
1934267684
1940487973
1951848462
1967832090
1968359515
1988354056
199135270
1992011613
1995563531
2000417340
2018926000
2038496260
2049403611
2070044490
2073204072
2074476529
2081747095
2087929777
2094705786
2096483046
2106000876
2125210824
2127341657
2130182016
2130539353
2148365088
2158142706
216187013
2163831801
216977023
218031239
2181835917
2185847000
2186245348
2198419796
2199130945
2201372516
2210115913
22159596
2219267826
2221619842
2223405089
2224572553
222977822
2254057781
2254511716
2256042548
2259186234
2265301049
2271324251
2280627359
2308916362
2321139812
2326304885
2326765247
2347268429
2348306440
2351726719
2353364563
2365254018
2378771043
2379593654
2382796551
2418447053
2427368387
2432266579
243285638
2433838423
2459745333
2482841864
2484749551
2485302538
2486300632
2486432504
248715157
2490676684
2497544242
2498881168
2520523061
2522684554
2541358957
254375198
2544731868
2554167551
2559837878
2565161326
2569792603
259175725
2599991378
2601669717
2603406142
2605088899
2606438418
2618173652
2629477901
2634661653
2637338491
2642104928
2646370000
2649774476
265008217
2653350034
2658464308
2659910515
2663952783
2676001427
2688552665
2720655000
2722705304
2740542468
274217146
2743111979
2750059092
2753617868
2762201436
2769147116
2776229120
2781207137
2791360738
2803060077
2806929020
2811306300
2816750104
284034006
2847827427
2853436549
2856814952
2858534330
2860743426
2870451
2892697129
2907772915
2923457246
2933898383
2941361186
2943752975
2950832609
2955046760
3001330247
300253186
3005700581
3017125616
3047158311
3048900902
3050900488
307355479
3074999088
3078239017
3078643158
3088459252
3091136313
3100190217
3102763630
3102896742
3118845359
3145820810
3154274135
3195828837
3217985237
3240723024
3260809796
3261575695
3278184724
3296742609
3300489890
3311878638
3317811598
3319249614
3327955240
3332042043
3359795193
3361284254
3371128809
3405978391
3435696732
3456961109
346184954
3462765424
3486605229
3492928917
3492964280
3534130267
3534492136
3559818574
3561885284
3570730812
3598732355
3604073992
3605544807
3620156218
3640195322
3652815262
367235245
3688338293
3702994957
3707495623
3718033401
3719855828
3727810584
3734068826
3740027651
3740256154
3740749605
3749257315
3749993355
3757332788
3757956750
3763541920
3784267210
3790122364
3794280719
380177412
3811056647
3814873141
3814976393
3820217118
3828852829
3844636614
3853479651
3856581029
3869280010
3871497601
3877207210
3887475082
3905756144
3917828364
3969199110
396933421
3969817715
3972114473
3975408702
3982618935
398839634
4013529654
4013540665
401557674
4030145032
4037353098
4042122419
4043037010
4052022142
4054983837
4068631846
4070018903
4070923772
4084647416
41199182
4124456245
4138375339
4142806812
4143637574
4147466211
4148644958
4149001601
415657103
4171353719
4207648469
4210688595
4244108511
4271856850
432181376
450249714
456795498
465907333
471288605
485358647
487393933
510767700
511127488
527037107
534485391
552163088
553765296
554250650
555185386
565294828
577855690
581700585
589308469
590767612
600343780
609345453
615677972
625828914
638935553
648116117
653865036
673815160
6787508
679486933
695126301
706246208
713695985
718998146
742617887
769205036
773270133
780343223
798054046
826018795
826566017
828639863
835335612
836319598
849864713
854004574
877290743
878302148
88627709
896825585
908034918
925328786
936518508
94061845
955173133
964536280
974101190
974906310
979056676
995992160
