1002989250
1011795207
1013128817
1015005491
1033803602
1081579336
1089119778
1091308183
109321549
1094561788
109484157
1095708615
1096380789
1096575795
1101716755
1125482657
1156268083
1159715683
1167702786
1171741402
1181446479
118879163
1190923559
1216863667
1230033383
1232337464
1234536279
1236395322
1251334674
1265814462
1274766814
1280372520
1281632471
1294249590
130792717
1313663258
1316394777
1328373138
1331723829
1335420586
1343078944
1348638655
135332692
1354611435
1357321746
1362349038
1362461337
1367329865
1383167375
1383533445
139618051
1405441115
1422610799
1423530984
1423550753
1437327556
1437643384
1444968770
1450245171
1452617352
1467669525
1496731280
1498984094
1503556379
1505478468
1521007805
1521550093
153511316
1536961865
1540594171
1544460114
1547335630
1567253773
1568728318
1570890410
1583968707
1594411130
1594917586
1602619801
1611708720
1615412326
16245563
1627935816
1636438475
1644894054
1649843135
1662028603
1693550828
1695196623
1700761301
1719004460
1734135456
174130410
1754562941
1761464100
1774153204
1789657946
1797116104
1803832797
1810276009
1813156306
1814656103
1819425886
1837309823
1840480957
1851464039
1863792396
1866053633
1878334754
1884901312
1899541456
190597794
1924812435
1932195654
1933105767
1939827376
1943289626
1957163184
1968557855
1975339183
1985771953
2002770988
2002994223
2020830879
2027591986
2027929913
2029595321
2035448075
2048543575
2085192966
2109511718
2110709837
2111348386
2112577518
2128042675
213197904
2136225112
2144646016
214606648
2181734031
2191978313
2217704175
2218447724
2219558258
2229680251
2245129017
2249666281
2255343105
2270619341
2299061725
2304108418
2307879214
2318501135
2319143854
2329829681
235042791
2358751661
2361812590
2366054692
2368728847
2385723642
240683655
2412739795
2413400685
2418578798
2419915366
2420334248
2428721045
243797723
2441003373
2448371949
2459173919
2462386463
2463423119
2467596645
2473877605
2480506967
249624437
2514787831
2526356362
2526851457
2528903787
2534219673
2543720851
2548080601
2562755076
2568755721
2580007475
2581829729
2583857781
2593382853
2593971494
2600135753
2603550360
2605214652
2623682831
2647621118
2654622588
2661728853
267397724
2703699321
2704788060
2715861358
2715872528
2719934916
2758128489
2773976248
2778038247
2787445899
2792520778
2809082167
2809668986
2814063765
2814077106
2814697296
2820702656
2827467974
283178689
2844145750
2845464116
2850284361
2855128086
2856466426
2871656156
2877327922
2881124256
2892778607
2906787899
2931114484
2932454266
2938104954
2939576829
2953389938
2962932354
2963518720
2965702542
2966232232
2986262447
2987140697
2993324489
2995396370
3036582375
3048028129
3081622426
3086966948
3088325707
3088602646
3090885899
3093073261
3093180005
3095571594
3099947150
3112929467
3129494976
3136855981
3140465513
3140875429
3146005299
3150063400
3158419409
3160414567
3163480391
3182055469
3189019223
3201081620
320704227
3212364729
3215431999
3218828273
3224698801
3228643650
3239552143
327733217
3287588892
3297702111
3300446262
3300920087
3301534678
3312270583
3365376426
3371824532
3376866586
3392638894
3411121603
3422464922
3423177389
343232399
3438593533
3439488563
3440944867
3448887959
3455749826
3462098542
3464887619
3473315871
3482850915
3491093741
3491165736
3506515552
3507589058
351878218
355729196
3557437163
3563738431
3566667562
3595196244
3595861335
3596074755
3596450141
359801047
3599893237
3609369902
3609645736
3609747364
3618394197
3619541106
3642466709
366054826
3663148548
3663836058
3670050914
3671578286
3671844447
3677511517
3680609178
3690715150
3692445744
3697980106
3719496345
3743103267
3744742987
3748611740
3753294268
3761260828
3768055964
3778410659
3780572556
3789407548
3796057525
3803017940
3804920591
3810559572
3824613285
3831648235
3834949342
3844265340
3848462544
3851891924
3869424646
3872623692
3873342245
3889887630
3894985099
3895775534
3898014750
3911771580
3912041024
3939879119
3940258392
3964106605
3982983860
3985649167
4009201575
4020130610
402975520
4032933956
403431210
4047552686
4051590954
405279695
4054759206
4058251414
4079512501
4080058586
4082791244
4105032327
4121343376
4136290976
4153019373
4161148359
4200416140
4211573520
4222133684
4230835169
4241396000
4246918151
424697716
4257778278
4261888040
4266405300
4280772348
4288109295
4294229538
458643900
458644669
497680489
537768795
543894422
554329105
56291077
570182808
574671783
582391191
587248909
593016850
611474212
612306445
612336535
615628703
628359507
638501805
638729783
641282366
656108683
674056510
676782362
680097614
681163950
681486494
682293374
699408759
70727207
730202949
7506188
776187980
783493237
787311533
789870448
795554179
835723295
837750150
868831490
880183766
880270565
886974284
93803492
945413972
945984716
958849502
960420842
961103728
970308112
983028106
