10089047
1025514505
1028076377
103143965
103466661
1038667026
1040290260
104470214
1050789530
1050832146
1075287050
107744008
1087626062
108894474
1097248811
1097947423
1100282461
111152786
1133360081
1137074865
1146454889
1156594825
1167068393
1169007234
1194739717
1196936366
1200971262
1202494390
1206276279
1206935979
1216075754
1217089646
1219672465
122284674
1241366460
1244936869
1251220407
1299288112
1313498431
1315867585
1327319210
1334491457
1336605614
1342668402
1345443914
1347041819
1362540945
1380625739
1382490290
1386699395
1402221331
1402721613
1405825769
1409510112
1410022180
1411339532
1423660796
1431106003
1433642799
1444389992
1461269048
1464136722
1478199878
1499546059
1500382665
1519297269
1528838175
1532029615
1533296732
1537536923
155053852
1550916403
1553181392
1569111970
1575041669
1585785261
1592427358
159840635
161577649
1627263862
1648661586
165166501
1653649441
1659250116
1665735259
1670577112
1671509716
1673101702
1679311597
168033008
1698100895
1716204145
1716526008
171779939
1721112453
1760777318
1776957124
1790055118
1805481703
1806440263
1829332022
1830291250
1831235881
1833104182
1834745484
1835268521
1848325814
1851190280
1852461893
1857465310
1867384091
1870214099
1879224828
1887477208
1894953800
1904629032
1915358576
1924603453
1933223736
1933492129
1941211855
1971047412
1979848179
1987860625
199628972
2001110791
200970643
2024457577
2035587543
2050523174
2053371293
2056846251
2089487670
2130434468
2145343133
2158892959
2169039509
2179647367
2181213023
2184165451
2186852562
2188659266
2200766158
2205607344
222117407
2223848974
222708160
223363062
2243307552
2259705680
2261221038
2266482675
2274672283
2286030704
2292726351
2310651671
2325349163
2329313135
2345527441
2350145835
2352194197
2353391769
2355638209
2364275766
2366914011
2367931510
2368519154
2379603376
2385613432
2386333953
239242789
2397531901
2428050763
2437141678
247738375
2478857997
2479551793
2484636228
2494780215
2496206838
2497673528
2503107456
2507399661
2515438465
2522684591
2523598119
2526588352
2531168018
2535323085
2545037001
2548915351
2552351566
2552551431
2571296016
2576050207
2585833678
2591586384
2603301824
2607505826
2615068238
2616289713
2624733872
2625729366
2641297073
2641521777
2667105650
2671622423
2683564674
2692749763
2698853667
2704922542
2706450626
2719184855
2722576353
2728833416
2755452140
2758140553
2769538430
2772503830
2772963536
2802852044
2807156377
2811880921
2815083178
2825798382
2828664301
2846083614
2854068341
2866376364
2875396102
2877631773
2879807354
28845909
2888807830
2893340556
2900410439
2910523763
291794934
2932760481
2936520031
2950463807
2954193765
2960624788
2996986328
3005091787
3011727787
30171065
3028103531
3031258076
3034150825
3040552650
304233401
3050454282
3065011401
3070233114
3075830704
3079284587
3085836136
309080332
3096866980
3100368167
3111309383
3122580927
3124588011
3131448291
3151059626
3186328317
319299920
3193361958
3222835937
3231543943
3246286063
3258762627
3262158532
3275379888
3279987929
328991575
33029168
3318424146
3336252303
3346140375
3347823010
3372659931
3377883930
3385257088
3398582228
3398811118
3400367112
3412856047
3415093531
3456193174
3464726737
3467752198
347280250
3490061029
3490145522
3493596213
3495643393
349760187
3500594708
3503384924
3512153497
3515756422
3522697948
3534312261
3541938709
3547287132
3548376523
3549417191
3550988152
3554605666
3569924657
3571706571
3572793833
3581503931
3586797726
3591576867
359384002
3597035866
3619949222
3620188544
3622118944
3633144654
3633911748
3640879983
3641885488
3678103619
3686932999
3687730151
3693999580
3698675756
3714320219
3733447311
3747408321
3747729389
3749540763
3756694884
3758113206
3759321556
3775248516
3783586741
3786443211
378843117
3801184122
3801552425
3809836698
3845282532
3845324621
384551514
3851887710
3852972693
3854617931
3862012691
3865053998
3866674886
3869498964
387069995
3878826000
388175324
3888746528
389208304
3895760274
3903195207
3908857398
3919699710
3933383529
3934311766
3953484952
3963652175
3969883739
3998461044
4002026639
4032066695
4053804730
4071786429
4116048364
4118060660
4118938327
4119831395
4124082507
4124357572
4135347548
4137637110
4141800931
4144003670
4144250974
4149010033
4159654570
4172492402
4176497269
4185211268
419996893
4200703807
4205789845
4220912389
4255802285
4257281543
426121033
4273656491
4280805313
4284200104
4285342047
4293790668
446807399
454333966
464686767
46743612
470869775
47720557
479225495
483250033
484349013
49389629
498798707
503501777
520763398
534681808
538420167
548077552
557781880
575643332
600077053
619110140
626669525
627477637
630579945
631114154
64580763
648816857
65832772
658474653
671450823
679381231
718537783
726404926
767522574
794843067
803302547
811380438
812214108
818711016
837878302
86994483
879250629
884919926
886391076
895757200
897328166
906961711
916977745
923335394
932212031
937600413
945815781
946386024
970985043
985188287
993042798
