1054782257
1055876075
1059210052
1059854398
1083521032
1090741208
1092399373
1104399493
1104695590
110645784
1120312980
1126360569
1141446323
1158660378
1168767195
118897950
119546812
1204066736
1212162090
1215679853
1217345305
1231044843
1232068601
1233153318
124175834
1272461487
1279600519
1296151359
131333381
1313779198
1318466965
1326589332
1331033952
1341496566
1357015936
1369402434
1370435724
1376721073
1386703032
1391778097
1396058748
1414443828
1422920059
1426540548
1439932799
1444166043
1454940083
1463121573
146594248
1468108665
1481162473
1484899319
1495464673
1498623756
1502154388
1519448599
1522832897
1533603383
1535294858
1560713584
1562564295
1563720717
1567960269
1584137835
1586527246
1600014076
1602632894
1617708519
1620305569
1642689683
1650379213
1655712847
1692248134
170870333
1721277511
1730782738
174304954
1745296981
175322457
1768615694
1778739095
17914338
1793761686
1804115610
1806156456
1818375251
1837571965
1857857332
1858714066
1864832684
1870310676
187266558
1893012982
1900356739
1908302114
1910178243
1920663708
1929909318
1930779746
193536703
1935498487
1967271905
197606066
198556930
1986844260
1987356152
2009846587
2014810259
2038028875
205760657
2059694323
2061989205
2072274746
2085530552
2089603336
2093098518
2100058017
2112778998
2116526328
2131088699
2140541221
214150731
2158517505
2169513087
2172735585
2173471630
218472050
218702129
2195852085
2207430978
2218671021
2220254312
2228005580
2248464618
2265092011
2268564209
2277107041
2291371889
2312561067
2313441313
2315968714
2323965274
233063001
2343786748
2346463612
2354722912
2361984542
2366489436
2367838219
2377492931
2379175843
2380808882
2391671484
2429126226
2445179093
245315102
2456689572
2461317969
2492363249
249865868
2502323151
2505343523
2506238071
2513015513
2522018748
252247032
2536132585
2537906175
2539875350
2550281321
2551508490
2563143695
2567283098
2574008942
2589292165
2593954326
2606415213
2621717300
2622212429
2625999547
2642677834
2646592276
2657820773
2659777847
2660267174
2682724436
2682756313
2697999436
2722105541
273002729
2749906882
275825741
2758608610
2758680819
2769220132
2770095238
2787071236
2794561939
2797842239
28020554
2804115281
281002010
2826017147
2828661493
283294420
2838701156
2852178739
2857793402
2863895010
2866719202
2885352932
2885703749
2890141120
2891046600
2902824890
2912522690
2926188434
2938526872
2939437120
2947209872
2953120622
2963483550
2967709535
2979246044
2989037706
3008877123
3010412135
3014493218
303884868
3041545728
3043454889
3053558050
3056720499
3082230905
3087726954
3097254254
3118666485
3128221744
3146927440
3158590037
3160135374
3160501830
3186660604
3201904625
3205098684
3215547838
3225623625
3235046508
3242436742
3244718837
3247601498
3248270875
3248313882
3254925023
3258001429
3271526897
3274638473
3280058673
3288955130
3296285866
3297889662
3300121268
3306396848
3330745131
3342838424
3349230950
3355559657
3359704442
3372538458
3374188856
3383348197
3389597233
3403156971
342032469
3420725077
3424033830
3436358880
3440322825
3440328821
3447383408
3454663331
3460997610
3466495149
3467055581
3473586238
349028171
3496402430
3502385582
3515017608
3525005529
3531497352
3534250249
3573690317
3583836001
3606898816
3609271146
3627054081
3643582195
3648174934
3667928769
3673366400
3674623114
3709973312
3711826805
371651707
3717190795
3735929416
3738494150
3757129515
3775640440
3777052239
3777902645
3784699908
3801011184
3803718069
3817727209
3819685978
3841059478
3842555035
38593026
3866339996
3878733374
3879108468
3880209502
3883216605
3891103133
3894062342
3896566326
3896986169
389910649
3901808139
3910220832
3918419224
3932749202
393360560
3935702955
394288534
3951841917
3963757612
3964539629
3967916689
3974705159
3975231426
3976839332
3993728380
4008059491
4036457742
4047198246
4056086623
4064027588
4065617658
4066839970
4067124318
4069589824
4073086274
4097318790
4099402311
4099639897
4099798959
4101324976
4120661668
4132797679
4134367731
4139705019
416370389
4174124364
4178919128
417937649
4179615106
4188523479
4189678931
420312449
4205479116
420559564
4207911995
4230250847
423318447
4239735331
4245282969
4255538013
4260790994
4261803646
4272823896
4280471631
431897863
438200729
440116165
46038117
477830461
48929383
49230766
498640230
510836484
512724904
513921792
52312751
526293684
53077336
537333267
540785837
550541270
572614852
582212128
594852891
602815572
618909445
626075283
628588786
630308251
63639030
63738165
661050043
669370985
67070666
671772560
67499493
684205537
695314018
704523153
723260149
735539011
752845684
785517621
787162020
789716648
802742722
820874626
836042030
845749163
854537440
861559709
870970014
878576563
885159606
900722536
914346265
914347015
933276232
947020645
976178038
