1002261660
100278472
1018640697
1036669015
1059555954
1066051157
110088064
111492653
1126784268
1132147094
113253831
1152560719
1176477365
1180801032
1183968090
1189865956
1204453520
1214167572
1225710846
1230265961
1238885110
1246621963
1269515985
1272396398
1279638662
1289544843
1291752089
129524166
1297578280
1309462250
1315417910
131613434
1318979130
1322425222
1325961134
133303792
1335611522
13372346
1342741564
1345891326
1381064283
1390543114
1403459776
140471663
1414940038
1415852385
1419434060
1426079299
1429747079
1438463248
1444531697
1447173657
144920399
1449767943
1456515967
1474233560
1477757070
1479788459
1482412018
1485657184
1487254683
1488991395
1501988287
1509655242
152366665
1526199726
1529400295
1534116616
1546855666
1548202097
1564529599
1565943340
1568570039
1597518215
1604437466
1619011220
1637901715
1637949443
1650633904
1651367081
1674894934
1681927159
1702677712
1708560291
1714562029
1720682955
1728454944
1743512647
1759778311
1783774026
1788004002
1789863235
1809400209
181466964
1821352171
1822250790
1822839172
1829348387
1831701520
1835692535
1840519980
1842237151
1868653548
1868771460
1873250967
1881833887
1888143298
1892870659
1893081601
1897429490
1915064243
1916891498
1921441052
1926173034
1931891451
1935540466
1952504828
1959304687
1963794285
1973288850
1978037268
1983954397
1988059497
1995836720
200889065
2012487075
2030206147
2037069740
2049247634
2056439708
207219386
2077351181
2082492417
2084714721
2086949972
2094661220
2114882500
2125284367
2134271369
2137798937
2146002249
2149501120
2149867738
2157296624
2177829978
2179973311
2181452634
2190171233
2200179921
2204754128
223339168
2234538719
2243838836
2247549516
2249736451
2252186505
2278730293
2289737980
2293666771
2297188756
2306760218
2327539337
2337074581
2341091648
234357936
2345155455
2347479663
2347693345
2349828545
235317987
2354144794
2376843952
2388691068
2397046134
2401560732
2402380536
2414461256
2417604621
2424890729
2433883240
2435077901
2460629652
2464502408
2472376615
2474218410
2481421736
2483905312
248560093
2485868314
2500862158
2506526445
2506700951
2507388996
2513506627
2513726991
2530940551
2547388817
254931850
2568379352
2568911381
2573120740
2573334182
2575306357
2576291341
2590804110
262117088
2636621798
2639993081
2640040341
2656226543
2661584744
2668995840
2669454465
2670688568
2682304987
2683711771
2713591078
272364029
2736363982
2739787798
2742757271
2750561019
2759801781
2767110228
281260362
2832470865
2838804134
2869043633
2870568386
2908330917
2919989345
2943653659
294463400
2965388305
2967511537
2968464882
2980190521
298417372
2990404023
2999553372
3013548535
3014009512
3014250253
3017848615
3018250907
3020935166
303600723
3038308738
3039638387
3040575430
3068182256
3103319945
3113128043
311714116
3134155208
3143801516
3144785319
3146103999
3158673832
3173692453
3176387563
3179691815
3182580397
3185418876
3185738156
3186017658
319787579
3214296145
3220894763
324351617
3247705921
3250436499
3251829723
3256965386
3273355738
3275177508
327975981
32807297
3281399354
3288266930
3289322551
3291368577
3296284695
3303222222
3321421673
3334430946
3334723049
3336828297
3345844759
3361530220
3361907041
3373757524
3387582325
3390780502
3423840635
3427838228
3438157344
3452299639
3455995151
3457236912
3463686052
3481794478
348682031
3515011082
3536563085
3545523060
3552514350
3563462451
357916680
3585986327
359769093
359886454
3624861068
363354434
3652407401
3664704513
3681807581
3712490647
3723258964
3724024418
3742137783
374589509
3755090766
3757096946
3759390802
3760441647
3777309332
3784769356
3785515312
3788099777
3810877301
3816356293
3818468259
3820519774
3820835070
3825344592
3832105886
3834128661
3838614639
3839370756
3858682170
3879652510
3892385929
3898961726
3907352017
3909966078
3935258973
3939254756
3960503785
3985364593
3989586324
4002229756
4020892444
4040387960
4046652601
4071076009
4081818424
4083077940
4088336967
4092513737
4100902208
4104211159
4119349989
4125314177
4145341559
4148240748
4153289411
4155748028
4160571763
4166957591
4167549847
4167903418
4172910429
4177978043
4184156581
4199162298
4205883340
4211749386
4221195261
4228904019
4238177544
4248685363
4270344928
4274248881
4283198922
4290967981
4291852826
4293362593
453586667
456708268
460943474
525303197
532799122
536958507
537096174
548423724
556372069
558214942
566715182
573406264
574516163
586394256
593577723
60209614
646718601
646830594
668777368
675657171
688280926
717889550
718466769
730129965
735257971
772712408
801365721
805030542
806602050
814612096
826263473
830965024
836959519
842325688
84957005
850354423
8537234
870886707
871413234
87632530
888045444
891310247
904883491
920584293
926590836
930864647
947742051
948727522
951440064
953666808
964061894
977759258
978970445
980542403
985207836
