1017224450
1021315007
1026459368
1038093424
1039912977
1041074456
1041965619
1045321165
1045918896
1050322660
1063603176
1081443060
1082348377
1091487617
1096855604
1104537801
1113298262
1118187102
1118510887
1123640416
1125742556
1143877438
1144500525
1147544207
1166726639
1182484346
1186033600
1206986718
1216774726
122213191
1233375669
1238413036
1238492094
1244891186
1249491680
1257110509
1264093731
1278011185
1284495618
1307143795
1314027522
1321376305
1322445919
1322475432
1327148993
1328507084
1336818039
1346998523
1376392917
137881784
1388469965
1393184534
1398358740
1398944226
139931371
1406861890
1409419566
1425576738
1428468242
143191986
1437651747
1447189776
146379841
1488603426
1491748836
14948884
1504804289
1506541640
151868387
1519361348
1520379294
1575316983
1575777797
1580916073
1583525165
1590429583
1596584443
1610324626
1626186652
1635416558
163616845
1637281453
1656861761
167040817
1671878186
168035251
1682737915
168630026
169088252
1697467804
1706748730
172044975
1733674041
1748591882
1764050486
1770533952
1775134505
1775451758
1776479666
1784695070
1784814832
1829341250
183439629
183446467
1841324585
1842885094
185379802
185895660
188298985
1883274540
1887914238
188907131
1891686005
1917245757
1928879181
1935301299
1936059095
1938185921
1956987850
1960738325
1967675814
1972505886
1981271434
1987691189
1995819723
1996568718
2014876804
2032714751
204117187
205118182
2059247953
2067568113
2076516517
2082779471
2089595499
2090602607
2098285988
2111514020
2126772571
2128107619
2129307959
2143916731
215080085
2165288171
2165605884
2165997718
2170581944
2178957196
2180082064
2205307615
2219940306
2228256008
2228591934
2229506293
223044364
2246852756
2248843163
2248923046
225009066
2255037455
2267454117
227044015
2271632939
227623514
2304163733
2306783150
2308338615
2312594943
2313518738
2323150087
2333524484
2362756187
2364262305
236710234
2369099454
2374369827
2375979638
2377856163
2379292741
2394017263
2395065029
2395704377
2412117528
2432366373
244605127
2476258655
2488118701
2488725764
2490907812
2493677917
2496536077
2505565026
2516597735
2550852536
2551230628
2561260608
2563913722
2565846089
2578505952
2592262048
2592532435
2598725016
2614995693
2629433445
2632818830
2633061640
2643124676
2643366863
264579442
264979625
2657941739
2660162754
2661032192
266733251
2672403286
2672811097
2694520282
2694726048
2695079395
2699245842
2707651367
272052491
2738538442
2741689686
277474242
2781331015
2783596250
2785142000
2785260296
2787392385
2790742686
2792127467
2793039895
2804780327
280533590
2808602501
2810180665
2822842004
2830175794
2841421067
2843887958
2851313788
2866460561
2869686455
2874935508
2879784590
2881637183
2901431650
2902663166
2907008176
2907314035
2926090539
2929996054
2934558466
2936427098
2936760815
2939159582
2945488730
2950689369
2955658928
2975025674
2996992865
3000657269
3008091625
3010931081
3011984852
3013778935
3017392582
3018647811
3026371721
3027711967
3033803122
3053273074
3059383374
3063131759
3074633122
3080403273
3093654230
3099769569
3100490303
3129935654
3168874572
3176919999
317721363
3195480271
3198096383
3201016424
3224546744
3233040378
3234000485
3241132359
3280297568
3286750126
3287449504
3296037274
3316865231
3325139305
3330559832
3338698498
3347771713
3351707271
3352589262
3366134830
3374897933
3376437583
3382672792
3390906165
3392464173
3394119597
3394193726
3404623011
3406317441
3412853234
3422452035
3425359025
3430560491
343824345
3439535069
3451747409
3454991084
3470549252
3475076858
3495752293
3528920726
3571351105
3575491888
35866774
3641104439
364942883
3663335314
3676506449
3700117442
3701960171
3702222094
3704671748
3704711637
3706235674
3710744602
3736916373
3744409970
3752728643
3755934947
3761312131
3771718186
3783736108
3787680956
3792320427
3797523627
3798999086
3809767823
3815570847
3818827641
3823271555
3845382326
3850102012
3850949139
3853310902
3871002425
388831160
388961798
3906111467
3923195603
3931299197
3959248724
3990630046
3995673701
4014100633
4054037177
406113078
4063067649
4065288720
4074448466
4103079486
4115049458
4125609889
4134533153
415219252
4163721441
41678412
4173925696
4176190140
4184203330
4191331129
4193174670
4230689736
4233123921
4244588746
4251727250
4255732652
4257950930
4274676226
4278985773
4287645758
4292089586
451165112
463435479
467845641
482019899
482280977
490905162
516238362
524427117
540985412
54432030
551314161
552755187
561705175
563464634
56396659
585847257
606689842
617504365
619363559
621896240
624363509
624854487
626375792
632635654
639214288
650731776
656730877
661900325
666746160
66899072
674625835
713068107
717424908
721587869
724234602
728764526
738840558
740036553
746613423
777153584
797892661
802359967
806711843
818854342
840403772
843199951
845759467
84988795
866590679
868119519
874182944
878201645
889016180
925094199
939509308
953193202
958072273
960286032
963608927
973553608
973748347
997174609
