1017298203
1024283651
1030848832
103868400
1063736387
1069418667
1078042981
1117865409
1122595178
1123459059
1133864276
1137759074
1147358472
1150389620
1169786265
1172162292
1191823699
121165769
1213529921
1216044928
1222382301
1224253232
1225649339
1235204322
1238523067
1239875008
127107652
1277195859
127955207
1281622469
1305661639
1308479475
1310639258
1312269320
132280205
1334209772
1357187425
1360800187
1379495660
1397479086
1412482039
141495795
1418991278
1463892763
1482647574
148820265
1490251109
1491026070
1496010309
1514146307
1539966962
1557107627
1575759199
1578764486
1582077548
1582123217
1583205203
1602072900
1602511292
1609732420
1626880650
1627866998
1638503382
1682270646
1684419332
168529005
1690761809
169124509
1699070603
1707108268
1708709563
1742951783
1758203051
1760583567
1763636629
176634785
1777486204
1791594720
1801206457
1812350922
1819899134
1822334135
18243072
1824378028
1825538560
183069825
1851167592
1859166614
1864518918
1866446287
1886236485
1888739716
1896436550
1903427774
1909287748
1910461509
1916445629
1934919988
1936659101
1945917104
1950623865
1951038410
1954175810
1955536968
1963286655
1963505537
1983360167
1993926669
2001155559
2012333721
2016832180
202534842
2034784819
2088791857
2091632898
2114189821
2121547315
212518798
2131692013
2133173463
213641494
2140505753
2144523873
2147512924
2179474040
2187529791
2202821354
220341404
2214656814
2231757561
2239339298
2243077761
2244385644
2259082804
2261024251
2261694287
2270254670
2273856568
2274212456
2284332793
2291774221
2306045278
2307249417
2309565084
2311255678
2321520364
2321834568
2328499634
235628173
2359817998
2360380921
2361339117
2372436202
2372595964
2373482477
2374991173
2417271302
242652495
2433085608
2448467590
2449493573
2461198316
2470277783
2483864399
248397603
2503746382
250736662
2512709564
2516349236
252553229
2529715981
2531382250
2535706468
254009855
2562281766
258211529
2596182613
2622480838
2638638085
2640755007
2642004717
2655829783
265677412
266089235
2664121144
2672626069
2697575518
2699016439
2700217954
2715255889
2718325803
2730891293
2747960316
2759503390
276450086
277162457
2789282187
2798784567
2801039303
2860537250
2869014144
2877769650
288551877
2895326932
2901161078
2901502867
2915335520
2917659435
2920952702
2925630835
2932080830
2932856920
2941996379
294590770
2956780468
2978501965
3018509884
3019214189
3049660544
306510971
3066635782
3070454456
3075061721
3085102524
3090157925
3099741500
3115303637
3131351355
3162404170
3162699655
3164361698
3172373911
3193140936
3199911992
3213832603
3227583327
3236491118
324302391
3283729823
3287891282
3288146873
3289759020
3293807589
329595395
3309156968
3317698821
3335795134
3341572200
3346321822
3351354073
3356496765
337000030
3374343686
3389765480
3400541418
341891552
3429329387
3430389618
3436236370
3438223703
345335264
3455776695
3465009599
3471037993
3476074278
3479438185
3485242903
3495050953
3499763311
3502573722
3514649801
3523859400
3538305683
3543973093
3550176371
3568008952
3578762862
3579068577
358152489
3599349983
3610689782
3610762366
3623415280
3653818312
3659945647
3669471408
3686432378
368705938
3697867411
3703574782
3738489625
3748893638
3767534669
3770274608
3791105090
3795788771
3805983317
3807227664
3808537292
3810448368
3818333125
3835289351
3845286314
3848044841
3866510067
387044770
3872495033
3877690711
3884921846
3892114312
3900104929
3904016814
3922158842
3930374834
3939104733
3942878911
3943011577
3952846618
397976322
4006863934
4021081790
4023896997
4028381594
402936001
4054228489
4055163367
4064208024
4065012969
4070374637
4074654259
4075577774
4100218603
4103332861
4103460512
4105681273
4126452281
4138194556
414849406
4149712684
415006181
4173948604
4174075240
4181956176
4190454429
4205651281
4210487289
4216511733
4217125355
4227955850
4239963885
4241920689
4245278512
4257052232
4258963085
4275822315
4278118099
4288711336
4291994525
444435526
456396127
457533666
459325309
459883259
471056183
476222777
479120456
487872570
497655236
501316187
511875021
535261374
553223312
554352614
555759842
566412733
57034610
5792426
580353960
594283964
603110481
605104833
621934371
631162330
63418860
666827801
667932871
674346379
682025502
683415012
690862124
694074409
695369231
698100553
703511922
703757823
704812068
731862547
748419831
752751781
754325948
770850619
785961355
805675307
811745008
819929816
82422364
827019209
83353117
834229826
840823936
857165525
866878743
869008273
888164910
89640950
903851358
908496463
911681609
913425883
934873518
943549806
969553660
972148719
974504059
974901865
975293740
978211426
