1004781362
1047284372
109700211
1104728684
1118097141
1226703234
1232887329
1292094736
1320218252
1322884374
1333620138
133482020
1354274851
1362446871
1405099536
1437919641
1477602495
1482423836
1483678732
1490073078
1529044799
1573878643
1618595752
1621406648
1637027310
1669321821
1677348948
1678482101
1742323791
1758528142
1786817097
1810210251
1812431468
1831092844
1844697677
1849602465
18542292
18556936
1865840599
1906065417
1956709724
196626434
1981700113
2023559173
2023678039
2074101956
2089605435
2104596943
2115077516
213773073
2162987551
2163595611
2186270673
2189357871
2195283380
2205355435
2278061573
2285084944
229314006
2352780215
2357029730
2364528470
2380756316
2424583278
2433311389
2435943199
2449151105
2516100446
2597709724
2661896219
2702461233
2758979076
2775286466
2780134747
2797934285
2805232149
2818265632
28299746
2842088250
2869987793
2888532961
2892877986
2896330636
2936589874
293799188
297948438
3050821670
3053241455
3058945050
3067418172
3077792796
3154249420
3159172965
320248679
3258761688
3260831705
3286588787
3291493722
3292921595
3354108634
3354930005
3363061114
3470988422
3485435889
349914907
3501820274
353022743
3533688019
356703788
3579533136
3602535533
3603274433
3603945362
3612390244
3615251779
3636699097
3642789750
3664520759
3694582569
3704195020
3715063039
371951050
3833961849
3834516237
38425180
3845440750
3849816880
3850011655
3872452574
3906337346
3950947482
4013199862
4030035853
409818377
4099663586
4130343784
4157686940
4234643471
4330817
457582620
461683974
462829588
481438369
496222235
53408029
542365394
634340010
638662310
639262030
663396885
664154838
715775854
747400323
762232084
762757253
786665629
807662005
929319372
942741529
958920962
