1002521536
1010019809
1026306471
1030519285
103578121
1037861797
1039568067
1040601954
104086036
1042104192
1042236684
1046531345
1048019184
1051244507
1051394
1055593237
1055971171
1056024625
1064844327
1066035653
1069174865
1074326767
1074853505
1079639078
1081907715
1087770220
1088789033
1094462204
1094708916
1095572381
1099780090
1100990176
1103772914
1104162708
1114350920
1117751294
1128396581
1131874496
1138648247
114377309
114749439
1157197798
1163819793
1166815127
1180688236
118704050
1189758111
1194703866
1195775328
1200769677
1214918223
1220588591
1227503498
1229040487
123148457
1238954037
1240477502
1241481432
1241507252
1246299860
1249983936
1256362328
125651609
1257693643
1265613210
1288211173
1288402052
1289841262
1296466394
1306726190
1314452219
1316806617
1322476904
1324330806
1329019775
1334710533
1337765146
1339425845
1343958999
135290343
1371541275
1381980378
1383159689
1404580611
1422379367
1428150814
1434610966
1449504157
1451054889
145640353
145739420
1458327146
1461587780
1463896292
1467651297
146779603
1476086209
1482733745
1489064
1494075722
1499276860
1500527239
1516110466
1519009683
1523066040
1527828831
1528571752
1528838017
1529846449
1537178874
1538805447
1540269709
1543101083
1543944554
1553789336
1561033700
1564430107
1567699334
1577105233
1578740740
1587821193
1589856355
1595861042
1598794179
1604332948
1605776184
1622000173
1625751138
1627812755
163423446
164399975
1650916956
1655439595
1658661828
1665769100
1667329592
1668545724
1671344808
1677520485
1679204193
1680507687
1682467279
1684382395
1684863252
1684878007
1695970777
1697235181
1698562999
1703975054
1708562415
1712639450
171578194
1717742493
1720189689
1732833649
1741895717
1742140943
1747186218
1747387726
1750745646
1752281976
1758074855
176140984
1763898588
1764280951
1765516129
1771277232
1772017925
1772190342
177890445
1782978172
1799092958
1799190929
181075823
1813299477
1814697446
1816024183
1833118210
1833234382
1834793632
1844875585
1851967073
1855163402
1855580699
1856168280
1860292420
1866887031
1870160038
1875673301
1878534359
1889327353
1893103576
1895809829
190510617
1905270627
1911811520
1931029866
193876502
1948561986
1955267260
1959585965
1964384223
1965288025
1970408850
1971501299
197310621
1975755418
1981494420
1982595399
1989853470
1990533165
1998917018
2000148058
2003609339
2009857837
2011643758
2014505440
2019657151
2020401987
2020848512
2025695512
2030936896
2042401769
204386338
2051626794
2053466969
2054689748
2063946470
2067515641
2083370445
2091122293
2093303132
2094834891
2109222640
2110970703
2111854722
2115801254
2118601906
2119071390
2120453099
2121209419
2133582404
2146877269
215117843
2157617325
2158174983
216019901
2161935968
2161942727
2163464385
2168875149
2170415284
2180138088
2187878405
2192686762
2196619755
2197511123
2208796707
2209565508
2210328034
2212853020
2215665328
2221061210
2231783889
2245573018
224895766
2250174320
225166591
2252546728
2255859424
2256574341
2266391873
2266675038
2270457948
2273058954
2280916436
228155698
2283636939
2287249962
2291907618
2296697275
2310735365
2311803037
231340310
2322407971
2331330204
2331892761
2343950193
2345442347
235394557
2355023132
2357948437
237154343
2375701584
2377030847
2387209112
2391415676
2392515246
2399666277
2408231860
2416250669
2417768920
2429028453
2429312636
2430399469
2432121957
2432435453
2441590646
2441591930
2443003308
2443322020
24475841
2455720015
2458122007
2463476534
2464829057
2471278800
2472121983
2473050064
2475118540
2476109616
2485981985
2488976448
2492737505
2493649068
2493801798
2504210960
2504700458
2505782822
2507653365
2509952970
2513147277
251410167
2514897054
2519854543
2520759542
2521721852
25270671
2537034860
2541517651
2550390716
2554037351
2555749928
2564195654
2572415409
2575749453
2595999366
2602035075
2605343354
2611445411
2619615870
2619801793
2621261666
2622798277
262448871
2633464623
2634805014
2637162260
2637514269
2638629623
2639083225
2642808098
2646715208
2650767522
2658450084
2658460389
2681624858
2688608901
2691947771
2706095167
2707523288
2709966395
2710636477
2714379001
2719262866
2735628003
2739124435
2743391663
2748436753
2755435082
2755758134
2758856763
2760033442
2762076411
2762803591
2765086186
2773812849
277500492
2783950850
2789947644
2791678366
2792225192
2794936963
2795437858
2795750102
2797204191
2804282315
2805931323
28074636
2824935107
282751918
2828725012
2829543055
2835060177
2844819202
2844943430
285310818
2854224812
2856652586
2859793319
2863836280
2866246472
286830884
2874318272
2878299232
2879475477
2881205752
2884980590
289427625
2894322990
2894977068
2896756349
2904034973
2904675003
2908510544
291386523
2915978911
292044433
292094242
2922954503
2923369525
292378033
2930463889
2936264990
2940783269
2940952269
2941631018
2945524592
2954890162
2967467945
2980488803
2983077254
2983208828
2985459212
2990046191
2990224714
2993412232
2998260247
3000046151
300574755
3005880074
3007558527
3017811054
3021427569
3022878890
3030083859
3030169275
3030465786
3032429633
3034043906
3038689255
3040891399
3045184659
3052646385
3053772122
3055220946
3059039427
3059198357
3059410911
3060742525
3066609255
3069118039
3069813742
3071122870
3072795729
3074419837
3074993276
3075400755
3078810963
3086981896
3093575927
3095446217
3097881867
3104316284
311443027
3115903103
3118860296
3121444597
3123316038
3127633621
3128543550
3132348247
3133269056
3136033267
3139067975
3140838247
3146140622
3146932460
3151133361
315374900
3161864236
3167034462
3172184360
3180829799
3181776211
3186976199
3190452419
3190823508
3198136875
3204070298
3205989502
3210657338
3212510648
3212930084
3221102316
3229737651
3233839707
3234147224
3235748257
325579441
3256606636
3258229144
3260774575
3262348947
3263686392
3265089077
3267723771
3272461478
3273976605
3274793946
3275158793
3278594039
3282650830
3298125451
3300554065
3300772503
3308813864
3310684043
3312936877
3315014282
3317274727
3322496709
3324577306
3326201039
3327287689
3332060009
3332499414
3333116526
3342033636
3342047003
334629189
3353637839
3356828514
3359503561
3363448250
3363969395
3368426014
3372181583
3375901628
3379489422
3380005895
3380702832
3385310491
3385764620
3400872920
3404953992
3405063982
3406882897
3408591550
3408899243
3409546815
3410873121
3416633270
3418572078
3419637728
3427203365
3429073329
3432601212
344452536
3445125092
3446667536
3448256594
3450150249
3453661347
3457356200
3458253649
3465680162
3469447254
3471834957
3472130824
3472490220
3473585663
3478841080
348020779
3486921997
3493278895
3504079544
3504227627
35057984
3506836573
3509387416
3516790584
3518513663
3518567580
3522789889
3526131130
3532881241
3538408002
3548127418
3559145271
3571792743
3577252515
3582830075
3583393112
3586709419
3588023375
3590261085
3591719876
3594341042
3598699525
3608366881
360893037
3609862591
3613772533
361442103
3617351760
3624284856
3625104241
3629455975
3635214321
3645649914
3651025030
3655800007
3656447789
3659709471
3662167614
3666270016
366899684
3669830851
3669947971
3672554009
3676547365
3676778575
367877138
3679113415
3681259498
3687838080
3694622424
3697948679
3698449491
3698634447
3700778260
3704328257
3705846748
3715388742
3720035068
3722622848
3728589487
3730468500
3730931075
3748209440
3762799806
3764174068
3770036681
3781290618
3786476901
3790368106
3806462393
3807623859
3811246209
3814922103
3816882281
3824227945
382515448
3829763554
383777340
3840064532
3845286314
3849440619
3849733891
3854435743
3858556061
3860565879
3862175677
387178653
3873783135
3877280323
3884887685
3887359220
3889137699
389302930
3898244414
3899964003
3905025069
3906092830
3914704221
3925031774
3926330966
3927656657
3928178233
3930358893
3934519650
3942771538
3945109056
3945528629
3951896047
3952026073
3957819056
3969699262
3972715353
3980129376
3981989606
399097571
3994323816
3996141364
3996302169
3998434595
4004921472
4006051892
4010806925
4012319473
4021282773
4025896936
4029072779
4031944254
4033861678
4042659034
4052877383
4053010014
4053651013
4068762391
40697991
4071183660
4083835155
4084224646
4085876793
4088295106
4093339410
410368389
4112860603
4113072535
4115385706
4117386437
4121586611
412328518
412607140
4129601334
4143039328
4147973601
41816448
4190316405
420243226
4214045441
4228119811
4232724511
4237108104
4247420924
4250433044
42540697
4262888179
4263816913
4263873688
426604609
4267412727
4272655104
4277043472
4286182748
4286567038
429175344
4292871167
430818358
431669676
436491524
43732543
440591076
440841509
442513582
447846729
460057616
463434363
465401421
46731466
47043029
471396773
472355217
480963223
482139071
484659145
499903439
50191606
504713296
505848827
508759027
514242890
538732943
539202665
539546485
541932756
554701381
555266608
563524208
579080313
579103511
59789072
598020181
59897197
599361693
600488069
605111405
613796500
625240435
627137389
628367641
629078586
631734957
634262923
634748224
636985348
643704448
648964327
650377541
654380376
654418001
656813090
662338508
668123308
672555818
682797495
691270152
692409549
702487272
704055416
705430090
708165987
710716447
711727034
720581849
723344942
727034229
733423139
738781927
756703703
757083408
768420738
769308977
776548579
780375300
781756785
790146309
793017548
795845835
796075313
808327245
809095690
818921532
81916433
823386108
828165346
840339453
84582142
847229176
848329112
850219403
851727890
851883967
864293140
869581856
879180363
88709694
889234825
890173002
890518354
891310264
900318562
907219465
908478254
917815639
921197887
92550062
92809763
933367106
938610872
945569325
95056356
967191835
974116928
975061705
988248347
992403028
