1002521536
1010019809
103578121
1037861797
1040601954
1041857038
1046531345
1051244507
1055593237
1055971171
1064844327
1066035653
1074853505
1079639078
1081907715
1087770220
1088789033
109259747
1094462204
1094708916
1099780090
1103772914
1104162708
1114350920
1138648247
1138910935
1143504253
115329082
1157197798
1163819793
1166815127
118704050
1189758111
1194703866
1200769677
1213944787
1229040487
123148457
1238954037
1246299860
1249983936
1254237193
1257693643
1285014713
1288211173
1288402052
1289841262
1296466394
1306726190
1314452219
1316806617
1322476904
1343958999
135290343
1371541275
1386400070
1393050064
1404580611
1422379367
1434610966
1449504157
1451054889
145640353
1456829960
1458327146
1467651297
1476235903
1482733745
1489064
1519009683
1528571752
1530335182
1537178874
1538805447
1540269709
1543101083
1543944554
1564430107
1567699334
1589856355
1595861042
1598794179
1604332948
1605776184
1611787410
1622059551
1625751138
1627812755
1658661828
1667329592
1668545724
1671344808
1677520485
1680507687
1684863252
1687105870
1690988622
1695970777
1697235181
1699506391
1702296000
1708562415
1710045536
171578194
1717742493
1720189689
1726612228
1741895717
1742140943
1750745646
1752281976
1763898588
1764280951
1765516129
1772190342
177890445
1782978172
1809459004
181075823
1813299477
1831243384
1834793632
1840076057
1844875585
1855163402
1856168280
1878534359
1893103576
1895809829
190510617
1913185944
1930428548
1931029866
193876502
1948561986
1964384223
1964498698
1967947084
1970408850
1971501299
197310621
1975755418
1982595399
2000148058
2009857837
2011643758
2020401987
2030936896
2032524692
2042401769
2053466969
2053826432
2054689748
2067515641
2083370445
2087780564
2093303132
2109222640
2124425530
2133582404
2146877269
2157617325
2158174983
2161935968
2163464385
2182430297
2187878405
2192979738
2196619755
2201617747
2203272194
2205508593
2208796707
2209565508
2212853020
2231783889
224895766
2250174320
225166591
2255859424
2266391873
2267768246
2273058954
2283636939
2303880414
2310735365
231340310
2331330204
2345442347
2357948437
2363003600
237154343
2375701584
2377030847
2391415676
2392515246
2396276199
2408231860
2419881955
2430399469
2432435453
2441590646
2441591930
24475841
2455720015
2458122007
2463476534
2464829057
2471278800
2473050064
2476109616
248267078
2493649068
2493801798
2502137443
2504210960
2504700458
2505782822
2507653365
2513147277
251410167
2514897054
2521721852
2521801112
2522597262
25270671
2541517651
255261318
2554037351
2611445411
2619615870
2619801793
2622798277
262448871
2637514269
2642808098
2644106859
2646715208
2649322264
2650767522
2658450084
2681624858
2688608901
2700622575
2709966395
2719262866
2735628003
2748436753
2750654836
2755435082
2758856763
2762076411
2765086186
2783638792
2783950850
2789947644
2792225192
2794936963
2795750102
2797204191
2804282315
2809344928
2810698011
282751918
2828725012
2835060177
2844819202
2844943430
2848620834
2854224812
2856652586
2863664155
2863836280
286830884
2874318272
2878299232
2881205752
2884980590
289427625
2894453604
2894977068
2896756349
2904675003
2908510544
291386523
2914632292
2915978911
2916075850
292044433
2920795233
292094242
2923369525
2937363253
2940783269
2940952269
2948622093
2954890162
2961833178
2983208828
2983765286
2993412232
2998260247
300574755
3005880074
3017811054
301889703
3030083859
3030169275
303110082
3034043906
3045184659
3053772122
3059039427
3059410911
3069118039
3069813742
3071122870
3074419837
3074993276
3075400755
3086981896
3097881867
311443027
3115903103
3123316038
3124498184
3127633621
3128543550
3132348247
3139067975
3140838247
3146140622
3146932460
315374900
3167034462
3169933975
3172184360
3179398320
3186976199
3190452419
3190823508
3197151612
3197708341
3200776821
3205989502
3210657338
3210843441
3212930084
3215486115
3221102316
3229737651
3234147224
3235748257
3249584259
325579441
3256606636
3258229144
3260774575
3262348947
3265089077
3278594039
3282650830
3298125451
3300772503
3303780162
3308813864
3310275800
3310684043
3312936877
3317274727
3326201039
3327287689
3332499414
3333116526
3342047003
334629189
3356828514
3358291118
3359503561
3361902645
3368426014
3372181583
3374776694
3375901628
3379489422
3385764620
3393513236
3400872920
3406740998
3408899243
3409546815
3410556079
3419637728
3420642587
3427203365
3428998428
3432601212
3446667536
3448256594
3450150249
3457356200
3458253649
3471834957
3478841080
348020779
3486921997
3493278895
3504227627
3505766601
3506836573
3509387416
3516790584
3518513663
3525348831
3532881241
3538408002
356636219
3584750019
3586709419
3588023375
3589027752
3590261085
3594341042
3597505430
3611317415
361442103
3617174614
3617351760
3625104241
363359271
3635214321
3655800007
3669830851
3669947971
3672554009
3676778575
367877138
3679113415
3689526519
3694622424
3698449491
3698634447
3702650721
3704328257
3715388742
3722622848
3728589487
3730468500
3748209440
3764174068
3770036681
3778380074
3790368106
3793915962
3806462393
3816882281
382515448
3829763554
383777340
3837958870
3839204638
3840064532
3845286314
3849440619
3849733891
3860565879
3862175677
3873783135
3875230254
3887359220
389302930
3898244414
3905025069
3906092830
3925031774
3927656657
3928178233
3934519650
3935661421
3945528629
3957819056
3972715353
3981989606
3994283804
3996141364
3996302169
3998434595
4004921472
4006051892
4012319473
4017710245
4025896936
4029072779
4042659034
4052877383
4053010014
4053651013
4060729359
4068762391
4071183660
4084224646
4093339410
4096400608
410368389
4112860603
4113072535
4121586611
412328518
4127343836
4147103533
4147973601
4164790406
41816448
4190316405
4232724511
4235640519
4237108104
4247420924
4250433044
42540697
4263816913
4263873688
426604609
4267412727
4281127945
4286182748
4286567038
4288586689
429175344
431669676
43732543
440591076
460057616
46218198
465401421
480963223
482139071
50191606
504713296
512579995
518117471
539546485
541932756
544917549
54886196
554701381
555266608
579103511
59789072
599361693
600488069
600842123
605111405
606595916
608056970
609271186
613796500
625240435
629078586
631734957
634262923
634748224
636985348
643704448
648964327
650377541
654418001
662338508
668123308
678725172
691270152
692409549
6958515
698059059
704055416
705430090
708165987
711727034
712197166
720581849
727034229
730133332
742373137
756703703
768420738
780375300
781756785
790146309
796075313
808327245
823386108
841147719
847229176
848329112
858831581
889234825
890173002
900318562
907219465
917815639
924162077
92550062
95056356
974116928
975061705
977203127
992403028
