11483255
115225536
128895643
1300745874
1324174484
1427830496
1658734205
1672697957
1777445760
1810772428
2230389718
229207144
2373816476
2389528409
2457828319
2533725841
2693181153
2704626674
2720309689
2959177785
2978213883
3032257817
3083430795
3131349993
3144789660
3431553669
3456219666
3596510096
3620759795
3686515278
3715274889
3774697052
3883630478
3985484218
4083725656
4107453513
4152581219
443128051
48161372
548243440
570091810
597210246
637834559
7099612
753194426
808172007
918249534
934640249
