102574063872201
10675925429215
111557203834237
111791975353876
113486258209988
113646464340084
122984973146014
127107089088335
130967212801865
153155014144670
159546748713396
160543838936323
169136086315959
170856188824800
180532804858871
188231889967916
193774580416356
196545544067168
202070095654079
205079649397455
213574790658146
220973826517365
224421829394410
224554327419723
233336517934901
238251585587900
246613924831595
261372160699971
265531624538767
266701866236785
267701544999211
268382080047134
276673769459903
35348620385622
37489732308678
39648405266745
49755413150971
53680142083322
6346597340457
75260521711675
87106255579717
87339975757849
87807833774261
95150726263146
97259421750837
