1004890914
1015982384
1085787485
1098141444
1136550909
1185806886
1188734890
1190488606
1256542201
1329350007
1432714729
1433823014
1457820165
1477703757
1485303168
1530535734
1620029840
1657541027
1662641755
1665800603
1682460950
1732983560
1739454080
1895718956
2015430855
2087261229
2110446863
2158651226
2168795359
219030251
2224866746
2261619707
2277046674
2279436305
2280809465
2296397380
2349169798
2352703772
2383684557
2430609079
2439312784
2474828758
2498456605
2527062598
2634228929
2671292798
2683606051
2685248248
2762290596
2765582198
2781902520
2985012132
3035953522
3048201416
3050275563
3057933727
3085916872
3111438662
3116947906
3128640274
3209852308
3232361572
3261063188
3276411914
3363695172
3363728755
3413949415
3465480197
3478837521
3505578878
3507402745
3527493567
3583835052
3606877833
3631061938
366927390
3717111845
3745655607
3761916316
378338680
3793172560
3857800850
4025249343
4121991923
4236066873
57031065
596561124
615589458
666458582
785887923
822075197
830768055
847666136
866065056
899934518
92370197
