1037102959
1046501124
1053659161
1063689636
1236007235
1236839674
1260612146
1335739078
1405828718
1406865705
1412829666
141595669
146696633
1505789134
154301580
1545246968
1550164694
1570168659
1616234794
1657191772
1702033758
171144270
1729456713
1828336412
1839758052
190176441
1928073744
1945125434
2124229939
213998146
214424901
2178316696
2196037299
2200096476
2209217683
2274097416
2319994028
2325050167
2351239860
2470809158
2478062552
2526726872
2604795296
2628055999
2675682616
2734779379
2737506000
2751549806
2775736096
2812318488
2819033747
282664066
2842391075
2851022840
2853573974
287780175
2937469428
2992853818
2992933961
3071852895
308864046
3113156041
3136569499
3166017299
3183541671
3209226322
3292753492
3306228938
3395055269
3397148610
3397700568
3432099291
3469258721
3497749676
3504294876
3530726209
3572907213
3616427062
3730833513
3775938417
3792512828
3838082336
392087341
3923596138
3928948689
3977279628
4003691149
4009971931
4013226827
4017009240
4029034067
4036349938
4072333464
4132565981
4161481222
4177750004
4259735106
4260427961
4277383722
454079840
4861184
502016158
510904823
53191693
550458514
572388211
670535707
707661627
751922379
792569685
834564221
845246480
886921883
903230110
967174178
998435522
