10240625507716
104321664443263
10758280226750
107996740184886
10905213269679
110905974003572
114318014887805
116676237681570
119257500247597
122830511884011
122949671527478
123227060738548
127999013897780
128202684119843
128452468495240
128962863544359
129950478097841
130175780930155
130954434781854
131935651655483
132772579612468
133304489112224
133418062179399
13601451416815
136648882733499
144676753142730
146742970915200
146940323005517
149081199050559
150079976630111
151094653884903
151906444355282
152706247289358
153286935844592
153837886887590
154185501003079
158340825805072
158904067847008
160619124296343
166432061068237
166858115220171
168597242065059
169546803150294
170939632586391
180431870173320
184874967521585
187614750168334
1884606738338
189167865327817
19090677242516
192388982967634
194883018224317
195060538418739
195904904900661
198936995691677
199099557412376
200159702878056
200260710570262
204040035237596
210942553705122
214653548705706
215049271944465
215685026806624
216094991584493
222950604459414
226054129585289
232012663760340
236870690275293
238226325293015
244391166083373
244411233377079
246065256679606
248235450190164
254303588521444
254330423011144
258513039973154
259341498614561
261086624341812
264358728664532
269998161664388
270309293595663
270992004740898
278235724623874
281010207494455
29742790838834
31652651698136
32367041512395
32621754767564
32651061522680
33070494141452
35061357780501
36067237901730
37978520310890
38939641084948
3983048602349
40856661052919
44960227893380
44977848556318
45594909201719
47589105931643
5754203200083
58090987923905
58910922658734
60762241450221
61841449704144
62354816972465
66424918172865
68398549449247
69363872977005
7375363503774
76852005890520
78496550008444
7924002782180
84995953828096
87419934593721
88255061405884
89500272118244
95005026829354
99390682856687
