106260542
1147202445
1147934262
1172742668
1182189769
1205096471
1277743744
131587863
1363138398
1407068493
1451554743
1525454507
1633658272
1653242644
1697844721
1749491559
1790652391
1792372247
1917532891
1956740980
1995851290
2037171775
2051584135
2054480473
2099307505
2144271736
2153717329
2220616096
2384204272
2503007443
2514160164
2626632150
2630555247
2636519893
275770827
2770948997
2787790747
2798077650
2817705231
2891005953
3002090494
3033067424
3038762474
3070428188
3147205239
3214008933
3247341299
3293836239
3325909508
3507059386
3532200200
3594621342
3773972802
3785153257
381675616
3831654954
3849783752
3856698699
3877170511
3918530360
392538240
4001355490
4051984636
4059144226
4122729625
4159102703
4193937808
4237896363
4254756178
447845081
535055164
590847060
59634970
625759617
638522644
706367596
731494993
762445535
829417147
852873816
936027344
946583039
989516987
998090048
