1033609620
1037294635
1057944985
1074189752
1081529718
1085326968
1110553355
1117039507
1130029269
1132209316
1136374812
1151245061
1161795026
1166612051
1176636510
1229682380
1240535876
1254057055
1261681227
1279494447
1316445711
1316725556
1316789721
1333418710
1333582528
1338520533
1364183423
1392990938
1407146139
1413997036
1415957146
1420423468
1428697792
146011558
1464855977
1536937598
1542120423
158120599
1588417356
159231426
1597902088
159911620
1612834339
1613916497
1629329729
1635485614
1641097263
1669300355
1678292675
1692757628
1721219610
1732479302
1732790943
1733328030
1794532093
1803030135
1803441493
1806208490
1814271397
1835700937
1839341972
1843158745
1857463364
185977292
1927029778
1938851379
1943150600
1957970140
201240299
2022238954
2030487137
2031475276
2045945606
2046598635
2049539591
2079844076
209207313
20972301
2100349251
2104627286
2130501390
2134971811
2185589869
2190962141
2196200294
2225243553
2228873636
2233801687
2254125372
2255411310
225934782
2275214283
2277318695
2298516279
2311382262
2336565330
234444926
2400649489
2432360241
2470167781
2482141783
2487326312
2510209403
2522818537
2542492426
2548912679
2557783281
2558589388
2559592294
2560078028
2561806726
2565377707
2567814818
2581788330
2582458034
260992133
2620349614
262480953
2643974012
2668222452
2668556534
267560616
2707162191
2718980764
2729073910
2746250531
2760224664
2778690344
2781706779
2782895246
2814917335
2816069795
2823975545
2826530232
2833703801
2848103457
2852825569
2855065089
2883427552
288444863
288713983
2900393270
2910566407
2928072009
2931899618
2944254909
2945048286
2965796434
2970449576
2974654493
2985683099
3013518843
3014904137
3020592449
3022224056
3042748081
3059759333
3063208767
3077488251
3081261762
3101924067
3129212137
3134586772
3175519493
3191266860
3203079450
3254102738
3259842192
3303803009
33255248
3327514927
3350943831
3357013812
3374312898
3381406006
3382047548
3396908087
3421923328
3425635983
3451004746
3453345489
3458442974
3465022267
3465210420
346818235
3485777730
3497460838
3498683999
3500770967
3520403450
3529743804
3553379777
356109978
3562596896
35668227
3570096644
3571392158
3591794782
3597211007
3632322891
3650586629
3661177416
3694140668
3700290157
3712377338
3725366080
3733029188
373769569
3746004795
3757632789
3769917886
3773967587
3776880042
3793398270
3801497629
3808356946
3810548827
3823801575
3826157914
3837700258
3861731883
3889912654
3943373814
3955585026
3964618452
3977627803
4038876790
4052085397
4059072038
4059500151
4060004669
4073006901
4076230371
4076489250
4098125671
4115357338
4116907190
4132483463
4146432833
4151829423
421305535
4227003652
4285144222
440319320
442437552
446042487
446849540
464632065
471112848
475119208
476405260
48383578
487643007
507579509
513069575
527265222
55220726
561324020
577067427
587197662
594693530
599266131
608706030
620508636
637927136
642268069
650165800
650171747
671542051
672329788
68718839
717903244
737533240
763850903
766134059
76837220
78229714
813099304
849560513
86810899
879940200
893308537
899251944
907627178
911172043
915882252
916018063
916065714
941493974
953694749
960078621
990085160
