0
1017788064
1024
1041575336
1046625382
1049075088
1049757680
1056337792
1056933000
1059392791
1059558466
1063259724
1066047984
1066557854
1066964584
1067430134
1067944415
1069724536
1074374594
1076042727
1078254907
1080372126
1082217248
1082723890
1083218208
1083728403
1085292076
1086837922
1086955438
1091740024
1092830832
1093020785
1094926626
1097475266
1104555663
1104668754
1109342635
1110725289
1116246460
1117590543
1120647914
1125394324
1130557525
1131542975
1131663318
1132107038
1132514290
1132719335
1132739272
1132767271
1133412764
1133985479
1134023749
1134063238
1134091150
1134295037
1134356681
1134494071
1134576366
1134580502
1134690801
1134759284
1135112582
1135114262
1135575278
1135580916
1135690218
1135699020
1136017215
1136104551
1136104756
1136121977
1136316582
1136334036
1136359681
1136846772
1137111531
1137129676
1137149035
1137158768
1137194813
1137403800
1137441710
1137507436
1137517823
1138066502
1138069937
1138162103
1138322895
1192187980
128
138
1426569217
15
1969222177
200
2043200498
256
266
2681776972
268861655
2693387668
300
3033386157
3034126620
3183816832
3184637440
3199230509
3199230512
3205930904
3207996016
3209012696
3218273554
3220182944
3222933460
3223145700
3223896623
3224171580
3224611072
3224851888
3224857512
3226516548
3227523148
3227728715
3228400948
3229165294
3229984766
3230427398
3230649972
3230981146
3231241839
3231845754
3232268158
3232350712
3232421754
3232527821
3233195674
3233260130
3233303507
3233454466
3233518889
3233687661
3233847154
3233905931
3233928486
3234104657
3234728778
3234815137
3234914342
3235745079
3239662302
3240107662
3240275744
3251043772
3251669042
3252721534
3253037829
3254381796
3254483884
3256362150
3256860422
3257610633
3258186932
3258340824
3259934062
3261140869
3261837256
3263630283
3264025147
3264469280
3264576011
3265793937
3265861703
3266423161
3267645735
3267806044
3269493221
3272173831
3273402050
3273413704
3273442929
3273494844
3273553638
3273818283
3274065036
3274578126
3274625921
3274968712
3275178079
3275528471
3276128225
3276293630
3276408308
3276625465
3276828851
3276961485
3277037115
3277156521
3277274382
3277875688
3278125214
3278489292
3278719384
3279612876
3280014073
3280101555
3280218843
3280754906
3281107136
3281388644
3281470370
3282347378
3286720832
3287953398
3288245480
3288258087
3288268844
3288452778
3288682289
3288712426
3288837660
3288916576
3288989333
3289042881
3289143769
3289268811
3289275938
3289367944
3289621784
3289634265
3289746192
3289767677
3289769557
3289815009
3289863202
3290032592
3290060421
3290073271
3290312203
3290603805
3290870584
3291172600
3291275911
3303549026
3313280771
3440110356
35
3550640878
3815911691
3827258893
3921392585
3990276378
40
400
4093325460
4117338533
468599500
5
500
522
55
600
700
768
800
