1032169391
1085718348
1128052773
1218618229
1219632715
1272360679
1537105529
1556793578
1663537873
1765643201
1954760464
2008448428
2180414508
2208022228
2261685107
2291248623
2337316220
2365283841
2482050025
2506632743
2510819621
2525343593
2613447388
2726980984
2863193833
2889640948
3000129767
3069186040
3134056028
3136161122
3179273360
3227650171
3251079513
3418120263
3457993458
3522062993
3646539781
3865345558
3949885285
4102415198
4124128349
4129971110
4162343491
4212333576
613734435
650463408
929763923
