1088909540
1247867939
1265054974
1303944626
1325462053
1380456973
1384712782
1414379893
1484534157
1694913185
1712085221
1896579512
1938925778
1962446169
1963248012
1993001626
2009642342
2128439081
2167045708
2231738841
2239329180
2252667267
2385422111
2412217500
2529217422
2618684252
2677834404
2911051724
2917872657
2960998643
2961615356
3041967655
3078911645
3092498956
31144322
325942251
3536087027
3586111550
3649071875
3664919024
375579021
3791264479
3818684229
3833373442
3905222470
3951727129
3991124280
4012053765
4069641783
4095725097
4189613162
436829283
48934682
502071371
540265347
600794422
715898633
730410564
858588173
920189858
