1109352893
1114937908
1220797056
1225777973
1247232514
1248987235
1262884665
1386136914
1408643333
1423998441
143462545
1541651389
1578278286
160791822
1616138916
1631885947
1666635778
1676048275
1794566446
1818269751
185801280
1975820454
2022328287
2210733839
2232960711
2270117145
2346229692
2346423322
2435518236
2497600974
2548236890
257235534
2619768505
2625730845
266397023
2675972065
2706166838
2725445097
2730029744
2737296577
278048667
278657389
2933560780
3066135118
3088038828
3162645394
3206966914
3253555361
3309515098
3327087930
3506757056
354876754
3570836312
3584967545
3625725830
3687128690
3705954156
3739385480
38457698
3917414321
392743162
4023374458
4038828558
4046750560
4064594117
408963428
4153674417
4191608010
4210346065
4211429179
4214521202
4288969776
46024797
534044524
541660843
629101428
654398912
655161262
698755597
708955601
711324066
726030566
783091702
916337754
954862824
975374784
977974560
