1003640281
1050562426
10514089
10514090
10514091
1093604101
1095046638
111040368
111040373
115858225
1178396815
1198266416
1218263409
1252435448
1262692338
1307649234
1309499581
1322175365
1348505100
1368419133
141371090
141371095
141371096
141371097
1414591028
1415714437
141703971
1426288944
1433614597
1454128366
1455446894
147308723
1494984200
1540373745
1562712144
1587788739
1599129771
1618552624
1619145348
1645940526
1692332927
1736701364
1754601524
1755207645
1776912547
178143220
178143221
178143223
178143226
1797610961
1815296406
1818413064
1835867820
1843302478
1863370088
18724194
19025426
1909762444
191703977
191703978
191703981
1918771417
194920806
194920807
1965693562
1998443973
2027383445
2037104047
203993429
2047883287
2058763938
2073744086
2112519084
2138932840
2152303010
218126463
2194190546
2194190547
2194190548
2194190549
2194190550
2207984786
2207984788
2207984789
2207984791
2216084147
2217314679
2224762378
2224762380
2224762381
2224762382
2224762383
2237604792
2263517680
2263517681
2263517686
2263517687
2280295269
2280295270
2336445345
235243043
2355287584
2374328468
2386635340
2392538562
2392538563
2392538564
2392538565
2395854422
2396185775
2397504303
2404559822
2409316274
2409316282
2409316283
2409316284
2409316285
2409316287
2423698556
2426093860
2429887559
2429984417
2432906842
2440492911
2486890224
2530576212
2553561316
2573582541
258961487
2608061955
2609213075
2647100388
2665000548
2675319590
2676158265
2685068062
2713120459
2743415772
2751177606
275739199
2759354812
2763972018
2784039532
278808833
278808834
278808835
278808836
278808837
278808844
2800516150
2843987970
285383938
2873535188
2931884240
293379382
2938293810
2938293816
2938293817
2938293820
2938293821
2938293822
2938293823
2945453888
2945453889
2945453890
2945453891
2945453892
2945453895
2949307355
295586546
295586547
295586548
295586549
2957383941
2962231614
2962231615
3016003830
3016003831
3016003832
3029499283
3041653425
3064629834
3093936350
3098985909
3101557716
312185844
312364137
312364142
312364143
319990150
3232955524
3232955525
3232955527
3232955530
3232955531
3249733237
3249733238
3249733239
3255233653
328736241
328736242
328736243
328736244
328736245
328736246
328736247
328736248
328736249
329141716
3293821396
3318363584
3318363586
3318363587
3318363589
3318489331
3319719863
3349221558
3354641089
3367915373
3374964251
3396555541
3414948319
343866638
345513824
345513825
345513826
345513827
345513831
3455804281
3463783294
3512667461
3527745398
35501788
35501789
3571291870
3573401412
3573401413
3573401416
3573401417
3573401418
3573401419
3573401422
3573401423
3591824702
3598192629
3602731259
3623734277
3640599667
3641830199
366211640
3673889168
3678084808
3693972514
3720009078
3773721739
379969737
3823816607
3826215157
3897134102
3897836883
3971653921
4000160357
4014445325
4018478837
4034289424
4039875743
4094442337
4094442338
4094442348
4094442349
4109528394
4126994834
4133144114
4144036556
4144775220
4144775221
4144775224
4144775225
4144775227
4144775228
4144775229
4144775230
4144775231
4162158996
4188769892
4235412320
4246433884
4251628906
4255148506
4255148507
4272073273
4272073276
4272073277
4272073278
4288703793
4288703807
439311634
440280175
440567158
440567159
440567160
447903371
457344721
457344726
457344727
462351104
47060793
483696727
526103765
533926970
544003925
550954362
55758606
56540873
591849141
600249260
61432464
617139471
6204831
657995433
702187784
702187785
711719255
718965488
718965489
718965490
718965491
718965492
718965493
718965494
718965495
718965498
718965499
735743078
735743079
736082470
737009681
739530555
763938937
771063870
78559757
787208706
846912051
848142583
857863153
863881191
871096886
871096887
871096891
878292416
887874448
887874449
887874452
887874454
887874455
898719019
903982935
904505006
915790532
921282564
921282566
921282567
921282569
929273361
931138698
931977373
933558185
940582002
94262659
94262660
94262664
94262665
956646526
959330988
971338902
995025665
