108703418689751
114596801651387
11951870430485
126349076039891
127069784524846
130954434781854
139022610359986
140093165839190
143586944843115
149638903590202
152196128412022
156400053158730
160746651710237
163563277481189
166516959877350
166715170516369
168681617193873
169787648558827
172248576027995
176130546090116
176789108960200
176987444108571
179060880326653
179821376588067
189175264655431
192388982967634
196547540558255
200474441362416
203769199104096
21149796206887
215070994435705
215220267078758
217539362283576
22252707297140
223897896259357
232351040519789
234057510666399
242272072625077
246052366155459
247021849080054
249322928287692
255152711997740
259007471667881
262205349359096
262816689050478
266600902263925
272976528955438
29745256304322
32519877750876
33949415413761
34601500390332
353474872493
44811772907725
45563455628067
54577438786279
57822596199105
72396028159454
7420183164775
78434758399617
82895437386823
85745740744390
88649176377304
95172174816899
98953920706371
