103551587650793
105641333248463
113051345320533
113996927392083
130270923420674
134564698430693
135605262883453
138310731949627
139945807358007
14119055666725
143109880484089
144101977248892
149403366812864
151558701900706
154406063348990
160746651710237
163992366294202
166300023777931
166428276870392
184519942457373
188719241565835
197232159135800
200138053213156
214670829761004
216389490906254
222282771901475
224401050598924
22492790898616
229830529662181
230953573901552
231529853258337
232351040519789
241531734575781
246219141977743
255460823395165
266903182010397
273513667170844
279319944968153
41226525386424
42039878305046
46132414794896
49283223432489
500810130780
62044026675596
66427472538628
69046848308407
80831040145758
88620197352667
92141530477845
94953295076267
99399435595222
