1095846326
1146503171
1175617198
1301388035
1331135913
1453129678
1463422747
1472720265
1665037237
1691913059
1777696088
1843588281
1979791352
2185675186
2259828611
2306249216
2332786015
2376713747
2404358298
2722816207
2765660036
2773976850
2967804488
2999230075
300035206
3032553878
3040612554
3100527081
3237450044
326736859
3335392673
333631698
3337928843
3347143981
3360974658
3425731509
3447102217
3667077691
3696020549
371008059
3754649367
3819427494
3850014148
396515451
4018901713
4026678274
4151575056
557278793
582935800
672946073
709967226
746156927
824612287
834788348
873724484
997943320
