1049972644
1158821163
1269714013
1349226227
1368426097
1398655696
1430961682
1452845562
1460189736
1467704338
1478605283
1669227937
1792109327
181098932
1919579248
1928734338
1939287105
2120338200
2165269023
2200718525
2339110657
2345472892
2405124143
2410155497
2455069259
2458602211
2483968567
2515885256
2537387123
2680589818
2724621717
2741353
2805228786
3116020644
3170428057
3257119221
3313019789
3334257090
3396492157
3518782202
3581288894
3634274259
3650518889
366633815
3673133396
3691507433
3782285246
378290369
3868533861
3884517437
391365698
3948048329
4050516232
4102627431
4139037410
4241945229
4266596469
513180429
52911075
57508384
591886442
662363633
67574163
691968556
735185713
745872233
794128546
859177651
944365573
