103551587650793
113235240002631
116715447765820
12359164502776
126918534723522
137894766418394
137918997472562
139422022835214
142879503450752
147184200187182
150493109781907
158904067847008
168992652097891
17383409829056
177951933548565
178951440681487
180117409890406
185875270040512
188076518209921
188442986308616
194861482003569
197568969594948
200078220452600
203485180867251
213448174429018
214854171122543
215728159917407
218510094315542
22364521622670
226709084492330
233949115684514
245260224586465
25004145708047
250925421234248
261126596214747
261592457459019
286428845536
3052714712202
33963865118962
36154865758440
47072446534957
49771727142725
58693576340892
60177055309216
68010922736379
76468167494761
83115116032660
87768070547617
88670328706916
89581734185867
92131330056981
98667619762541
