103551587650793
109761930607384
12359164502776
124160269421407
130751554176070
135038270470607
13555894730775
137894766418394
137918997472562
139422022835214
147184200187182
150493109781907
158904067847008
166465989297557
168992652097891
17383409829056
178672209641199
180117409890406
188076518209921
188442986308616
189590203804232
194861482003569
196432112285889
197568969594948
200078220452600
203485180867251
22364521622670
233949115684514
241095271638858
245260224586465
25004145708047
252328736962932
255718544581740
264640022390790
30549865966566
33963865118962
39266279651113
49771727142725
58693576340892
60177055309216
60308339615228
68010922736379
73621840092367
76468167494761
83115116032660
91822590564714
