101177540331236
103551587650793
123936974140078
131879417000260
137894766418394
137918997472562
139422022835214
147184200187182
150493109781907
15256717384348
153476882929576
158904067847008
159105565118518
163783829123293
168992652097891
17383409829056
174905087957650
178951440681487
180117409890406
184930425921428
188076518209921
188442986308616
19442460859882
194861482003569
200078220452600
203485180867251
218510094315542
22364521622670
22791563420551
233949115684514
245260224586465
261592457459019
264636006501594
267827131292017
31441487708447
33963865118962
38566051359938
49771727142725
58693576340892
63836088579853
65276682488004
65323701299160
67912795491455
68010922736379
70602251950716
7493395180373
76468167494761
78894527503694
80977639014729
89854854812321
91822590564714
