1026689630
1050647035
1055158518
1129275792
1200220041
1239204587
1251828305
1313845356
133544421
1452477487
1543020733
1611099586
1634020444
1637819655
1692183914
1695449660
1745243102
1832649691
1932519550
2016754193
2059715640
2060969373
2098856794
2104200739
226050608
2308251997
234190260
236120091
2428995749
2432207444
2478525953
254483074
2584971808
2658748090
2731248150
2746689646
2772415434
2838415096
28461421
2854713692
2915914055
2945214137
3010555287
3031898768
3128278267
3187920025
3267921841
3287580115
3324458916
3331358771
3359812567
3429825770
348005116
3539634597
3556569845
3562157711
3642709305
3666722482
3719329738
3753159038
3782658528
384876443
385012923
38843327
3910646072
4012628457
4082569673
4286879359
4287021582
479461046
495771803
519072967
608949131
686502735
724597404
774178971
782134768
789104283
891688725
93418907
943283847
