10574472794429
11029239260746
111988384119572
115437900510671
118597091082424
150694441039170
158367452080773
165609262675286
165948601572223
1850202408737
192283499028206
193150934501167
194771629632802
195611997039676
195885304624690
207552971712097
213991940803306
228411295003027
253143380766202
260921770713634
267071538321394
272597763116674
280634879426418
36861405433221
39005961129138
40374139212107
46591574782908
58824327104688
60978958155042
6344477679755
67746248660092
74954120651157
81022490093018
9737046942517
9825637734687
