1003668778
101270102
101491418
1077943646
107977114
1094418646
1119453640
112474852
1128676142
1142211705
1158440138
1166002402
1189711894
1213720320
1227857029
1241515426
12587005
1268258237
1279121517
1279123895
1320283607
1325963236
1327851780
1371744613
1375153934
1396392668
1408624061
1413515277
1425467569
1425542432
143234892
1443906212
1458014996
1463476118
1497894259
1499609161
150046303
1522322984
1532960844
1534776171
1553000397
156241964
1571613876
1572099125
1583844203
1590442302
1606981699
161155192
1616443217
1626136999
1640966772
1648835243
1665722051
1667634211
1669635946
1677879281
1683476733
1728393076
1735005200
1746098368
1753202186
1780966709
179123315
1792450630
1811961737
1824094655
1825225843
1848218970
1871385429
1899648356
1907426567
1916254694
1929297233
193101852
1937044798
1948695372
195326847
1961602476
1975562037
1977334572
1980406618
1990069227
2014929232
20230363
2024106873
2038824720
2053793011
2057243225
2071422465
2080046751
2081563149
2086040193
2087517079
209173751
2093589725
2097621068
2099025886
2108560709
2115055935
2127195536
2132116244
2133848171
2141335456
2144681702
215022887
2153620500
2161482864
2175093001
2178712624
2199434684
2207482472
2225172468
2280279619
229546262
2304205922
2332007731
2345233891
2373913141
2382334075
2386311330
2389655693
2400910673
2425530090
2440875995
2461698424
2475073939
2528533004
2532308501
2549123118
2550742727
2554778365
2555118075
2565371687
2593246383
2621791915
2638707975
2642577457
2647216251
2648975949
2650660777
2674430953
2684675304
268783333
2691533560
270036737
27016433
2708231187
27185005
2725721922
2752439104
2756941450
2789384171
2801746505
2810486591
2834898787
2845959348
285795116
287004286
2872194647
2873146417
2899117023
290975430
2915344735
2923386364
2948614683
2993499893
2994956628
3009868636
3019701307
3026994528
3029797785
3051818525
3051914926
3068349309
3075316795
3075854076
3079429999
3079796301
3093473840
3099650613
3101328682
310993358
3118405295
3120082719
313486943
3136143846
3136586346
3138058981
3139753490
3151177332
3174128978
3182339195
3183242824
3191026413
3194281021
3198984315
3227927008
3237134193
3247541859
3252213534
3253148247
3270714666
3276179722
3325151630
3352385116
3370974698
3371360257
3373163609
3376571268
3379363473
3405889281
3421702021
3436128766
3449600255
3482815148
3488527033
3489562768
3519191413
3519583918
3527664864
3537958281
3541802327
3547985235
3562590858
3565422392
357833335
3583940888
3586548003
3593779671
3604862134
3607906169
3624282659
3638363447
3638920413
3698335089
3705678708
3710111002
3712370200
3721083829
3722739482
3740641719
3744260477
3745028272
3757870126
376521149
3768967079
378420502
3789893370
3795993260
3802702384
3851316367
3867395821
38678003
3872455427
3873882238
3889714261
3900416313
3900510684
3905023347
3911894862
3924122355
39264365
3936911735
3953793148
3987981127
4007467429
4011956956
4019986962
4020799264
4021767676
4025916305
4034281795
4046940519
4055211343
4094178528
4107493632
4108277078
411740201
4130425861
4132727776
4163103597
4171520184
4179106327
4184613805
4221555980
4226710976
4239809109
4241709692
4247754814
4258544178
4276039011
4276094165
4290316170
443799457
456498358
46720316
502931197
517324341
528629851
531162894
537036740
551873101
564684175
570834212
583454356
58584372
597093778
599297737
600460093
615695991
631314526
637827792
638993793
654563086
657013850
694531683
699877621
70723305
712038867
718403904
719215073
723692549
75948198
772941747
7762433
784989962
794222744
806112356
819270531
825460663
83640841
856315622
868509629
870934761
872915207
876394719
879653960
881244596
891481395
930717194
940389924
946622125
96058215
971640296
991831688
995324626
996328370
