100618728661188
101334068517181
101822731871362
103332911034057
106214202710706
106410257439666
112859159360931
115231201648554
121330794463913
123808895226841
123955458612057
126745305577681
126761686097955
126944060575887
128519010664296
129183737584752
129773862885425
13473672584527
137271349349014
140775799510039
143575058106180
146945615441430
148627045581763
14956331033431
153772043621474
153834799799056
154272234419686
154301921654674
158904067847008
160248291742749
166040499179669
171832806294922
17184146282923
174556830210520
178154833244138
178260271529836
178553133389328
179666131570069
179927887610384
182039005843262
183249222747626
183296596002720
18435797749320
184739439563503
18842777845125
189196519756517
189807199708712
191614708518213
193336304565121
199048713369216
200317706739470
203751153453074
204908714158968
206408379246184
207141818199609
211397543643456
213335437168808
21503512580488
215244039889104
220827093784525
221853086591416
222212563534344
223596080028590
224449706740611
228063877772249
232351040519789
232945424004605
241678710968106
243314655290865
245536767246282
246145829769050
248891819552342
249638594948788
249823185867966
250147623665814
251966059569080
252634710035267
255931769750239
256344994396117
264522887396285
266883216789565
268967841058869
272887412393848
273774572286718
274221839083408
2859043466851
32025905121448
33572411710031
3406314776065
36122518657261
37477852861603
37552702571677
41452853690459
44859911557194
46898151895880
48487217406335
50250615259024
52765189455828
52979548966238
56759952705323
59449135375297
59843016658304
61950836456857
63255481514408
65327271312033
65566310591678
6749857557188
67798928311261
71842976663610
73492033484464
75875900991571
80753722763488
85924166508754
89044573310424
9753851830586
