1002478560
1003193822
100510171
1007007334
1009202582
1009209697
1011595396
1013112079
1013640180
1014358808
1016075237
1016819166
101721428
1018369388
1019183764
1019811077
1019952613
1021617531
102427502
1025851245
1028523713
1032181941
1032775838
1034572873
1034821895
1036842741
1037868216
1038597153
1040602591
1041717100
1041982604
1043019292
1046668443
1051555639
1052965443
1053675355
105395183
1054716859
105541858
1055431057
1057220785
1058633562
1059106587
1059436595
1060075813
1061937899
1063222076
1063879906
1064138365
1065945386
1066049171
1066264287
1069153103
1069859122
1070369015
1070509624
107485968
1076815051
1077952619
1081006404
1086224508
1086322332
1088463759
1090633242
1090833152
1091339626
1091490735
1093964673
1094656644
1095065042
1095211184
1095626683
1096561267
1099585383
1100527191
1101002427
1103837697
1107528299
1108140305
1109433392
1110849683
1116438338
1116992142
1118278491
1119152320
1120827184
1122234698
112254994
1128065025
1128276707
1128793935
1129869747
1132932390
1134021361
1136594063
1138156810
113909617
1142246247
114421869
1144796032
1146086202
114679099
1146934479
1148046585
1148447756
1151171713
1152044810
1153191252
1154713461
1157155122
1157580400
1158921681
1159035984
1159514225
1160856289
1163695683
1164099294
1164224234
1164618475
1166469302
1167218627
1167421081
1168837173
1170182784
1170573281
1171455993
1173511624
117602494
1176070447
1176402403
118107196
1185487260
1185635343
11897413
1190927268
1191620088
1192496257
1194607570
1197213240
1197658508
1198489738
1200877885
1201762211
1201863890
1203807933
1204748345
1205076839
1205144992
1206852520
1206867917
1211631817
1213218498
1214891162
1214999009
1215867769
1216501172
1216909970
1218921005
1220339054
1220470574
1220923283
1222293250
1222651226
1226004140
1227544147
1229102762
1229568640
1229673223
1230940559
1235620182
123603608
1236175672
1236177539
1237294823
1238719629
1240278651
1240484790
1245258984
1245263723
1250104135
1250699373
1252196049
1252798650
1253037651
1253580529
1256477266
1258703203
125986283
1265526861
1266036130
1267061003
1269689172
1270398252
1271266435
1271955205
1276473266
1278268102
1280833346
128184434
1282228436
1283346195
1286033584
1288050517
1288499141
1289254546
1290460652
1291508445
1291665177
1292637857
1292653433
1295645923
1295803898
1295863050
1299990497
1303722899
1305830884
1306815832
1310288655
1311107012
1311391792
1312458403
1316402409
1317755742
1321859332
132289417
1324709724
1324743180
1325385718
1325523798
1327639791
1327691203
1329461586
1331519281
1335137663
1337212988
134069247
1340801126
1342559657
1343378815
134377597
1344211955
1345402115
1346512294
1346913754
1348276792
1349398466
135240622
1352484568
1352932216
1353435799
1354173244
13557121
1355858463
1356512084
1360014010
1362317806
1363730395
1366342065
1366393665
1367196739
1373288661
1374738600
1374960236
1376355097
137724409
1378062299
1380213466
1380499998
1383117189
1383306096
1384109975
1385553561
1385907878
138815425
1388450589
138985776
1389959207
1390843370
1391799354
139383356
1394323728
1395921221
1396104479
1397484588
1398426165
139908056
1400258066
1401391997
1401721867
1402270974
1403505255
1405771491
1406687108
1407089406
1407589404
1411047574
141134873
1413443859
1415525345
1420623853
1423868843
1424336046
1426235411
1426716144
1426885275
1429018951
1431255296
1432556428
1433608490
1435788167
1436730501
1437054505
1437355556
1437532985
1441301293
1443621651
1447479011
1451074120
1452081894
1452090916
1452679922
1452992208
1456202847
1456432587
1456888584
1460078756
1460181149
1461802262
1461874401
1461941935
1464979150
146950984
1471366929
1471659393
1474008006
1475529055
1477175756
1477588447
147967534
1482491590
1488214063
1488458712
1489155319
1492050938
1492304782
1492803923
1493491045
1496231117
1496561116
1497270461
1498614849
1501909765
1503452140
1503704728
1506491801
1510126193
1510263942
1510439811
1510516348
1515367351
1517166644
1518784857
1519694026
1521172156
152392575
152474118
1524943293
1531982485
1533091400
1534271145
1534753468
1538812264
1539365032
1539884801
1542962204
1544326830
1545203337
1545549170
1547989647
1548011311
1549810445
1552346926
1553527300
1553880392
1554563289
1556426820
1561688228
1564170175
156526872
1566199031
1567697561
1568146391
1568445113
1568864780
1571748227
1571998330
1573785920
1574557453
1574817676
1575212219
1575252830
1577737029
1578701797
1579576939
1580373683
1582045050
1582551538
1586710497
1591723770
1593687719
1594381344
1595719127
1597319683
1597509409
1597664447
1598423392
159876077
1598926249
1599786187
1600347053
1600582598
1600785377
1604494500
160497369
1605498870
1605964492
1606325309
1607671015
1608413769
1609132844
1609674856
1610194594
1612848220
1617087675
1617222282
1617457888
1618624644
1619542801
1620051821
1621255405
1621902040
162300866
162342906
1623834321
1626147971
1628643346
1630539036
1631589757
163195114
1632800776
1633909011
1634261100
1637447500
1638060437
1638616766
1639859598
1641162739
1641909719
1647351919
1652728986
1653604295
1654678698
1655050736
1655790647
1656484813
165976683
166048545
166241040
166272273
1662950034
1665103667
1665907209
1669955201
167013560
1670802891
1671087364
1672845908
1673210759
1674832930
1676376888
1676443818
1677783602
1679662665
1680708967
1681351831
1685920641
1686180967
1686721426
1687952301
1688512916
1689660587
1698505548
1700857297
1704023481
1705890790
1708211075
1708666835
1710273822
1710962497
1711106859
1711276374
1712959145
1713195323
1714582975
1715102681
1716574226
1717877672
1718518272
1720642131
1721422545
1723000321
172307786
172458397
172509609
1727356186
1730189103
1731334340
1733501684
1736115150
1737479134
1738204346
1738367576
173873020
1739490438
1741348218
1741357738
1742746176
1743073641
1744347542
1749981590
1751928725
1753567643
1753800478
175383936
175437174
1756241864
1756384233
1757638819
1759133090
1763879556
1764044747
1764921043
1769383151
1769514024
1769725979
1771374477
1772619259
1773704563
1778713196
1778785222
1779052490
1782269699
1788138817
1789585899
1790556693
1791012277
179271494
1797998558
1798630546
1800801221
1801070808
180301831
1807368506
1807649168
1808298720
1811481057
1812770509
1815911406
1818610963
1818663746
1820411116
1821595206
1821766843
1822077181
1826781588
1830770873
1833951244
1834359730
1834798982
1835018898
1836788227
183697099
1837296299
1839589448
1844440114
1845656237
184574392
1846098954
1854256981
1857222379
1858049168
1858238920
1858730601
1860038160
1864687771
1868952746
1869628189
1873582912
187470162
1874957728
1875585747
1877049764
1878998805
1879145847
1882028723
1884240627
1885672243
1886363779
1886598346
1892811633
1894411782
1897682171
1897851968
1897913749
1898742078
1902545353
1902615863
1903506388
1903613875
1910932805
1911265691
1912008241
1912162059
1912774037
1913448886
1914225116
191456943
1914851500
1915467023
1915882538
191601730
1916607996
191740208
1918279242
1919258611
1920851925
1921906193
1922379390
1922614858
1924362073
1925507794
1927109571
1927372698
192908915
193058546
1932796576
1933714278
19367981
1938544360
193955593
1939845656
1941423404
1942852811
1943035778
1946235666
1946769462
194882163
1950639312
1952002960
1952558560
1952614979
1954200430
1956668062
1957069636
195875731
1958834318
1959726853
1960254937
1966299274
1966600463
1970530750
1970659968
1970695952
1970777789
1975122847
1975811614
1976814739
1977436598
1980103570
1981093734
1982306899
1983024510
1985157311
1985485826
1985823277
1986902504
1989546442
1993967470
199455941
1996200112
1996989649
1999536375
1999644579
1999953950
2004024717
2004729341
2005415373
2006186552
2008317820
2008914410
2009073944
2009309376
2010615523
2012403070
2013733449
2014627292
2014674966
2015297254
201534082
2017558869
201835129
2019520215
2021224838
2021845764
2023555915
2024242584
2026670289
2030731074
2031261339
2032068155
2032260264
2032979547
2036792344
2037083712
2037444713
2037852472
2038739215
2039045705
2041728948
2042033884
2043201446
2043455844
2043735014
2043930826
204438157
2047195746
204811652
2048258400
2049898943
2054084714
2055414227
2055600027
205764259
2059392344
2059850195
2063005310
206330387
2064883820
2066491486
2066949799
2069292190
2069886572
2070647873
2071094052
2073837856
2073902862
2074791488
2077062405
2078357148
2078877560
207928588
2080526488
2082968407
2083314262
2084285234
2086297907
208818633
2089523346
2091301297
2094416652
2095588268
2098997332
2099751564
210019219
2102161849
210590258
2107409969
2108833523
2111395902
2113693436
2113708806
2117426162
211748114
2117525118
2117525225
2119885432
2122044429
2123421231
2128378193
212967269
2130499532
2131818735
213358599
2133936701
2134929481
2135966720
2137879100
2137938246
2138393461
2140204181
2140237523
2142893146
2143141655
2144401641
2145496476
2147082559
2147102805
2152692902
2155485165
2156905067
2156942353
2157853813
2163751443
2164071624
2165784578
2167605772
2168277818
2168548689
2169404834
2169893230
217090482
2171140457
2171806462
2172632685
2175754050
2175865935
2176136933
2177428487
2179245518
2180591850
2182079128
2182328194
2183393332
2184123470
2190646584
2192048356
2193173629
2195011500
219854279
2200765036
2200966982
2201057321
2201618365
2205396007
2206182850
220772043
2209923520
2210271062
2210381287
2212565182
2212662221
2215032876
2215652065
2216086541
2216896725
2217759862
222120248
2222606656
222948523
2231856909
2234780716
2235898024
2237909683
2239364940
2243019005
2243197406
2245039371
224765372
2247907756
2248782840
2250590698
2250753780
2253769418
2257828154
225817953
2263653491
2264346589
2265581694
2265870973
2266067688
2268153325
2268983247
2269625423
2273807977
2277688643
2281307927
2282510665
2282714046
2284371231
2286077441
2286327440
2288360828
2289147954
2290095558
2290737382
2290747930
2291761784
229395739
229515626
2295505317
2295674363
2297807662
229881361
2301645898
2301685
230328817
2306791127
2309413266
2309594615
2309972442
2310644688
2310804988
2312303659
2312888213
2316353645
2317663141
2317943478
2321896508
2322898001
2323458257
2325540629
2327669668
2327945413
2329029151
2329880185
2331920521
23323344
2336801573
2338406760
2341831433
2342544895
234894498
2355396268
2357925113
2358430651
2359519256
2360456114
2362252035
236380911
2365819148
2367911779
236834984
2368922712
2369061746
2370448849
2372837715
2374918462
2375602362
237797850
2381988438
2384995445
2386439898
2388242917
2390349263
2393039749
2393131444
2394818479
2401601245
240187174
2403546465
2403935241
240699629
2408341848
240955149
2412293373
2413629019
2415846746
241882684
2419019211
2419646679
2419873729
2422175547
2424191921
242791567
2428439410
2428852352
2429592013
2432775580
2433549948
2434218273
24347906
2434880241
2435305210
2436282083
2436754785
2438683785
2439176512
2439628011
244045011
2440572352
2441147233
2442578089
244506907
2445598299
244664950
2448881814
2451268849
2453625139
2460475207
2462304915
2463006999
2465591052
2469434906
2470927216
247175814
2473429401
2476209178
2479263777
2480697274
2480737914
2482271336
2484632943
2486028371
2486269525
2488445685
2489669161
2489702576
2492252004
2493306328
2495180702
2497194279
2499007167
2499137745
2501058625
2502073477
2504329432
25076968
2509002498
2511554510
251288161
2513216921
251345613
2514545324
251456444
2515557325
2522997086
2523232529
2526090858
2526569389
2528809153
252965467
2529869764
2531039864
2531102050
253226619
2533261297
2535047167
2536776553
2538224201
2539012436
2539296291
2540718493
254154988
2542291747
2545648372
2546047133
2547087292
2550296001
2552446394
255373787
2555765097
2557020092
2558852298
2560922614
256183597
2562914669
2563407434
2564112226
2564292837
2564688503
2565106470
25672041
2570382531
2571162923
2572369613
2573893157
2575670346
2582247533
2583493370
2584987866
2586982193
2587065333
2587730570
2591104342
2591533344
2592443072
2592464642
2593437972
2594988180
2597768948
2598246866
2598572269
2599130558
2601499067
2608401429
2610371202
2611943452
26124404
2613294120
261597751
2617062939
2618047219
2619924545
262089700
2621722743
2622536728
262712743
2629680992
2631707363
2632945500
2633507593
2633613700
2634002843
2636043244
2637398985
2642540282
2642583047
2642834648
2643777522
2645808271
2646817416
2647292819
2648754590
2650089208
2652434279
2653248838
2653601275
265406112
2655705225
265744210
2659367426
2665132137
2666294871
2667185578
2667470497
2670252728
2672290551
2673658185
2674577619
2674609819
2675301414
267617516
2676822049
268015860
2681637838
2682189575
2684942687
2686274561
2688791851
2689685076
2690219154
2691254259
2691659436
2697549849
2697730568
2698428908
269945600
270024417
2701807151
2706036705
2708456365
2708899127
2711941801
271557056
2717355416
2717500953
2718425233
2720850618
2721328488
2723286898
2723417468
2725031839
2727044197
2727591205
2728257562
272888490
2729207047
2730091016
2732235568
2732555934
2732734284
2733288606
2733611543
2733667233
2734880020
2736381840
2736724860
2736745145
2738550222
2738582728
27405126
2741364644
2742730044
2743715141
2743855814
2745159190
2745465833
2748372310
274889621
2750738048
2753526330
2754653920
2758363314
2760063445
2763688135
2763958581
2764366295
2766391547
2766680256
2766848301
2767073914
2768301376
2768925643
2769051802
2769500138
2769927042
2770646942
277208349
2772211268
277381770
2774563152
2775236988
2776608709
2777466134
2777844902
2780524963
2781550982
2784077719
2786715524
278755650
2787604900
2787735470
278872052
2788841572
279040267
2791225192
2791451963
2796232343
2796881007
2798667642
2799806693
280567441
2807342045
2809963410
2810003185
281247500
2814170435
2817298900
2817796916
281816784
2819879588
2821471002
2827893512
2828541127
282930842
283218637
2832394779
2833261297
2834058106
2837091459
2837366860
2838692800
2841117563
2841500322
2844967528
2846765457
2847479919
2849178836
2851942460
2853464507
285527107
2856810637
2858091154
2859706158
2859990611
2861170411
2863306003
2863532133
286382640
2864216029
2865427647
2866459591
2869098110
2869591090
2872489961
2872809933
2872927740
2874983376
2878104459
2879045210
287932718
2879575164
2880127484
2881823594
288238429
2885353351
2885388964
2886412252
2889552975
2892896624
2893670072
2894868901
2895009273
2896234729
2896381179
2897588756
2898626413
2898819873
2900768649
2900775400
290095572
2901334261
2907535795
2907876984
2910793576
2911483460
2913882851
2914033380
2916558576
29199228
292067954
2922353705
2925629668
2927754553
2929168151
2930382872
2930892664
293275529
2935878829
2937280880
2937680838
2937874796
2939934871
2941240505
2943317342
294450675
2944966655
2945401585
2945975224
2946666900
2950977565
2954415241
2954542313
2955667663
295626972
2958211896
2960576967
2963838864
2964436209
2965940659
2966054385
2969952854
297023728
2970705505
2970760412
2971819954
297404357
2975192897
2975195561
2975514471
2976369891
2977741847
2979908723
2980770900
2985460685
2985583863
2990303458
299071375
2991361249
2992900094
2993196795
299330646
2996858215
2996961888
2997407367
2998155192
2999251294
2999374301
3000598399
3000826353
30018635
3003448728
3004306265
3004772117
3005650683
3007765793
3009745723
3010033953
3010252594
3012106230
3018138546
3018449397
3018893699
3019004209
3024365291
3024849151
3025442850
3026024641
3026741813
3028605503
3028747163
3029603524
3029913989
3030099920
3032704585
3032822361
3033041884
3033790991
3034024348
3035711131
3041448236
3041878179
3042243620
3044187074
3046014275
3047642371
3048096061
3048357763
3049165754
3053392200
3054417155
3058240289
3058397724
3060208956
3061096470
3063222168
3063992126
3067513239
3068568012
3071147908
3071744019
3071993845
3073944862
3074431957
3081580241
3081675372
3083353347
3083684386
3085317826
3087219325
3090961888
3092569163
3093263247
309356400
3094112546
309801011
3098295101
3098325817
3101766009
3101987158
3104987482
3105717532
310670474
3107365754
3107491380
3108184532
3109895920
3110410191
3110673285
3111453489
3114398674
3116028485
3116128548
3118301305
3118693963
3121511668
3121942282
312207405
3122178876
3127551119
3131692151
3132070082
3134705421
313948202
3142759761
3142793994
314513775
3146351101
314696461
3147392443
3148255103
314845436
3150868091
3158244614
316067642
316073862
316222861
3163030781
3163547243
3163601769
3165043154
3166253723
3166510844
3167720289
3168746551
3169059329
3170083233
3173590552
3174313424
3174323197
3175755601
3177888557
3181228520
3181755388
3182007731
3182218123
3185004428
3187464640
3187716631
3188364651
3189214166
3190277675
3192908848
319314202
319435154
3194501261
3195358378
3201328811
3203797377
3206341931
3206840071
3207967364
3213398093
3215471442
3217597154
3218530284
3218555616
3220020195
3220529200
3222267031
3224919978
3225902165
3227158362
3227369790
3227439571
3228490989
3230522182
3231813596
3232409571
3233310333
3233310973
3233318056
3234580401
3235815658
3236073988
3239345090
3239446353
3239468991
3239494528
3240878982
324211138
3242495400
3242908877
3245156218
3246168680
3247106674
3248010691
324986874
3251539127
3254222067
3256580273
3256723546
325690634
3258701261
326209559
3263163775
3263477388
3268121289
3273085673
3275122428
3276802350
3276983234
3277584154
3278444503
3280026056
3282237059
3282957236
3283255974
328424188
3284767221
3285137073
3285282339
3293127152
3293482841
3294604296
3295918026
3296042529
3302063748
3302491832
3302530957
3303902349
3304842588
3307695533
330793600
3311602956
3311679017
3313138713
3313547265
3314437601
331499581
3315580790
331805379
3318456128
3318676490
3323591803
3323730182
3324589408
3324903872
3329278760
3329944052
3332922722
3333110492
333563535
3336622068
3338634690
3343108410
3345572079
3346228265
3346609301
3347615190
3347768096
3348818896
3352864393
3353037857
3354899369
3355639704
335812380
335857628
3360211429
3364238527
3364662402
336538329
3369578015
3370503576
337173737
3375067977
3375487838
337887945
3380555088
3381176181
3382186302
338335731
3386258534
3386385116
3388737829
3388745477
3389193282
3391184804
3391432316
3392913156
3393416095
3393516669
3396374471
3397459648
3399223474
3403387975
3405662952
3405921264
3405996666
340757553
3407802011
3411177304
3411376926
3412857469
3413732032
341433689
3415886866
341670243
3416853059
3417713876
3418082295
3419486406
3422483100
3423238802
3424596530
3432279000
3432957195
3433017666
3434105627
343483494
3437688966
3439336263
343994945
3443658266
3446043826
3448458004
345023305
3452015556
3453907872
3458095260
3459238275
3460749157
3461329507
3461414889
346181908
3463302219
346684618
3467911091
3469900471
3472551401
3473189901
3474293940
3477389860
3478100318
3479041652
3479265216
3480494755
3483379303
3483794549
3483795903
3483933700
3484874521
3491839053
3493730461
3496428669
3501844094
3502165924
3502422110
3503814596
3506429769
3509124144
3511082451
3511202843
3511286016
3512994045
3515055052
3515739735
3515748473
3515796377
3516246763
3516866916
3517476347
3517795835
3519039981
3521005504
3523246159
3525569426
3527152017
3528439803
3529932493
3530476341
3533049065
3533728406
3535060463
3537913456
3537999903
3538727838
3540353926
3544113191
3545314597
3547787791
3548068948
3553907096
3555488551
3556403387
3557533921
3562002071
3564830775
3565191404
35686176
3570644397
3572670173
3574675463
3576186497
35767781
3577675258
357868427
3578861529
357928448
3580725980
358127366
3581637744
3581983964
358344735
3585528572
3587041992
3590674472
3591738702
3591817516
3593496345
359497349
359534562
3600943706
3603920878
3604323544
3605825533
3606230443
3607153205
3607971337
3608631502
3608964561
3609948270
3615616223
3616482767
3616593902
3619559671
3621055488
3623005565
3623884783
3624203139
3625312945
3627395785
3629464179
3630313244
3632000443
3634357543
3634980182
3637000292
3638186322
3639157721
3645092971
3645645609
3649815097
3651931057
3652184791
3655589048
3656471833
3664440624
3664538379
3665897482
3667757393
3668799414
3670116248
3673425620
3673868398
3675484442
3676186712
3678485676
3679423678
3684179657
3684293102
3688254443
368996464
3695262493
3695798991
3696116052
3696403161
3697972755
3698820193
370392748
3704362311
3705045572
3705737888
3707843139
3714038879
3714471605
3714622543
3714784680
3715167915
3715565448
3718324713
3718464246
3719272258
3719531387
3721997976
3723375504
3723662812
3724043895
3724586676
3728445635
3728762155
3730868680
3733045215
3733210748
3733469985
3734041503
3735670307
3735752317
3735763383
3736543869
3738139692
3742826962
3745589106
3747428944
3747733638
3747935105
3748306745
3748619661
375042097
3751376966
3752105266
3752885656
3755269390
3756077690
3756462506
3756500379
3758818392
3761783103
3762773902
3764162600
3766558585
3766571897
3769456611
3773376182
3773379504
3773762873
3774194156
3775162122
3776443153
377694407
3776972367
3778439991
3778681946
3780022502
3783969907
3785849671
3788356979
378857105
3790482641
3790667806
3791523213
3792693494
3793043488
3793168319
3794395079
379718147
3797396798
3800170999
3800375869
3801229172
3804037453
3805919222
3806455347
3807475466
3809633503
3810632340
3812251140
3814446247
3817085937
3817595829
3817642719
3817690211
382187074
3822825640
3824916090
3825649076
3826059690
382795225
3830210527
383219082
3833768427
3835449407
3836369845
3839021876
3840701957
3840815505
3841759671
3842994585
3843669362
3844551319
3845615971
3845690077
3846185025
3848382818
3848773828
3848785039
3850531131
385095400
385214461
3853820731
3854593471
3855070184
3856563264
3857078354
3858496275
3860383955
3860871795
3861912622
386242350
3862452934
3862831494
3862889291
3863830071
3864189964
3866594708
3870878845
3871101846
3871543165
3871729362
3878241086
3878368896
3878408487
3879128933
3879759080
3879812060
3880216616
3880663878
3881280457
3881315885
3881518813
3881708384
3882275273
3882716476
3885089503
3886207904
3886552463
3890705882
3891704828
3892661713
3894434032
3896675923
3898847473
390463558
3904775647
3907097531
3907422534
3908398343
3910658679
3916622599
391941288
392275338
3923699766
392490723
3925218726
3925549371
3926183810
3929819995
393009786
3930653992
3931328765
3934137215
3934337928
3934849919
3935966823
3936504232
3940879748
3940940755
3942900507
3943119668
3946423003
3950154228
395357675
3955057079
3957439237
3958294108
3958434105
3958782351
3959494448
396295258
3964103562
3967311695
3967561823
3968466869
3969049026
3969881124
3972220158
397326385
3974805321
3978127356
398068349
3982232233
398589131
39882601
3988895432
3989125942
3989817393
3991478223
39916104
3994700892
4000636125
4001357249
4001519716
400401040
4005864328
4006888738
4009574923
4011074961
4014985340
4015970977
4017059754
401927020
4020866375
4021451899
4021618867
4026084339
4028960656
4029653943
4032664891
403427436
4036724685
403956135
4040295830
4040435458
4043537099
4047169324
4049239335
4055072530
4057394929
4058802851
4060256259
4060959014
4061803242
4062673781
4063024791
4064213980
4066217580
406839280
4068677379
4071329892
4073013132
4073669262
4074339184
4075832815
4076957404
4078586250
4079966676
4080484898
4083643352
4085008939
4086101558
4089088435
4089501720
4091877948
4092309272
4093488674
4093824395
409436748
4095111865
409754459
4099172238
4099220370
409972264
4100605813
4103057174
4103421643
4104530251
410527453
4107862443
4108652031
4109714613
4110762991
4112936998
4113340214
4114888566
4121250615
4121805647
4122486533
4125245095
4126358213
4128533598
4129297644
4130152218
4132665168
4133257872
4134799131
4135069295
4135251320
413954388
4140830819
4142500130
4142831578
4147913975
4148494189
4153468181
4153851598
4159048352
4160085270
4160996179
4163576373
4165581034
4169450352
417048291
4178666312
4180625728
4180869354
4182422087
4183325151
4183800720
4184276978
4184610146
4185630797
4185998189
4186074205
418633458
4193012797
4197789991
4198673841
4199157111
4200861951
4208206772
4208996984
4209447292
4209559181
4210522118
4213658252
4213877599
4214102576
4215865754
4216809672
4219699802
4220362055
4220513289
4221043347
4223913408
4225109461
4225688007
4228633422
4229465368
4233922710
4237822913
4238332519
4238794433
4241454322
4243146249
4243616403
4247996997
4253668692
4259965537
4261418965
4262167656
4263591712
4268113195
4271737017
4274643725
4276191432
4277886892
4282065395
4282069478
4282395144
4282778921
428298329
4285557081
4292223852
4293451113
4293702754
4294092985
430645368
431184010
434215008
436272894
438339268
438723873
441322249
441426256
442806135
443173084
446153075
450602351
453354174
45357785
455860781
457472042
460580294
461766632
465398821
466700371
466836064
467086952
474378843
477110690
478357976
480588080
481801323
482924950
483610202
484638725
485383303
48696113
490401992
49261050
495746369
496083153
496942192
497104019
49776859
498022711
498255674
498541789
499606798
499773350
499961535
500658353
500774378
503210317
504458236
505464080
507796750
508911806
510310349
510406619
514828317
51640023
51769284
517732397
519851272
520997762
523777614
52424818
525352278
526304227
527739957
528785649
529305250
529416391
529881938
530475542
531774667
532059604
532568437
53302316
53378929
536037247
53741226
539211873
539710622
542880659
543542772
54663246
547678909
548983043
550294743
552239216
552342844
553166608
555244599
555506176
556294931
559511551
55989251
566210439
569339247
569439933
571187351
576906740
577766558
577921974
580584128
582950665
586629951
586728384
587538133
587574290
588410402
589995048
59003967
590667693
590988925
591927976
592395242
596173361
600491184
602105555
606502198
607064234
610121889
611524149
61275080
613513
620877845
62155533
622405934
625999982
626529211
626728182
628464413
628769899
631251497
631693746
63357024
633648625
633896062
634081473
63546071
635763143
636130248
636652399
637624531
638729164
638779513
639732131
643035756
643311560
643953644
643987936
6475163
64975781
652123521
652621287
654091628
654805520
656652689
657838701
659498957
659709105
662720463
665070005
665746814
666235514
667992944
672245575
67329670
675579881
677987149
678768890
682072040
682432082
682604692
684002690
684582920
689206917
689658912
691375707
691539892
695051612
695814604
703430212
70702901
710450366
710536790
711191674
71308224
713626804
71603818
716286587
716597022
718119403
724101141
724867348
729488949
730024855
730287032
730539071
731235105
732692698
734065714
736106716
73743181
739475903
739769026
739782045
739938995
741527694
742020259
743675463
745873229
746914555
753387358
754720269
755701525
755719666
757287935
758737788
759759724
759895896
761138787
7623290
76298363
765183217
765402359
769206401
771604744
771860291
775832706
775871402
778502290
782866688
78417300
786923844
786943915
787214218
787663274
788603660
790274146
790421085
790422221
795804011
795907854
79869373
802686564
80390169
804194499
804412831
806222491
807533481
809633571
812986697
814535805
817960643
818877783
81927087
819970589
820318979
821457837
825087815
825336946
827724854
828060748
828376898
833623827
837187105
840255653
840772018
842318946
847265916
847882886
84814131
849298652
853364347
853806203
855804771
856251937
856654404
85667715
858651479
860832350
860974348
863051362
864064610
864980888
865513679
866653700
871622472
871778162
87434363
876389914
87641233
877081649
877444871
877687507
879061158
886514454
888798532
889049689
889416068
889675423
891474055
892509165
895414264
901192098
901270340
902706848
905347529
906567085
910590114
910619101
911890974
912796811
916476156
91806303
919242452
924373887
928513663
929753899
933258052
935745586
937226097
939643417
941763255
943890864
945499233
950681429
952947456
953505177
955705909
956694023
958351677
959129392
95928108
961411129
961534872
964476159
964516769
964620055
970040902
972019989
972175661
972674419
978714218
9805805
980788322
982220288
984030466
984036673
984940881
985027715
98678432
992723910
993245065
998805154
999468859
