1019930514
1201482307
1397689608
145322234
1662935505
1680027800
1785947557
1894975039
1929947351
1967386202
2051587522
2075325504
2076028393
2190309471
2414731977
2421092141
2499692757
2632517131
26541331
2732980132
2764562416
2825725825
2846482229
3015949637
3048741505
3176223241
3196581111
3204906785
322423102
3279405423
3291374900
3339380738
3348263149
3358241566
3393093500
339710973
3421251979
3555591969
3581517640
3598609086
3767960765
3796672751
386507680
3867273668
3943576132
4004696268
4069254077
4165062431
4183969501
638971188
651915104
772869972
825013370
8478058
888894748
904456755
994362624
