1035785572
1054392696
1057066265
1074858220
111856516
1139993083
1192800010
1399853406
1434321129
1540925364
1557843210
1574129641
174691702
1751189447
185286722
1877086838
1906609579
1933554616
1934559176
1956122776
199929686
2111189477
2235984050
2254487588
2271333429
2303016228
2360001893
240804667
2450650966
2559011503
2562763448
2564978933
2705823387
2744465863
275443167
2802011794
282877802
2836313980
2870433890
2950467775
2977033225
2996305155
3006626324
3132571702
3135009012
3164507196
3165244378
3167855621
3179993473
326144274
3295641544
3425081692
3503464816
3517865504
3524211722
352606557
3530948672
3613020981
3711306942
3752962714
3765201306
38012039
3869168123
3893609604
3995175549
4026200469
4043910370
4077604356
4104765282
4145007726
4193782012
4194068356
467467723
494248856
521025617
798835576
845538752
870851838
903520386
935262632
