1001907269
1018789034
1022821216
1024429995
1095760786
1096362602
1100654155
1104219277
1107550940
1113049420
1114438409
1128300859
1128338862
1146464688
1156157402
1187661082
120150413
1230021449
1231844467
1235782623
1241028904
1265994420
1274817713
1334950695
138648527
1398108287
1398487741
1409533777
1425611413
1438188072
144341550
144468605
144733827
1448934848
1472601590
149190683
1496799002
1496993020
1502344496
1503116393
1514060451
1531575370
1540229553
1558174736
1558866095
1564587171
1570348418
1571639101
1596048803
1601944006
1604393914
1607067733
1608894451
1617576690
1655629422
1658165101
1660087825
1664472536
1696952831
1707355999
1710118398
1724653603
1725831038
1749059751
1774450648
178078086
1781411073
178345237
1784602011
1788289517
1793343754
1798279161
1818750681
1819444588
1827845192
1827881099
1828978745
1834243112
1846760979
1846938838
1850956367
1852059525
1867890904
1883553052
1890056441
1895643627
1897952702
1906218743
1923097514
1936326017
1980574139
1995002997
2013190768
2016164156
2023207314
2027070420
2031435795
2032034807
2043784926
205063051
2055726894
2058533641
2059208104
2066862279
2075701817
2077733901
2084923534
2092558953
2097291943
2102697893
2117579437
2130851693
2140087478
2140529317
2157319852
2159656748
2167281082
2172155678
2180030156
2183266373
2188729914
2190980059
2199175065
2201303769
2203746755
2207082408
2210779783
2210884222
2216463109
2219706220
2240451251
2270001990
2272624972
2307757662
2343069344
235877309
2366813297
2368160698
2374192895
2385721346
239008225
239513541
2397604590
2404817825
2443027266
2457444365
2465848813
2477003522
2486124920
2492329070
2493311291
2495045044
2502749475
2503342574
2504188361
2527899596
2535303339
2544038573
2546169482
2548620629
2549869783
2574691233
2587014755
2593440969
2607194573
2611792605
2611843326
2615196971
2617304213
2625047667
2643181035
2647182077
2653343268
2669499017
2675040681
2693333707
2700310645
2721554577
2726033518
2728857703
2746464502
2750320628
2787934695
2804957867
280901603
2815732078
2843980108
2855312938
2861047731
2870738493
287393789
2900274131
2925534505
2930866978
2934103089
2940149789
2945775813
2948029739
294871011
296258026
2967503873
2980033857
299266823
2998030865
3009214466
301592707
3019238865
3029075264
3031355933
3031798121
3035404270
3044467856
3049992531
3050345290
3064785406
3068365968
3068869293
3071375188
3080348677
3125121555
3126049651
3145252580
3151788657
3152260280
3158038107
3176242732
318303285
3202319103
3226677997
3238747060
3259876459
3319700420
3320856031
3321995240
3338929718
3345008559
3375503516
3376655177
3395878946
3420430656
3442823140
3472254068
3476113421
348894796
3494475004
3510020230
3511930857
3516684998
3518361007
3518672741
3522208457
35338610
3535109373
3535232999
3551132675
3556034319
3558252937
3562816097
3590034668
3592075602
3602551752
3618721451
3619973503
3621244757
3661717345
3679033969
3695965171
3717871594
37267040
3742281166
3745474960
3745850703
3747434408
3752434164
3757453865
376452411
3766169364
3768468363
3775828736
3805352286
3806032960
382247994
3826056777
3826379169
3852680334
3853486923
3866989475
3876648630
388153796
3885819768
3889594684
3902000504
3912500684
3913557538
3918038767
3930943449
3939939334
3990233231
3995567422
3999878710
4004780072
404140491
4053522125
4057889936
4079590094
4081220271
40979193
412073597
4122340697
4130216911
414405855
4152826429
4165499618
4181746014
4183033220
419211518
4200990877
421499155
4233487256
4234784487
443580933
458575842
462357082
464873898
47083158
471774706
47647073
492835072
500129890
501306932
504983435
527151851
532104960
562850140
569260632
571195569
578358149
579806468
589520181
620547316
627266025
651980140
658946282
666977059
667153069
678833345
696305497
721152244
721968708
732858902
736411596
740769097
790513401
798543348
810232308
810238651
840482100
843691823
865930553
883343710
888494865
931494261
949467588
95763198
959721295
971819897
973374552
97621693
979808255
994356229
