1223681023
1296505795
138921841
1455653380
1478202857
1478633968
1510753832
1644240405
1717944237
1737415605
1803079497
185331961
1878962772
2012728184
2048695654
2139812543
2193548186
2246029297
2342338366
2388541548
2589005694
2602737978
2717551274
272401206
2750424616
288377531
293365481
2996503899
300702144
3200015853
3413030803
3432886022
34350530
3452667289
3627639568
3670406479
3694838660
3775275329
3999446232
4006062607
4164424918
436757212
447369974
539459830
564586491
709389862
709785955
789159767
817591362
968774547
997772883
