105163872573972
108600778628565
116587165125391
127246817960358
130340339603872
132199725802316
137157618488851
142018307684900
143586944843115
151051174953831
152116105499030
152196128412022
155405286394448
156400053158730
1573175349934
158676280347751
160746651710237
160773256362030
163563277481189
166715170516369
168681617193873
169787648558827
172248576027995
173596431902315
173845494022602
176130546090116
176753002098272
179821376588067
182533490977786
183604330838423
187185388820126
189175264655431
191929367975923
1949126235896
196547540558255
200474441362416
203769199104096
20757672493806
21149796206887
214315508567309
215070994435705
216088860418319
219553704049186
22252707297140
232351040519789
237464838533947
255152711997740
259899220703497
261048248515056
262205349359096
276452484647807
29699206188111
32519877750876
33949415413761
353474872493
42519859973884
45563455628067
58243464478986
77196947121204
78194324445482
84912679525445
88649176377304
95172174816899
96551951182880
97538133787101
98150316350872
