1145935631
1190480904
1245259302
1270249453
1288234773
1290304441
1367939341
1413824533
1475365706
1577668554
1662506120
1722186898
1894531300
2106999198
2117299308
2119845068
2439105538
2518734169
255371574
2640396303
2840176771
2868774934
2933205294
2974083159
2989826333
3044878435
3100331782
3104366179
3200277717
3347169925
3384621298
3425341450
3525675708
3553752872
3777883701
387294704
3926002741
3972016670
4136263166
4157146357
4205706822
552934084
620397557
716888259
784904738
833263929
917971062
