101622980019261
108703418689751
109512149591652
112160067154267
118089505629954
12823855308138
1306161911079
137989575468190
140428497627925
144528252851947
146736740842720
149484861305313
149586281672502
149638903590202
152196128412022
154983333185253
15992299107197
161877204598532
16394992390887
171937727185468
174521847389076
175090220345915
176342430351843
183190154994137
184482430160426
200474441362416
201204609738415
203769199104096
20966927592474
21149796206887
213260327605500
213812330109046
215220267078758
217389749451460
217539362283576
218940244866294
223897896259357
229473199414733
229758507490613
229830529662181
235025267848899
249399499594761
256028701399576
256808671109895
257146463243264
261344153383903
262002801934889
263532903583449
263828710797738
274221839083408
279144760916257
29565806991727
33949415413761
36475303811009
40388711453596
45302805676869
45753397877063
46593768630619
55778087911597
70285016366011
73955274460102
82212484200095
8452860849287
87154503147228
95155786978498
