108600778628565
108703418689751
11768359053708
126349076039891
127069784524846
128352393697706
137157618488851
144272575701473
146894703159950
149638903590202
152196128412022
154406063348990
156400053158730
158904067847008
160746651710237
160773256362030
163563277481189
168681617193873
169787648558827
172248576027995
173596431902315
17383409829056
173845494022602
176130546090116
176987444108571
179249879080425
179821376588067
183604330838423
191929367975923
196547540558255
200474441362416
20148131243463
203769199104096
21149796206887
214315508567309
215070994435705
215220267078758
216088860418319
217539362283576
219553704049186
22252707297140
223897896259357
224401050598924
232351040519789
234057510666399
237464838533947
249322928287692
253865779437253
255152711997740
260431321385492
262205349359096
266600902263925
276452484647807
277792927496611
31539296451678
33949415413761
353474872493
42039878305046
45563455628067
5224401370231
52567550835026
54577438786279
62044026675596
66427472538628
78434758399617
83291244289177
88620197352667
88649176377304
91971076013836
9403750386547
95172174816899
96551951182880
97538133787101
