1020135338
103470956
1041887566
1082443543
1138953560
1170183161
1246353156
1259884984
1299052315
1431867404
1514423186
1522452067
1602951928
1664935927
1683948147
1685403437
1700687697
1798213659
1839251054
1897348486
2110952284
2269377396
2300344829
2308157140
2350029653
2421272130
2426644640
2445089634
251950046
2591851220
2593024990
2628737319
2656589996
2755881988
2811896951
2831235449
2847901548
2856452408
2914993831
298530766
3043130748
3151434721
3154545163
3170399085
3243940424
3371650360
3433421684
3469635547
3487584895
3495357594
3566536349
3694218184
3755440184
3786627751
3807355738
3807676703
3892592925
396813658
4058119998
4069429971
4082423502
4108347192
4169275489
4196580491
4249560809
475513661
552318482
57430942
587222615
664095401
81087554
856271894
863554268
941835666
