1001536010
1029784337
104105652
1162874475
1224949495
1310728814
1353733596
1356313142
1369373884
1579553740
1731967106
186627583
1885617154
1901785182
1931084875
1962583552
2014288225
2016674426
2081088787
2151534988
2153691432
219482719
2206831809
2522451880
2540018928
2566818358
2591417340
2605119655
263037482
2653468692
2653618297
2695508922
2863470952
2892696001
2962279672
2976227285
3003896046
3010873126
3049610388
3210486085
3282326854
3310449775
3325999383
3485342478
3746322684
3780984751
3829751469
3975808987
4006092682
4081185496
4106269534
412276730
4290706175
51254415
541622460
668461565
780571901
782940383
905632547
