117338492024355
128452468495240
140839331369102
146078037371344
146369808559810
146915215408153
151209266863757
153837886887590
158904067847008
160773256362030
166858115220171
168386587758044
172697108890868
177657403236139
179066235954789
180080510499714
181975655761964
199913106430616
206906357954874
209228566613181
214653548705706
233651040300107
237045261108147
238226325293015
244411233377079
244781460093210
247307343226476
250611581102525
251109157850429
251113043152028
258513039973154
270309293595663
273280814150871
278235724623874
279144760916257
280600217247105
28383818015449
29783938120650
32367041512395
32621754767564
34628819142504
44977848556318
68398549449247
78034550226021
82550326408501
97528821911698
99247825139481
