101226634786852
103551587650793
107677829461537
111510024527365
119748277412668
124991878939839
147184200187182
150493109781907
158904067847008
17383409829056
174576919832038
175264531048347
187752320307203
188319358987525
188442986308616
190015507347290
191155539885817
192976944823947
194861482003569
233949115684514
234038114408367
236265813904644
236972100907142
244586085124190
245260224586465
26240984974082
278927067125719
33963865118962
38823689142910
39006743396101
41299840979151
49998081938871
54608262306620
60177055309216
62734091407220
81534362678211
96775841401067
98878882178316
