1054163815
1056399190
1076220554
1138957893
1206831566
1215510955
1390386886
1465446623
1479352617
1489827098
1500686082
1619516839
165105808
1695039273
1799347521
1807590861
1880605139
1891150942
196247730
2013046121
202933379
2103391642
2156955130
2321030363
2406442877
2408939501
2445079738
2526589249
2566651769
2636700987
2680728484
2749396776
2750940131
2758185780
2796256603
282827518
2915236090
2941323823
2987315568
2996616911
3005143261
3017187146
3042364763
3120263713
3127482671
317308328
3251510405
3251696111
3316985942
3360223765
3379699004
3388233135
3400257759
343123935
3516978097
3521925755
3543697733
3577963179
3631106349
3690940187
3747157479
3782579906
3817070887
3824666242
3835555502
3866364805
389821595
3924420878
3937686262
3997858750
4097064356
4144496585
4167587355
4176419828
4203566125
4238236537
461471589
465013329
515959871
528772726
552169358
593345339
62850650
63595116
656881415
657191480
675050976
725410313
785841979
975318087
