9556642469766136202
9556644004328696427
9556644611097424462
9556652670582158919
9556653637759709045
9556653988961495439
9556656499450134099
9556657630047348013
9556658211981006583
9556659278460736623
9556659456621630128
9556666778953289234
9556668648511877961
9556668759135804231
9556674902116922321
9556675416267410325
9556675906926099347
9556675923312313618
9556680795659306672
9556682847554962155
9556686422172709041
9556691298827316245
9556693411821493599
9556696320830920375
9556697422390009058
9556700407233983150
9556701245127293460
9556705352289237941
9556712103280413093
9556722147461017807
9556724082736243869
9556727533525843970
9556727571512377476
9556728540327158864
9556730152616784814
9556730954930374975
9556733257091584376
9556735406254499340
9556738486816343841
9556742919252510866
9556743072024886946
9556744968845537103
9556749773612750932
9556750317985636389
9556752248470118264
9556754148075866617
9556754159531610317
9556755870702454792
9556760461012394492
9556761040150291221
9556761525883350137
9556763444664736271
9556764434530822660
9556766136574335519
9556766631521310175
9556767214791477473
9556769779589276117
9556770874016148947
9556773161939406782
9556774543063311379
9556785719879859163
9556790699731709381
9556792531339504890
9556798741084741532
9556799189409319029
9556801067492452931
9556805157819201351
9556805900649956071
9556807242991693152
9556808411259659258
9556808793178982654
9556810809410408532
9556813448375452345
9556814556315743810
9556815612748480198
9556815658616610481
9556816053323340594
9556817019554523163
9556817506136305997
9556818013403098132
9556819819177119046
9556820178907349467
9556821995286602040
9556829393505255317
9556830623246705711
9556833695037873141
9556840247037353988
9556841719000038818
9556843297223192019
9556848494851545852
9556851696179776990
9556851921485616679
9556853216691942235
9556853290077714509
9556854781801521826
9556854892952944797
9556860017377035600
9556861310358428347
9556862390534686129
9556868049560888234
9556869560633251924
9556870069176023173
9556870980119701217
9556874821671540228
9556877012174267703
9556877410055763033
9556877705752257523
9556877800799850275
9556877930754875568
9556880206004487941
9556882101002000812
9556891767259912809
9556895274554108773
9556896566386943193
9556900724400255149
9556903234894836576
9556911913544617397
9556919034563516243
9556920487595223286
9556925750022447607
9556926552963559765
9556927335034810661
9556929463755111080
9556930027044457242
9556930308033933679
9556931224868388669
9556932249768804823
9556941395370217124
9556942193416202297
9556943337639715486
9556944058080344854
9556945376106743088
9556948830649651675
9556955393788692548
9556955942471496007
9556957954531052556
9556961714280087359
9556962302727039664
9556963200270622813
9556963702772526151
9556965740291739673
9556974024232156881
9556974992714958243
9556975398137698599
9556977385265197440
9556978867212296516
9556980961473289207
9556981484723804155
9556982938457209365
9556984182936397583
9556984749619588117
9556985871586364709
9556998061475457502
9557002047284488175
9557005659433847754
9557007490107921034
9557011914955706712
9557012693276381871
9557014151621559232
9557014681175228599
9557018263423190949
9557019137290569753
9557019721806558954
9557020115659615059
9557022400517490471
9557032398323098385
9557039562645159782
9557043366514245516
9557045354591487251
9557048614422934183
9557049330336976407
9557056730559778650
9557070541123232603
9557071942468860418
9557075091907191812
9557076308934996459
9557078767771661622
9557079766578361451
9557083483272636470
9557083533158520356
9557083564624689501
9557088216233885473
9557091085900760982
9557091333814708113
9557092597522272907
9557095299114506012
9557096343690872091
9557099849389646409
9557099864235933751
9557101368038936745
9557110612925141846
9557112085909946816
9557116995175639887
9557118128015420173
9557118506504621265
9557118827030204771
9557125557771416987
9557127027683087322
9557127055690701415
9557128805470988167
9557131291326647058
9557132553982075485
9557132836626569522
9557144477639009877
9557145493630935690
9557146932339137846
9557148153699215752
9557149615400464306
9557150852004603007
9557157745453389210
9557158503156701904
9557164091425600053
9557166644196288922
9557168950178245397
9557169318261545450
9557170394939503220
9557171112476043012
9557171496850897737
9557174457494737776
9557176347873502389
9557177767869313293
9557180791334056867
9557183097774226748
9557191593875595794
9557195074895233348
9557195143034011743
9557200386304955722
9557202436420043163
9557202818209302458
9557204605274945582
9557205084040118987
9557206191060193086
9557213098660009947
9557213829747134624
9557214917727186030
9557217020265103909
9557218278145667083
9557219734224624714
9557221036637845137
9557221657887208393
9557224696442957230
9557225720695534842
9557226007627305622
9557228164530394483
9557228696253845114
9557237271702534501
9557238692223165694
9557247031460305170
9557247707439996100
9557252634880597385
9557253410614918186
9557257290562398537
9557258411555845346
9557260380151089296
9557260907488930904
9557261763727876320
9557264056751793471
9557267054227031210
9557268250486597612
9557268565334507021
9557280762954596994
9557281103666750725
9557283450193387486
9557285175607294870
9557291388590445418
9557291540469236881
9557298364983592853
9557301135752351400
9557301806302430422
9557304474494558557
9557308154298043006
9557309458856458660
9557311758533916177
9557312098595507780
9557321227029230840
9557325791526800020
9557333018053960124
9557337287087522648
9557338369142852705
9557339905744165518
9557346741533754012
9557346973455627359
9557348261809378862
9557348440748075579
9557350276337752783
9557350464798046738
9557354871130530507
9557356167754756460
9557359622248242792
9557361644522627599
9557366017774527783
9557368296656507241
9557369195057519750
9557371522716135829
9557372185383630010
9557372501464141083
9557375411556309339
9557379204178423680
9557379378934905264
9557381117878275491
9557383271521779183
9557383677402441378
9557384786976562205
9557385926543125729
9557386581549774647
9557388394938145328
9557388661661418970
9557391003436283238
9557392140017956427
9557394012910502239
9557394746389858612
9557396017099278657
9557398382701263867
9557398655855662998
9557400915493901561
9557400959745193436
9557408340174851673
9557413812374023128
9557416480253840403
9557420474620512548
9557422050653079708
9557422134143616905
9557424947590828765
9557425037319053115
9557430955510350447
9557431189162145646
9557435806950700494
9557436319917039065
9557442926974765809
9557443804630236355
9557446300013004510
9557447393758757807
9557447752056106572
9557448175197409331
9557449019010005156
9557449253983848336
9557454122714659766
9557463043116140897
9557471914549314649
9557474457832368995
9557475769945738801
9557477441867740381
9557477487086446514
9557478805429977315
9557479080286276876
9557481351076959241
9557490940829799381
9557491369569903311
9557492001825412922
9557493380304121241
9557499854134002577
9557502554355329650
9557506248173539677
9557506975334505262
9557508549779810884
9557509201929435768
9557515609088903780
9557521194503637734
9557521582779962700
9557525980009687856
9557526928447199534
9557530707011991702
9557530768188427400
9557537484345381961
9557538705337850382
9557541261219982740
9557544030329351986
9557547328142362500
9557551839900546579
9557553507165887727
9557554950660799452
9557555363569120114
9557556960879491235
9557559710581605417
9557564314038581259
9557564916871132419
9557567245612300736
9557574735790218045
9557579869367955511
9557582177753594464
9557584493285269503
9557584754743866975
9557586893643068725
9557587765663668714
9557588511129365354
9557589021475810953
9557593077122522651
9557593540273561000
9557597945426864930
9557599402475850592
9557602065601379159
9557607631362971496
9557608600324265713
9557610092999547501
9557612385311916176
9557612506285629282
9557612507951411556
9557615709781318928
9557619796813461518
9557622598287206992
9557623364039522779
9557629106754776141
9557629273421878140
9557629976710589857
9557630816844966627
9557631562665985966
9557633281624859075
9557633877169815344
9557637514412171003
9557637930142732535
9557638977746850557
9557640270770394627
9557649790291148850
9557652585725740063
9557654811227371002
9557658149524701430
9557659691827472008
9557661514931369307
9557663509298216238
9557664598255461658
9557665225571513909
9557667354557134729
9557670090895610750
9557670204259987201
9557670382283330154
9557674992062620142
9557675466910936936
9557675857802339642
9557681489255334197
9557684551008870573
9557689093424566000
9557691045338449414
9557694829351128903
9557698501995575928
9557701048010273248
9557703429846678587
9557704003097399952
9557705649846838037
9557707782457027994
9557710904428295993
9557711602451863975
9557718734027782898
9557724395007589605
9557728389087160413
9557730320134018414
9557733737845788024
9557734198278617990
9557734667123442158
9557740100834604282
9557740496047526791
9557741262083788220
9557742074835953763
9557743215074292959
9557745434983291846
9557747332625685046
9557749766543540975
9557752304052861845
9557754942159444113
9557756151019459391
9557757296075328230
9557758497281527592
9557759247344154249
9557759389643054394
9557761162984175154
9557762161178355279
9557762313885846787
