3787594191844772092
3787608228115050290
3787608486488435676
3787734422218242329
3787752255173718047
3787766842951811039
3787772960929836386
3787882330144819858
3787887544512442815
3787903136469794941
3787912486165147123
3787924763208516632
3787980454680880069
3787985896928805433
3788001285162677064
3788032311341102516
3788056402172933943
3788065239461101353
3788203429709254354
3788239164862381524
3788283690544970433
3788332194769224211
3788343027691283408
3788410774316882564
3788440269238701815
3788491123247109764
3788500927391331838
3788545063081119207
3788572149734442134
3788591952639090034
3788625771771651593
3788638401831987330
