1542483547219588580
1542488164610284429
1542488363696051556
1542489956596628389
1542490953963802734
1542492328861477276
1542493516683316401
1542493873593274251
1542496008684890687
1542507798954640973
1542508068477539201
1542513063297592424
1542513909837083411
1542518137168105537
1542518557094767461
1542519823646701183
1542525369040224317
1542525384865015884
1542527388709016150
1542529252278445394
1542533206437230834
1542533756582739446
1542533782727231998
1542538436939447304
1542539783432013194
1542540492733186841
1542544590962507549
1542549512511859762
1542551784118904199
1542554343318713975
1542562674143814799
1542566914829733245
1542567195523921574
1542567207259593178
1542567480569213955
1542567777324980443
1542569712842535840
1542570659533566782
1542572535853869694
1542575590542099185
1542575719464559488
1542593515383281524
1542593530597855045
1542598102054579639
1542599113819355705
1542600216088137156
1542601824509183978
1542602144067710901
1542602165758715667
1542604578016235597
1542605534961649309
1542612844388385539
1542612934425214575
1542613810461699886
1542618783715858937
1542620257720901174
1542621809160101264
1542624926953154918
1542625369277201558
1542629024434241628
1542630888739518732
1542632922320167442
1542642450638821774
1542650345125105072
1542650358010929415
1542651198395977682
1542651974017865212
1542653171894597716
1542657495649604030
1542667588310376775
1542668921622911285
1542677320515215200
1542677791673738737
1542678736750140763
1542678811416481227
1542683697472691930
1542684088159401358
1542690677747881149
1542691838897098978
1542691944179785999
1542698367247334167
1542703523060413622
1542703769883563189
1542703968411887582
1542706815919361453
1542712370468143440
1542718108583366784
1542719540041319320
1542722786850325406
1542723837664273662
1542727884759434609
1542728321222245437
1542734352964727532
1542734452322150731
1542739547003109200
1542740050941154789
1542745941423292203
1542749002751073370
1542754122208982186
1542757014605730197
1542758998843368554
1542761035001448213
1542761182640753242
1542761398174953225
1542765479763358170
1542765770266889321
1542766475322312247
1542775746497483297
1542777384291931442
1542777443597978570
1542777646510822725
1542781616439161008
1542783391999252235
1542795717634341222
1542798261578158551
1542800704590380813
1542801688098554142
1542804553914270374
1542807662233627766
1542814315164443957
1542814952001864953
1542817581714085220
1542817779732302329
1542820670368906372
1542824332058008137
1542826290566173350
1542826843630622863
1542831174150043704
1542831239586665023
1542841869158658997
1542846406216010168
1542847779296905185
1542848630717547585
1542850056605534314
1542852200314012903
1542853041815163892
1542854662448163631
1542859739578571822
1542860176973652612
1542868067044730762
1542870275863118862
1542872283255536771
1542872611512097040
1542872676111941759
1542872886127682144
1542876236154686209
1542877029685961024
1542881350915564624
1542885052228956228
1542885300515303069
1542886647097999146
1542892034905217953
1542897804421173033
1542905533465393353
1542911488304599354
1542917814978299431
1542919860584747760
1542920890543673401
1542923068896074727
1542923113109968087
1542923584104382529
1542924921838577528
1542927047263534992
1542927178096687635
1542935335365535846
1542940931107605096
1542942643689938386
1542944579953736839
1542955211479486658
1542962176393196558
1542970368122764040
1542970499871432800
1542971835003340357
1542972671808761498
1542973502647332186
1542975901842504924
1542978520935943802
1542979857502471347
1542991716925107667
1542995335087699841
1543001443355577923
1543002460536838167
1543003250629012881
1543005460008593484
1543008416479959955
1543012301064330604
1543018969519681760
1543025534368987696
1543029602122490567
1543029989761923277
1543030155133842484
1543032754867203783
1543034929111158828
1543037702798757958
1543039353131524622
1543041227146012135
1543045682497023691
1543053111480885822
1543054493560550995
1543056400411891001
1543060379073834423
1543060610996720093
1543060905093658512
1543066733349994002
1543067062546517194
1543068618457447674
1543071730694165835
1543076517711418608
1543077134735044182
1543078783478674076
1543081219593641206
1543090547378270037
1543092369955362337
1543093903712094455
1543096447572129582
1543096627365778877
1543100362558543326
1543100511547899922
1543100610030091780
1543102717351173544
1543105352513433954
1543108164893197217
1543111022856762675
1543111992548947180
1543123778609701626
1543133619904904608
1543138434033030809
1543152502780205073
1543158886925137855
1543160552738244754
1543163070580543919
1543166505244426471
1543170839699536125
1543176132300728593
1543182251021319431
1543185080060213454
1543185605966369757
1543187034572171876
1543191222616921259
1543192923844817616
1543198967250456869
1543202767718293170
1543202934453828299
1543208671151492071
1543211171577005205
1543214662983173977
1543217462411968856
1543219826678188107
1543225269562662612
1543228156067159317
1543229140489652313
1543233352862233918
1543235904786326177
1543236761819257946
1543239005973921908
1543241932141079497
1543242282622268867
1543244959874002723
1543245174056100738
1543247550556562214
1543250054090519282
1543254214902359936
1543258856036612768
1543258886240951607
1543263902740195906
1543268680977699685
1543270386184812970
1543273939320300152
1543274248556490362
1543278638346841175
1543281762681361939
1543282472303513733
1543283085068868386
1543286772438429439
1543287943544655756
1543291422374557520
1543294459168640874
1543296984343097544
1543304152885797850
1543304525424221445
1543306551748098001
1543306861332142466
1543316220931460473
1543321876965950665
1543322280352720817
1543322522333554000
1543325877781060711
1543331155110889642
1543333687335417460
1543343596080558586
1543349754610956424
1543350894432046435
1543353831608175011
1543364690891140498
1543371405968057677
1543377924142734941
1543381360768606471
1543381931358633818
1543385004162800324
1543390089344233295
1543391255427755421
1543399708184239583
1543400348036137462
1543404579960003033
1543415671599698762
1543419182888417688
1543423284340928747
1543428287228517422
1543428407646331731
1543433266921477241
1543433336073950336
1543447448704504223
1543449666650413788
1543450683686974023
1543453198338294306
1543453779567645745
1543454174525076731
1543454266991795334
1543457369570107720
1543458692896299080
1543472942389270570
1543475212135125840
1543481970130078838
1543485847470969767
1543485937055349675
1543486130529563371
1543491202158663238
1543494445909983759
1543497875340374173
1543505636051665154
1543506764220067818
1543510508900529428
1543514774400761123
1543517156375646850
1543526095805266926
1543536570582850011
1543537888728194983
1543538800710996458
1543540563762636397
1543541401922090209
1543547819525021679
1543553789787119980
1543562623184934251
1543564622685825553
1543567656295102140
1543570079035339599
1543570280569924519
1543570356330245229
1543580662069839185
1543582978936927296
1543583571859615539
1543584784358756514
1543587763687439301
1543588025421447692
1543591154749440984
1543591689698111519
1543592437462599139
1543592776950736307
1543601560397717138
1543603060949824731
1543605449963655169
1543605576010639522
1543606776730106537
1543606874275369444
1543607055866183515
1543607173900111547
