1542487996306228405
1542495544416644987
1542500883266528934
1542514702976919467
1542515287113030564
1542516779255159272
1542530324655198629
1542541763260610446
1542542481948737439
1542548610283959062
1542559276015778825
1542559986137104557
1542561879058052868
1542562607668303154
1542566126671770352
1542566705167261429
1542569099044481308
1542575386914171331
1542593855532206176
1542601340186430706
1542602326357013567
1542602360929210329
1542605049274134978
1542605741058204359
1542625246705520565
1542633632568494495
1542634828646540636
1542635489250203875
1542639860446775062
1542645197013656894
1542646934725578906
1542661242993484372
1542665198959644633
1542671311513476845
1542688832652137738
1542690987053272264
1542692603210934030
1542700977578300293
1542714815923887928
1542715080885445893
1542723597214782416
1542740391825301955
1542749028966361283
1542751289043582936
1542756299962332436
1542774270674016773
1542774411304358441
1542775982474528003
1542784043213941756
1542785113250881002
1542800262106257062
1542804460777032502
1542805646608167037
1542809316646185140
1542811781900269450
1542813242093352386
1542813528712329857
1542815214109117362
1542837469222713480
1542859856409675750
1542871219609553011
1542876573674573637
1542886049299927781
1542895448345893595
1542916458046734156
1542928406256068927
1542940378302139754
1542941945293069941
1542949209001323923
1542962845765395869
1542971434086019781
1543001363915164206
1543002489303266271
1543012578642213907
1543017424389759049
1543022638271146316
1543029380408675392
1543040031756706645
1543048429433312575
1543055389802566483
1543059340750116413
1543068240278850229
1543072013266278432
1543073046192356510
1543076478074582864
1543076862040567810
1543077007104556835
1543096107979703600
1543100880987284977
1543103672960106146
1543108346680479184
1543111230353440183
1543125332313359541
1543125857401266903
1543127688390817505
1543132525687409887
1543133788125218625
1543143168624406154
1543144944325031511
1543145329301344073
1543146458162229445
1543147547847804688
1543168079920866437
1543177198492214251
1543199941713427340
1543205011534555395
1543210634768819067
1543212935044495353
1543219956165773377
1543221465490315620
1543225022317184861
1543225760876822158
1543229824402684064
1543232419567100147
1543237109870800106
1543241972865242880
1543244881649146224
1543249953170180223
1543261145364696644
1543274148965546380
1543282989803486320
1543287580736661363
1543287652543468735
1543288136060681123
1543308706729822874
1543309431031107128
1543312496557733446
1543325546909328757
1543344520860392379
1543350313822854854
1543357066241159660
1543363551311514528
1543377281199469712
1543383405124517767
1543383635790013497
1543385096580332809
1543391133843672161
1543393581990851822
1543397310754231493
1543398250511752196
1543400912555546928
1543404811965659647
1543409815727872754
1543412022884864431
1543424968412621996
1543436669300185485
1543450731132546734
1543454481116475709
1543455281443029428
1543460740466369709
1543481415544725336
1543482333802352602
1543483561027428562
1543487133103197187
1543523078672861853
1543528722604158013
1543546606083383897
1543554659449434595
1543593230029007016
1543594145056591589
1543603751476634441
