102980705489780
116967254640338
117123549375331
139691670679721
141059095623106
145558520097647
148300232186019
149463034143830
15660728209996
158695145906443
161370542960035
168340663343889
172577124087781
173000310144383
185766774930972
188903810207789
191222827566100
196146111824950
196800087258727
198583059039036
210054881892999
212867027220831
226537931495001
248676323253817
253636205088177
260610944512619
263577774406529
264933543810647
268581886459962
268779080899750
272313524922766
27951261050343
35114112602712
40956508003033
6284919522236
84029808611720
91926021987862
95459914862583
99105293615167
