103551587650793
107512081957553
108448625764041
111905872992769
115231201648554
121326342301065
124568885630105
132566938580496
137478209137738
148020772166544
148395435766319
14945595999206
152868950939066
153101333891977
154237388590567
157145244283313
162648078035514
167555660800715
171977566475928
172957225422598
178260271529836
181000854983085
188740111582887
190267016053735
191614708518213
192611956767667
202175364727565
202305421012640
202912043517385
206058288118795
209382855670654
219278645256855
219502146755746
224449706740611
224691022910923
232945424004605
239755954185638
245144228319630
245536767246282
247557032616341
251966059569080
253640324261567
256766164938386
262907554739184
266578320227663
266883216789565
270075915579351
274882342126394
275451538695236
275669788107948
275928044758562
30102330766777
31372968202861
35950731526549
40738715643466
5031279698564
50781934601487
5332580518053
54208301299568
57924997806114
58923159812858
59336363793920
60128813599605
60731147605627
65632825518796
7950995098600
80602360639966
82287540942582
84042947148400
86888034065608
88477976803587
88722673587391
91487385803769
96195092038804
97929892712040
98747852249251
