0
1
10341
110428639
112919726
1138295263
1145241959
118489147
1194918067
1210515695
121438687
1220280799
1225392607
1236533487
1243021551
1243415007
124649951
1247609011
1248985267
1250164975
125632751
1257373815
1259405491
1259995375
1261437407
1263403487
1272381679
1272709359
1273364719
1303707887
131596767
1377763567
1389691059
1399063007
155910623
157221043
157221343
158859623
162463983
165216735
16777217
1725563359
173081055
173605583
174916063
175571003
175571423
180355611
187302367
187629807
188547551
191562207
192545487
1980367567
1986783280
2009137391
2014502296
2070096055
2109735391
2173764063
217514463
2216886511
2262630879
229048559
2300706995
2314469615
2317418975
2324496623
235405551
2407305770
2503868895
2553931472
2570781571
265618367
2696507238
2733768943
2749563059
2812936671
2822964159
2908226015
2908226435
2908226734
3024696329
3115974835
3177186239
3198300961
3205930904
3209757151
3275490478
3317367263
3323068655
3323789791
3325362895
3335651567
3348365791
3353018847
3358327023
3364094431
3364946159
3366651054
3367960815
3372417623
3374186735
3380347359
3385459167
3390701807
3392536935
3394110159
3402170847
3402432751
3402629359
3407020271
3407085807
3410429102
3414884531
3421766111
3436314803
3483828703
3507486959
3514630623
3514631103
3535995119
3556901942
3588751839
3668443495
3668443615
3702063343
379781359
3800039723
3827761631
3985336386
40108271
4014211131
4021748910
4022600159
4031905851
4038263982
4041278458
4063951
4113090604
4162388447
4236509663
4241032127
4277535199
433127903
479
496717012
52887611
569311831
665243854
745472059
75891167
769
842334687
844380222
861798879
911690047
918291630
981991903
