103551587650793
105163872573972
110025133271510
134827525203839
142018307684900
142207903262960
145573309417572
158676280347751
160773256362030
164824553053213
2038103430556
209421710570676
217892387444771
218042834301320
223416314886298
223464008299844
250822713269599
260493076246366
261817923860877
271490393507670
272315117862719
279036687192073
29699206188111
37249540091311
44405928261997
67420359323791
72900796834428
82336895685559
83659073867936
87764481354112
92207731237428
96995434250428
