10960206022387
128452468495240
140839331369102
146078037371344
146369808559810
146915215408153
151209266863757
153837886887590
158904067847008
160773256362030
168386587758044
177657403236139
179066235954789
180080510499714
181975655761964
185228433971935
199913106430616
204382305466942
20586001405023
209228566613181
209908654535858
233651040300107
237045261108147
244781460093210
247307343226476
250611581102525
251109157850429
251113043152028
27133225752143
273280814150871
278235724623874
279144760916257
280600217247105
34628819142504
44977848556318
52458724667838
7020025969844
82550326408501
97528821911698
99247825139481
