103523575051599
11286450407408
127545796069031
128180423081371
129989741547433
151501218083192
159740535354576
163007333241172
166492238214957
173966202087990
184058487310754
187430836265891
200841972324437
202984783762329
204542057584806
20572212921461
209060643783620
213660278395059
214056517642600
229431517886451
23395230886529
235138262773156
238366989671414
244801736248884
260110721697137
266967446411446
275857568700872
36384347656695
44686303852834
46081174430226
59730086311371
64565483135982
72401615652145
79029843172379
8646583744232
88358816345314
