102318628764124
104002504333539
115609150772910
130954434781854
134912176966589
140088367248385
146803493288186
147769148996473
149681455106057
151558374481099
163038163690074
16568599126398
167746042312155
173391807209954
192388982967634
195534250233339
206530957782065
221244224714490
227225947121715
232857840136290
235614114185139
247021849080054
247768892248031
267198777826969
268631681968519
28009836820962
32373432375737
39908049681292
39941327692146
58396323865977
59780383642987
60137427714601
6819103300022
88992966401559
96394284408006
