103428596666681
104002504333539
105163872573972
106499293927676
115609150772910
130954434781854
134912176966589
142018307684900
142207903262960
145573309417572
146803493288186
149681455106057
152196128412022
158676280347751
160773256362030
163038163690074
163563277481189
167746042312155
168681617193873
172248576027995
173391807209954
184346997727590
184519942457373
192388982967634
200474441362416
203769199104096
2038103430556
206518351243354
20830822353672
209421710570676
210869355021568
217892387444771
218042834301320
223416314886298
223464008299844
224917844160692
227225947121715
231529853258337
232351040519789
232857840136290
247021849080054
255460823395165
259931307949474
260493076246366
271490393507670
272315117862719
279036687192073
29699206188111
33949415413761
353474872493
39941327692146
43839266628265
44405928261997
45563455628067
50257310125030
59780383642987
60137427714601
67420359323791
6819103300022
69548946767624
73318404549398
82336895685559
87764481354112
92207731237428
94814631282145
95032312849652
96995434250428
