1005282900
1035371780
1048640316
1049940547
107153272
1161730474
1199755708
1230339092
1281400805
1340495983
139398936
1436397579
146285221
1506135317
1663588018
1679336733
1682871294
1688802644
1746636533
1772924574
1787584644
1897247544
191873311
1967496062
2019245812
2066307495
2070796526
2087101566
2091076784
2157712363
2182473301
21926239
2198440768
2198693368
2210725348
221919662
2269770766
2336366083
23659013
2461025819
2474995901
2519181409
255377985
2664610732
274666067
2747644471
2830438142
2863823203
2867337745
2878179995
2934288814
2965260222
2973890996
2990530886
299107521
309250594
3133150708
3138267735
3189415004
3245753281
3280171044
3291627421
3393218603
3411699421
3448045785
3458625052
3480918950
3494631675
3522359534
3586122562
3589271085
3592352547
369074858
3704633144
3855229517
4091305798
4126607059
4245194636
4255234270
4273737415
4288110963
453837202
500353746
559487022
586186934
615399488
671045023
715999551
754906301
76897763
781179179
816605421
842179106
857845628
895518838
