1022849710
1111919351
1190308843
1276015685
128461093
1509266162
1572823920
1611232130
1630010991
1668175396
1692699692
1781895832
1842255976
1856570690
186544813
1898082349
1940187133
1942116367
1946653339
1968547151
20848571
2113508601
2114345892
2171706262
2250605330
2421384050
2456079268
2567536365
2646414412
2711064893
2903121778
2961613566
2987518528
3102578225
3361576377
3368700784
3377815130
3414818798
3455440130
3513563502
3527454010
3615587961
3616194142
3669981939
3695858567
370802987
3719681093
3809288716
38755744
3913117214
3956544156
3974491439
4021736297
4062231587
4108614032
410989755
4163998039
4204225471
4272430426
4280871120
529042086
609664582
722420587
766825341
829352564
