1170481381
1196365424
1203350366
1228762591
1270942690
1277787956
133457081
1414640586
1434336140
1498002610
1516183339
1529003495
1539667566
1589202003
1673331888
181520042
1865205951
1929619061
1939591129
1949529461
1958793103
1988526655
2012414379
2053918979
2242610558
2320004525
233190997
23655304
2390701155
2448202234
2492805669
2494624065
2495043825
2685815942
270530011
271819750
2736885836
2737084911
2782228390
2787969567
2840420365
2875132624
2900729230
2959578268
2966735631
3030304224
3042840121
3043115346
3078245664
3092712947
3154263473
3199269818
3241252109
3485448249
356832795
3622393781
3647823660
3733600971
3737195092
3757561142
377007557
3806067287
3889388531
3938192375
4049042656
4059708867
4206293801
4212348564
4221583583
4235612867
4287944315
451779092
479289423
637006296
827382610
