103079126444667
104841118689148
112467667808908
124952302243490
147184200187182
150493109781907
152274896847440
158904067847008
162547752078903
164822214893795
165085480331714
168992652097891
17383409829056
187187104890087
188442986308616
194861482003569
200078220452600
203970422136529
206939843120977
218767152160556
232376593167348
234194908868650
238356811687478
245260224586465
251628604455022
261484994767505
263151599486292
275965212648303
30821359865370
31742741119242
33963865118962
36641801231162
37434025456953
41552974892762
55343829581587
56141116887377
62901464192477
65205268584755
81385955679805
82952939694905
94587682762452
