1177966543
1224465771
1252045534
1294023328
1299921672
1353176234
1428487312
1526634916
1592091771
1617035098
1643134174
1698799079
177170515
1774464310
1820386394
1833137339
20091583
2099672896
2135771739
2161396143
219273409
228322963
2363747267
2380851667
2419237719
2435155404
2460233585
2499044598
2552285110
2574628179
2601293574
2659229649
2794962611
2817266446
2890018039
296856552
3080245426
3127415587
3178448776
3284607707
3429755228
3454601926
3729317695
3730407039
3909637373
3936938809
3938088415
3950234711
400447366
4009795038
4090192459
4203432500
44051573
449933431
502539900
618745246
625852292
752635370
880526929
