1016303202
1038014968
1048762567
1050033057
1099200619
1100316173
110957560
1113056826
1131352789
1134045439
1150654896
1151397584
1158053843
1188843835
1192033066
1196335131
1220534452
1223678628
1226057103
1228803394
1239054253
124797235
1257138797
1262299725
1268477089
1269777662
1272991334
1291010525
1298322770
1301343328
1324340959
1331448244
1352802336
1369801517
1373888574
1414123040
141468752
1434196680
1448807091
1451949548
1477706103
1481663841
149936627
1500063639
1506488219
1529253628
1583753496
1584430230
1596639865
1596879041
1609083594
1615976080
1616076361
1622281011
162294081
1638237961
165259610
1656180182
1682398227
1685631525
1688957355
173536171
1759719466
1768126524
1784062968
178816136
1793669556
1795060005
1798624550
1841287985
1858775302
1859449392
1862716976
1868496014
1870661735
1905690034
1929676621
1930561380
1933643344
195994751
1964345066
1974210619
1976261939
2007565672
2080110324
2102767000
2113536825
214386038
2146883224
2147450478
2157613200
2238805056
2240853348
2241269896
2262409356
2268721624
2288813833
2301073652
2312487939
2328499557
2342694815
2355977394
2378760207
2400652555
2414764302
2416797438
2452877497
2467770872
2469569386
2482470854
2502013469
2502281166
2523947090
2524106276
2532044946
2553506651
2554878035
2561347079
2564489756
2591483898
2591848918
2592976849
2599353777
2607676311
26092671
2613888604
2616201682
2621506589
2623784723
2626468580
2628348469
2630626144
2640549068
2656174140
2668629869
2673928108
268542051
2692801559
2695263403
2704503894
2705126074
2718772438
2726999986
2751130508
2764519812
2765912359
2775783772
2801619593
2810535610
2815197043
2816297564
2816310623
2826136689
282648442
2838232143
2857741077
2867692381
290427908
2909659386
294194526
2955015924
2961691405
2963489729
2970233297
2998263486
3037011976
3042568315
3044615078
3047668931
3121099188
3137809765
3149063276
3177180168
3180226241
3184520580
3247256650
3256125636
3258031504
3259099602
3277593246
3292268620
3345053945
3350059341
3359318269
3375838006
3414328818
3419672217
3425630014
3440242421
3441246081
3480026206
349594652
351550954
3537442913
3543642231
3562800064
3571364437
3592880372
3596288742
3598357313
3610701238
3624729484
3634462899
3646227897
3681412080
3683376687
3702595611
373505853
3739537256
3753664695
3759644933
379174069
3798837273
3799065959
3829415660
3840729597
384734005
3849439348
385301382
3875806614
3912254472
3922671474
3958671167
3958695540
396443194
3974130273
4019504439
4025419035
4028108250
4067203863
407290503
4094649249
4098040440
4105570313
4110416842
4112874014
411556271
4162522419
4164782354
416646708
4170015402
4184259252
4193170976
4202553212
421234353
4214252702
4226055972
4243761772
4258588996
4279769035
4287709358
443017245
45315354
472406983
491511670
52010370
521709826
575280415
580944409
606179398
654619570
658139329
680485441
681419497
711078313
711210090
711242742
713042377
725303439
728099237
737388888
745683299
780017220
78745360
796749473
813322519
819047501
821214201
834044360
835024202
844407744
865175977
922230861
932217786
940861946
963729845
969195701
969489823
997603581
