1077724163
1154215642
1183330044
1358671525
1397868533
1404226694
1417027284
1468331912
1814311596
1864742157
1912651408
204759601
2063123294
2350144943
2364626066
2382837891
2393878537
2411258490
2498692991
2505211733
278949571
2881705722
2930572336
2954071288
3006643704
3020610462
3068851863
3115485081
3136190917
314281498
322053359
3395926521
3447455032
3451840847
3563826069
3578175989
3634273794
3641006545
3703877056
3788348067
380448286
3990901301
4015687452
4020779369
4021912274
4027289549
4048229880
4048641001
4082959066
4084993916
4093627472
4122194138
4130091772
4176651354
580414779
682541788
68615758
76544962
817385500
85547863
