1044870298
107127604
118666997
1382182351
1404495474
152110188
1541392453
1611678650
1619724288
1684267430
1790273892
1817752466
200191956
20228699
2033264409
2106672944
2183692709
2206952368
2303979668
231765763
2367728134
2402556971
2439510390
2456503575
2516535134
2537863617
2567340573
2596757855
2604772058
2646430584
2711923699
271285933
2738947795
2814945899
2838983482
2910091629
2928591180
2985564081
3010746559
3091523536
3105628341
3189218151
3223803684
3420683599
3422572174
3464685375
3488511264
3611403777
3658856298
3781262581
3811752305
3872695045
3911899274
3958888595
4006805048
4018157364
4089048294
4194000706
599865610
771872267
825158449
906424158
