1003689773
1084381720
1156442075
1251831400
1362333266
1369071517
1447471987
1449165773
1471326298
1493624398
1509041322
1535224015
1596209381
1662922808
168723025
1732626305
1765614178
1766127115
1772461516
1824043732
1868702469
1886214923
1939936827
200848298
2020610417
203074773
2057494090
2064382096
2110701921
2121619172
2123659770
2168378665
2251709486
22696697
2315087307
2337430587
2371117261
2588288676
2736947642
2753254174
2843209501
2847253955
2857234462
3019308586
3038388523
3047559397
3098386339
3366403132
3411558853
3485252846
3563113474
3598133160
3729261576
3746670830
3788119029
3806836058
3830009676
39020875
3939894030
3959345707
3998119653
408950579
413255492
4243655206
4257430956
461016992
485275457
525868929
536789310
545024236
588732851
696721737
712622182
778780917
810890895
816320056
818888401
833954967
84536167
978901007
