0
1
1033830879
1067319775
1073677366
1138450513
1138451688
1138462110
1138462578
1285489119
1360726365
1390413274
1610613934
1610614114
1712784858
2014502296
2219311583
2256077279
2277088634
2451833311
257
2607613822
2756446557
2863268559
2866938755
3095069331
3150840287
3205930904
3300802190
3300804497
3300812519
3300818670
3305052206
3305060421
3305064585
3305068488
3316058341
365560287
3937076398
3937076698
3937076758
3994878731
4265148895
496717012
498246158
536806275
538706519
564593239
564593359
564593539
630653707
641271078
674694618
716703194
769
815400230
815400410
855704031
947520207
