1142925658
1171311142
1234828153
1253455958
1265274940
12862840
1303915828
1361608086
154981916
1687973847
1701511770
1755035956
1807110727
1825999665
18291284
1869015836
1970762421
2144216762
2170283645
2224019018
2440854032
2505592608
2633346717
2636910598
2647082733
2944003713
3029455903
3153683841
3161212036
3259802307
3289630709
3348127067
3418187560
342489384
3488434972
358517695
3597182866
3645956613
3720385181
3807496131
3879943392
399269921
402647302
412357110
502799789
615876507
682789518
87573874
