1016318569
1050631636
1093532152
1100788291
11024852
1109226356
1113194052
1161990871
1167918636
124658700
1264030827
1275692612
1276702894
1277930555
1319797773
1322141418
135508518
1484781242
149388883
1507300385
1508681552
1526062914
1531398429
1532267547
1552285521
1561507441
1598566625
1625485472
1741352390
1751137634
1758474030
1778518024
1810323438
1832111741
184056334
1859903977
1871211080
194012676
1951116929
2009782284
2010542540
2014784625
2048046555
2063261235
212839370
2200707289
2228403002
2284201271
2301677662
2342418852
242269748
2448668304
2452704133
2453030860
2478028500
2540385930
2559033834
2564035877
2571505859
2614374902
2614464393
2617199160
2659512919
270071400
2835181386
2840828145
2855428692
2878054510
2898891221
2902690534
2916193129
2921880676
2983963165
2994000852
3023995908
3040815834
3111912420
3126239473
3138034556
3146713630
3166813317
3224789347
3233527572
3250745060
3269623648
3281402682
3330521048
3353676345
339406980
340415077
3414655074
3432316912
3467040562
3502270887
3510351819
3533445715
353471027
3611121916
3615261092
3650529185
3665377423
366682339
3805086518
3830598312
3901023758
3937648141
396233179
3971485253
404002934
4079158170
4093207255
4124092468
4183155854
4207128351
4211523859
4259647604
4281858433
467594107
627352675
629936496
649180479
663563227
752385212
793223672
81629340
841134828
852266348
909010380
920880558
957316504
975898121
992608818
