1006354859
1007184157
1008683797
1012300211
1015732484
1020490974
1022037142
1024323010
1029829630
1032546655
1033473993
1035733165
1039656925
1039868931
1040225706
1044248180
1045465742
1050367628
1052204132
1058500714
1060706126
106582787
1073193627
1077361758
1077408664
108130628
1085471061
1086177875
108679626
1086979233
1091710694
1094231884
1094951493
1096094312
1101327290
1106235068
1107622606
1111665377
1111717769
1116374127
1118751296
1122224247
1122549420
1125264135
1126118180
1127248617
113233442
1132868024
1148451535
1149697699
1155698180
1161693946
1164573109
1165474241
1166334603
1168411059
1171195960
117125516
117365854
1174174454
1182218415
1182851028
1183079680
1190308500
1203452600
1207556081
1209454599
1209766955
1210728499
1219096309
1221637444
122203791
1225860870
123015021
1231199836
1232589004
1233983363
1237461034
1247306291
1248906778
1256693226
1262300036
12634243
126680906
1275663512
1281480670
1281503424
1284558046
1284738780
1286788352
1294810158
1297295841
1300451516
1301159537
1301508621
1302572134
1303583207
1308580242
1309558300
1309860017
13163505
1318578137
1320765081
1327593659
1330941731
1333663894
1337625429
1339336332
1341243367
1342459635
1347016656
1349445335
1349594374
1350412566
135365303
1356290441
1356434844
136116787
136464539
1365960079
1371152950
1381561327
1381920122
1386646553
1387059298
1391109823
1395701671
1397536387
140291419
1403972519
1405252683
1405604998
1418953402
1420009486
1420304424
1420740348
1421204920
142544134
1428228178
1428724343
1434322517
1436085575
1436456157
1439824511
1441003890
1452906069
1458153508
1461254104
1464802341
1474648959
147626172
1479722861
1482888434
1483209316
1485531460
1509067817
1509378664
1520578519
1522688297
1523150707
1525723839
152959202
1533493669
1544543753
154593515
1555080557
1556490890
1557798765
1560665749
1562506883
1563810917
1564027375
1564363969
1565655332
1567645083
1567893183
1569359524
1573234072
1577476977
1583466376
1588543259
1588964744
1589563544
159007538
1591473718
1591850119
1592485945
1593966332
1607284351
16094433
161095139
1613931658
1622262734
1625702985
1630332152
1634715486
1638580030
1645345679
1647532618
1647859069
16486544
1650748942
1651147361
1651680240
1656433014
1663927052
1664660725
1664972308
166645366
1678407073
1681601853
1682182712
1683541463
1686232254
1687060985
1690056071
1694772362
169795732
1699000895
1699958636
1705692049
170598093
1707479885
1707928966
1709758542
1713899083
1716551727
1717061631
172651211
1729433000
1729914402
1736058176
1737104698
1737388816
1741096132
174489348
1746617888
1753371633
1758212233
1758677158
1760359285
1760719817
1765226751
1766934028
1767319433
1767987531
1768615523
1772022540
1775084207
1776178476
177650759
1778221436
1780436090
1782325330
1784205644
1785070368
1787343032
1794131266
1797435044
1797636073
1802945650
1806450575
1812281085
1812846019
1817385956
1818234695
1824078189
1825818996
1833272816
1838347787
183995663
1840904925
1845572731
1846542657
1859539986
1865496119
1866810690
1871832932
1872729733
188263481
1887488351
1887529809
189344730
1896323915
1898571194
1898670720
1904018366
1904504998
1904962043
1908935458
1910310220
191088597
1911632710
1914118080
1918997860
1920888125
1932160327
193295205
193810648
1943555624
1952173002
1952468958
1952997868
1956543119
1956752100
1961795638
1961937076
1962919120
1963478861
1963891515
1974691065
1975133020
1978096227
1978538695
1987242152
1987602852
1987855349
1989059154
1992138066
1992417136
1992551364
1992660411
1993380907
1996426576
1997623135
2002172211
2002786771
2004285496
201609353
2016327249
2019286865
2022468837
2025122052
2026305114
2032571884
2037547131
2041914078
2042923645
2044848977
2046271904
2051275117
2052424662
2053224003
205790719
2061769425
2069613346
2072299613
2075192674
2079847906
2081942458
2083046020
2088320878
2088995898
2089801108
20927468
2093983943
209476221
2102672360
2110091032
211178905
2112016971
2112737976
2113257188
2122503523
2124327216
2126317853
2139015551
2142462763
2145331465
2145400756
2150183978
2153959111
2159058783
216307791
2166912044
2169167230
2175258739
2176957938
2180924705
2180958721
2187517883
2200702891
2208316204
2211816727
2213927882
221773310
2230468549
2232088797
223510260
2236826760
2238110030
2239295824
2243875450
2256364405
2267812443
2272574999
2276168335
2279120099
2287625488
2288182743
2290688340
229398297
2295005845
2300657081
2301678667
2301800864
2306893115
2307108488
2310224134
2311067669
2313387858
2318622048
2322314556
2324617898
2326274017
232833049
2328941636
2340447680
2341631800
2353500574
2356507382
236032827
2361258606
2362490114
2364896743
2365080035
2380562010
238200039
2387194828
238929712
2397197094
2398987488
2400770753
2400781550
2400821749
2407629466
2407787253
2410538429
2416489439
2417503187
2419894807
2425292963
2426548812
2428301775
2432185845
2438896212
2440013347
2443108631
2443788899
2463610530
2468761430
2478734203
2482863108
2483195841
2483275091
2486504673
2487876832
2490102749
249300257
2498996441
2500593084
2504490798
2504715621
2505304957
2505718003
25095
2510003433
2510707756
2513418856
2517363504
2520350423
252364940
252601842
2526616649
2533368887
2535730681
2536273577
2536727477
254891432
2550600558
2551523413
2558800492
256048768
2567570197
2576911350
2579636923
2583729926
2587527043
2592757239
2592907978
2593423942
2594557015
2594562613
2594668238
2596885787
2600726688
2607886094
2612270977
2612734521
261431290
2621529981
2623431421
2633455028
2636568395
2642892025
2643808651
2649043884
2651750603
2659680053
2659850968
2660777087
2666430182
2671304494
2675082770
2677270805
2677661877
2679494361
2682045207
2682848839
2692371947
2693766105
2698951391
2701471604
2711642864
2715632837
2717593412
2723904512
2727896720
273448774
2738683813
2744937049
2749585112
2749965176
2761560859
2762652910
2773349939
2777582117
2780461856
2781245763
2781619134
2783232855
2783241958
2789164794
2790395351
2791279657
279657645
2801024950
2804128848
2805210980
2807218639
2809264856
2809300811
2810163567
2810892495
2817654586
282155398
2822622930
2824440400
2825332780
2830057707
2833284698
2834596630
283622191
2836661668
284726240
2851418812
2858165860
2861686383
2865321005
2867135411
2869421877
2875468705
2879876026
2880314171
2883595028
288637903
2886606125
2891340106
2898787342
290593160
2906020518
2908955846
2909272386
2910278691
2916352224
2918538719
2919817695
2920040786
2920053861
292096285
2928530635
2931876640
2933187768
2933925170
2934226939
2938170016
2940938374
2941769590
2942922733
2944866651
2947846122
2949083077
2949207882
2950169452
2950692766
295682011
2958258100
2960501830
2961682756
2964006352
2964064196
2965282012
2966794980
2972308996
2972413349
297403244
2981062160
2982510011
2982655303
2985214092
2986133083
2987954375
2989459901
2990939613
2993168825
2997747982
2997860244
2999056751
3005003958
3006117084
3007756344
3007865384
3009758561
3010236422
3015245249
301590984
3016579363
3023941372
3029282295
3036657169
303680813
3040110999
30414986
3046697519
3051011600
3052830101
3054438122
3054918919
3055715427
3059065422
3068278303
307016255
3074185738
307995224
3080459642
3083777848
3087012690
3093443506
3093806214
3096534675
3096575646
3100707784
310224874
3105254016
3106071156
3107357327
3107939422
3111933843
3115143756
3120770128
3123207672
3125800254
3125864425
3125995870
3126276725
3131397168
3131779539
3138437672
314031643
3140867246
314517432
3145385621
3146295507
3149022898
3149604800
3150075105
3154768950
316090167
3161977554
3164601289
3165756633
3166933960
3169936462
3172842430
3183943682
3186705954
3187410315
3194752344
3196354277
3198317654
320731736
3208278802
3212049413
3212868614
3213598713
3214170550
3220860546
3223147219
3225685399
3228489309
3240657341
3241370279
3245646902
3247478743
3247645181
3256175560
3256309819
3256449693
3260941138
3260943075
3261297557
3262987996
326510773
3268737251
3273328306
328504627
3285923321
3287792691
3292881775
3293238441
3322279579
3326035374
3330268545
3333074346
3336528432
3338490157
3341296348
3343815792
3348409361
3350618409
3351333939
3353158183
3353196024
3356704839
3358397843
3362038357
3364797743
336814902
337076196
3376052580
3376800133
3377727982
3385633062
3386137834
3388922214
3389853900
3390628100
3395265939
3404349529
3410189060
3415279988
3419741281
3420554741
3424137750
3426771072
3432740057
3441632760
3443255188
3445613817
3446213824
3450061517
3453231255
3459340116
3461237784
3462793106
3464024911
3469884753
3470930252
3474871585
3478267664
3480569660
3483948362
3484865726
349279335
3492830943
3494309677
3495998086
3499525488
3501912179
3510197671
3513776121
3514243659
3524004916
3528266656
3529767519
3531781846
3532484409
3532697917
3534580265
3534840516
3536012533
3551015597
3552918672
3565044892
3574232687
3574491544
3579105792
3580564366
3582120867
3584561423
3588251091
3588974766
3597111369
3598202131
3598358996
3598554401
3600932545
3603991590
3604553104
360503376
3608129976
362773993
3628232578
3630258012
3634326781
3636086524
3638499025
3639049008
3640818432
3641693216
364194521
3643430097
3644483123
364624580
3647510512
3647743865
3652892365
3654001119
365716621
3658261985
3660598790
3660908441
3666330954
3677526280
367964557
3681604927
3682401309
3684276052
3685934765
3687355016
3693319140
3695795719
3697802896
3699158207
3706461212
3709114164
3711265447
3711643341
3715122025
3715845625
3716110378
3718460738
3722366027
3722424740
3722493839
3722608196
3724098303
3730122142
3731597946
3733087010
3733746382
3737097737
3737205580
3737475864
3741151954
3742113442
3742770105
3744058505
3744310514
3750082348
375496837
3764770114
3764807065
3766198670
3767864761
3768713080
3773258500
3775897245
3777665477
3792603792
379451991
3795060322
3796225514
3798696496
3802589276
3805637820
381129609
3811597755
3812834280
3814782469
3815036218
3815882548
3819257646
3824063906
3826653054
3829051646
3831932357
3834656317
3836395653
3844202280
3845075415
3846694758
3851727529
3852512204
385937361
3859847963
3862238879
386757987
3871588601
387483834
3876626967
3877219334
388236923
3884495623
3886642159
3889980839
38915398
3894356266
3895610295
3896100039
3899878728
3901218603
3902799261
3907205586
3907340799
3908009422
3912406983
3912660576
3913150782
3913291410
3915961242
3920812835
3928754140
3935731623
3940632213
3943943244
3948333011
394940822
3950797551
3962347124
396654346
3968870191
397233182
3978052922
3978126056
3990115458
3994046119
3994604254
3994788170
4008260050
4008333872
4009470725
4011888747
4014222380
4021112168
4022784386
4023467488
4024008472
4028875163
4031221766
4034633016
4043080763
4044139574
4044450881
4048726332
4050369442
4051807043
4053762458
4054344881
4059488714
406195935
4066974392
4067871273
4068140119
4070636620
4070945362
4078172841
4078234241
4089142031
409096966
4094114962
4097439777
4101822585
410262687
4103778053
4106624771
4107902611
4111790148
4112000162
4112176143
4117373635
4123997533
4125640559
4133591407
413364355
4135608056
4138703803
41390077
4140759032
4140895272
414924876
4151364134
4152175847
4158623062
416117123
4177060007
4177918228
4181644250
4183416778
4199606407
4206548116
4215837994
4218447734
4220331345
4220562602
4227371283
4228135327
4235336305
4238383295
4239038887
4243724728
4247626638
4248053819
4257878715
425822837
4262361283
4264437507
4268227279
4274924609
4278771143
4287251973
4294339410
430311240
435605003
43611920
436549000
43905748
44103131
443483098
446406731
446890301
452016545
452322279
465941968
468389389
468646303
484014454
484453443
488906598
489740295
489979018
49102969
491509204
499270921
499668111
500982070
504254205
504844542
506798513
50796817
509844676
513497214
514314533
516466519
527798229
529233793
530425238
530534247
540429136
542645581
543604759
545962597
546003351
548223151
551578803
552951931
559173764
56158211
569916329
573337703
580477934
580509476
586659760
587014843
590232283
590994608
591656488
59217919
592950560
596862045
600935342
606637673
608878251
609067357
623718704
631016591
632285727
639712737
643379163
648375619
661158441
663273789
664850565
666593025
666708721
667168384
6717560
675047218
676577538
677885162
694923084
700440549
702246904
703344725
70517834
707982070
712416093
719892179
720128482
722077412
729019990
73529194
736971468
737165942
740795964
741904830
742253804
744381854
74881597
754656188
756631608
763456317
763939143
766055500
775787152
78178984
787557168
795155528
795973947
796817171
799682014
799907622
801327664
807840685
818572359
82371295
823772460
824333960
830636711
832047601
839799256
842507306
843413283
857133152
860209728
860314931
861970999
865089569
869698010
870123035
885162561
887826992
899254126
900005423
903461879
905078016
9056337
921588563
923555499
928387976
929114603
930196712
930392465
932751999
93456895
937095278
9375734
947725939
947892671
947922874
949374509
952413211
953136323
953719033
955105146
964894846
965157023
967348362
974979081
98604953
990513762
999101320
