0
1
10
1003095214
1005453371
1015087283
1026163167
1030488543
103090046
1037828815
1042874427
1047135406
1048250238
1055851095
1061667850
1066305623
1069154423
1072760702
1073676887
1073676947
1073678745
1076232911
10789
1081213827
1083179487
1087963435
109117919
1099956703
1105461727
1113195155
1114046943
1121191086
112853291
1136787935
1138962564
1138974299
1138974400
1138975326
1138993618
1139055166
1139057891
1139062374
1139064741
1139162905
1139249949
1139253661
1139256939
1139389222
1139399588
1139405312
1139435303
1139456662
1139523807
1139541719
1139682007
1139704361
1155259577
1155308101
1155355205
1155549003
1155920770
1156095953
1156246006
1156299671
1157728093
1157794926
1157824162
1157856976
1158003132
1158003546
1158007190
1158028957
1158032703
1158065060
1158065110
1158102212
1158103398
1158179646
1161888343
1161888583
1161890141
117440991
1175782574
1180895102
1182990815
1187248386
1190003407
1193542531
1199318662
1200882383
1201733632
1204966474
1219494727
1221984495
1249379083
125108283
125108703
1253769815
1259601979
1265041767
1269170775
1276182587
1278542303
1281163443
1282539999
1291256527
1292435935
1294403454
1296630239
1300558007
1301217459
130624037
1309475295
1316946819
1318
1319109327
1321402847
1327217007
1333789151
1343488359
1372062655
1377240958
1379140303
1382810079
1383006687
1385627947
1390018619
1396310495
1406051765
1416993529
1419576015
1429144031
1430652798
1431634399
14371
1438122463
1442514814
1445200351
1449460191
1454309855
1478099543
1482473818
1485570527
1491075311
151519351
1517027807
1523122595
1541276187
156174206
1562248546
156967261
1576731583
1577648607
1581122015
1587675195
1592852959
1597702203
1599472095
1609761247
1610547919
1613301630
1613545026
1614186997
161481183
1623505452
1625173008
1627587818
1644429791
1645019435
1652162919
1652884654
166003167
166726580
16777217
16777985
168986311
1690828800
1699348539
1699348839
1707476862
1725891039
1727857119
1730937071
1731528094
1737556567
1760429950
1764098527
1766719667
1767294677
1771505054
1785790703
178913759
178915917
1789657807
1798570223
1810628608
1815282143
1826357727
1835992238
1842348751
1842938335
1860305075
1861550379
1863320031
1871905247
1875183486
1880490463
1881276595
1884160479
1896417210
1910973650
1912537147
1915421391
1920731006
1923612672
1927545311
1937899759
1941373887
1968505311
1973289139
1973747891
1975124207
1975981029
1977862921
1981680265
1982248506
1985413719
199032524
1991378814
1992819167
1995660594
1996688611
2001966185
2006910126
2014502296
2024689125
2028905540
203752742
2037907515
204576363
2050818107
2050818407
2056847419
2067595383
2071790047
2073363031
2087368340
2104886087
2115698927
2117208713
2123891167
2134181638
2136148317
2137391283
2138637486
213975519
2141194110
2143486431
2146522186
2147570762
2149516163
2150105687
21578
2160263647
216793567
2169177862
2172584355
2188902939
2200307462
2206098089
2222851966
2225143867
2235761119
2251489339
2256801532
2266563758
2269971630
2271478239
2277088634
2289369088
2292254470
2293498035
2308246153
2313031180
2313161233
2314469615
2321613159
23267977
2328035807
2334262566
2335311022
2347958751
2348156078
2353138313
2353660383
2356216647
2356217186
2368798779
2375418455
2385969631
2400190943
2403271135
2403664591
2403664771
2406678528
2412511951
2412838971
2412839031
2412839091
2412839151
2412839271
2412839811
2416315017
2427650527
2438900334
2445608110
2447245791
2447573771
244842975
2451177951
2452490110
2454586542
2455570182
2457687114
2464419340
2480936809
2489319424
2495284159
2505378141
2505441999
2505506816
2506966116
2509308083
2512912863
2519344371
2522022007
2534015095
2545746399
2554790367
2556821983
257
2572681275
2579366127
2583733130
2585658303
2585659322
2586116395
2605743846
2632917370
265289787
265289847
265289907
265289967
265290087
2662072499
2670264499
2679702223
2684223727
2684420575
2699231831
2709061751
271188447
2712666711
2713861868
2716008927
2717516375
274531023
2763195087
2764243123
2771388346
2793013248
2794128259
2798387259
2800224605
2804941279
2809606121
281018847
2814902331
2814902751
2814902991
2826437507
2829582935
2831811279
2831941991
2833515095
2835743439
28442683
2849112783
2855077038
2858688937
2863333855
2863334095
2863334814
2868969951
2872115799
2875113147
2875195871
2879652739
288948403
2892759519
2897390520
2901475927
2901535559
2906719107
2907309230
29098463
2916221827
2926159900
2932475054
2943156403
2943812063
2949944943
2956591583
296419807
297599155
2983657951
298612816
2988048983
2988900471
2996
2997158367
2998185895
3003777263
3005481439
3021996511
3022253865
3031712907
3033661919
3039495162
3041263735
3054176905
3061842399
3062694007
3074031855
3076785326
3079864439
3085828575
3088515551
3091595863
3096183443
3101426143
3108897367
3116368591
3122135219
3125019343
3137995591
313855500
3142713823
3145925087
3147039199
3150840167
3155952215
3156017631
3162636467
3163881531
3170961278
317595062
3177316831
3184460974
3186229547
31916511
3195404887
3205930904
3210870843
3215524319
3215627776
3218145759
3221685422
3223192031
324076838
3249535459
3256134202
3260744279
3265921383
3270574139
3270574559
3270575278
3276345852
3289055291
3296577655
3298263404
3298477028
3298487204
3298767552
3298918330
3299140694
3299195679
3299252191
3301972912
3301999651
3302032536
3302039805
3302280400
3302280525
3302343941
3302348233
3302578462
3302675033
3302681335
3302682352
3302892481
3302896175
3310683130
3317039583
3317040302
3318349943
3326214623
3329126691
3334472159
3343582143
3345220063
3347972575
3349349550
3352495998
3355967967
3360190770
3362653358
3372155359
3384279999
3385526921
3392199384
3395945407
3397845051
3399288702
3400204347
3400205726
3413772038
3430547935
3437036119
3442802927
3446278793
3447457722
3451826206
3457418414
3462529923
3465877353
3473146335
3478456969
3481338335
3487238133
3489005867
3491037543
3491759878
3493448240
3503359870
3505914934
3506066885
3508470359
3513254487
3520528503
3524067807
3529115242
3529901830
3534291543
3559523023
3560636655
3564175839
3564176558
3570073659
3570075398
3578201982
357892575
3581019310
3592946143
359334007
3603825119
3609919547
3610051758
3610467077
361958924
3620552654
3625189855
3640131643
3643736183
364970163
3666149675
366754701
3668705759
3671261663
3678274495
3679520158
3684762079
3684828095
3694133727
3694264799
3694330455
3696493023
3697199586
3699441723
3699441843
3699507319
3701638266
3707765215
3708879567
3709927483
3710583263
3721082431
3742172095
374407767
3746627823
375063007
3751215163
3757200458
3758096863
3758098302
3758172709
3781624527
3786334893
3786652343
3787392894
3799517833
3802268367
3803578847
3814588895
3820901450
3825602060
3832546478
3834511539
3842508550
3842560099
3853911214
3854107822
3857973727
3868967061
3870229079
3871277535
3872163271
3882418655
389088191
3899916467
3915148911
3924558303
3932097161
3937075679
3940519029
3945789527
3953066043
3953943350
3955032543
3959096734
3960341439
3963814607
3964338295
3968073967
3979253261
3980984799
3983411070
3984261599
3984827159
3985770845
4004643295
4005298655
4026062280
4028825779
4032626867
4038265481
4039180527
4044030431
4044032049
4047053937
4049338847
4050059743
4054843571
4067074381
4067699237
407044575
4085973051
4088662665
4090036403
4090303940
4102030031
4102095807
410583219
4116054495
4122137482
4123512340
4124378886
413007931
41354055
4135584463
4146333566
4149141493
4153147871
4158914799
4165534175
4184932411
41878283
4208526271
422904287
4234805847
4246405239
4250337759
428540383
4286907327
4294071370
429588539
429720031
430375871
431161463
433324931
435869886
44238358
451477983
451997005
456788497
461963323
472201931
477365422
479
481493891
482017999
490668511
495976927
496717012
500630463
505086011
505545183
510525619
51705
526211549
530612126
535909450
536805855
536805975
536806035
536806275
536806814
536807893
536871391
536872830
540410695
546112926
546767327
54984823
556204631
558301363
564593239
566129968
566321479
56766423
573047503
574881971
575996503
578355679
580976699
582812607
59
591659607
616497451
622177591
635766654
637337659
637338798
637931503
639980618
665243854
665977311
672203711
672205449
674645227
675020919
687801159
692256827
714932703
715784671
715784971
715785151
715785510
715785630
734331839
739895758
742064607
747896891
749142735
749863811
752812091
753860787
757007055
769
776995295
781517279
786694623
795804127
804717023
816736634
819398526
822214838
838140383
838926815
843580590
844380222
852099791
854721171
856424927
856490043
86507999
866321582
866517471
873137027
876740727
883425759
883425999
883426059
890635438
894763607
894763847
894764926
894765405
897515999
898630111
906559847
911690047
931267159
931267399
931267519
936247775
95029897
955384707
965613999
968097851
972554719
97781510
979961845
993136551
99745851
