1018476381
1132439070
1139617032
1149311793
1155833333
115838218
1162576666
1166035589
1188311759
1231194193
1246135671
1271180156
1273425652
1291832207
1309358317
1326271693
1340178253
1412952378
1433013508
1466106026
1494214643
1545071999
1545526966
1576743043
1602839806
1641373414
1676411280
1707611278
1709802747
1719752592
1738276911
1738537533
1742903282
1804873783
1812743031
1831353897
1874718149
1885687546
1908406264
1913084377
1939983711
1984741699
2027197853
2078626011
2100315576
2105585057
2109273566
2134412290
2143852695
219048270
2198111755
2224485835
2225631035
2258384879
2352819232
2359830442
2382750267
251382339
2526029160
2574155126
2578410295
2607685698
2641238941
2653497541
269399314
2707528444
2730796780
2731540935
2733409260
2772159576
2789592642
2793384858
2808363208
2868248014
2872243115
289737322
2990718506
3005675160
3008885284
3020392433
302461683
3042621005
3058549821
3078485296
3096147546
3135257240
3148535033
3157438596
3170201006
3226580506
3227206748
326940661
3273513197
3290859908
3330911572
3365966028
338933077
3391349826
3392246870
3410592184
3427548492
3458681427
3483909509
3493517966
3508274571
3532624937
3566545633
3582380667
3586582741
3657549763
3691244289
3719840794
3737653892
3795437063
379646074
3799857661
3945721917
394742721
3968103009
3968737308
3997062297
4019495074
4045510670
4083842433
4092258768
4116176124
4135700934
4141594569
4198692073
4250867512
4254402631
4282846558
446227832
470708897
494907738
526175389
531699239
563311000
587783231
591895246
597874241
607284281
612056559
623935725
630574274
661260383
671647987
684876180
707482848
724812681
737344661
752552850
778462908
855812700
874895298
884168080
902527310
936443671
941465341
993509930
