103048196792686
103640913342753
10675925429215
110805120921216
111720111264513
113951523096408
124366481997793
126347098987371
129771935043792
132611710221601
146493439059101
150894397349921
151137134288410
153342790854504
158148720560065
158179813961328
163319995752085
164624146522935
166746599861958
170440338055723
17531817053936
1794493374835
180532804858871
181599069562688
202649084340849
20701441874774
209320874802615
213272328493776
213276114501413
215650750207477
215737855513261
217220116233598
224421829394410
225440127964317
228449204664374
229345057650984
234808710566856
239374019459913
240692460227631
242414638323560
252998207108134
256512887828178
261372160699971
265924227610875
268330063867107
268382080047134
29446399603949
46218105583012
46290372392177
46412475965940
50388591313271
52419706539772
5257423673494
55016242832158
61234135480845
6416336041145
77548872123800
78175524375189
83116607428949
83151373305009
87106255579717
8796853316083
89240773554083
91947216230773
97259421750837
98417262594130
